Bolide Detection Notification: 2017-049

At 19:48:29 UT on 18 Feb 2017, sensors aboard U. S. Government satellites recorded
the flash signature of a large meteoroid entry into the atmosphere. Location of the
flash was Lat 6.2 °N, Lon 60.4 °E.

Based upon the visible-light intensity-time signature, peak brightness of the flash
was determined to be approximately 6.40e+10 watts/steradian, and total radiated flash
energy 3.17e+11 joules (6000K blackbody model).

Intensity-time signature of the event and integrated intensity are depicted on the
plots below.

Columns: time, intensity (w/sr)
Intensity=[(-0.999,  3.31e+08),
           (-0.996,  7.79e+08),
           (-0.992,  4.15e+08),
           (-0.989, -1.05e+09),
           (-0.986, -1.61e+09),
           (-0.979, -3.32e+08),
           (-0.972, -1.06e+08),
           (-0.969,  6.21e+08),
           (-0.965, -5.24e+08),
           (-0.962,  1.94e+08),
           (-0.958, -3.67e+08),
           (-0.955, -3.97e+08),
           (-0.952, -2.17e+08),
           (-0.948, -6.39e+08),
           (-0.945,  1.13e+09),
           (-0.942, -3.52e+08),
           (-0.938,  4.76e+08),
           (-0.931, -1.20e+07),
           (-0.928,  2.83e+08),
           (-0.925, -1.49e+08),
           (-0.921,  2.70e+08),
           (-0.918,  1.05e+09),
           (-0.915, -5.95e+08),
           (-0.911,  2.43e+08),
           (-0.908,  1.44e+09),
           (-0.904,  2.54e+08),
           (-0.901,  2.18e+08),
           (-0.898, -1.72e+09),
           (-0.894,  1.87e+08),
           (-0.891,  7.88e+08),
           (-0.888,  7.10e+08),
           (-0.884, -8.94e+08),
           (-0.881,  5.56e+08),
           (-0.877,  7.56e+08),
           (-0.874, -6.41e+08),
           (-0.871, -7.16e+07),
           (-0.867, -8.13e+07),
           (-0.864,  9.40e+08),
           (-0.861,  6.90e+08),
           (-0.857,  4.36e+07),
           (-0.854, -2.70e+08),
           (-0.851, -1.24e+09),
           (-0.847,  1.19e+08),
           (-0.844, -5.01e+08),
           (-0.840,  3.76e+08),
           (-0.837,  2.49e+08),
           (-0.834,  1.10e+09),
           (-0.827, -2.13e+08),
           (-0.823,  5.44e+08),
           (-0.820, -2.75e+08),
           (-0.817, -3.34e+08),
           (-0.813, -3.02e+08),
           (-0.810,  6.19e+08),
           (-0.807, -2.07e+08),
           (-0.803,  2.59e+08),
           (-0.800,  2.38e+08),
           (-0.796, -1.01e+08),
           (-0.793,  6.76e+08),
           (-0.790, -1.84e+08),
           (-0.786, -4.35e+08),
           (-0.783,  1.42e+08),
           (-0.776,  4.36e+08),
           (-0.773,  1.41e+09),
           (-0.769, -9.83e+08),
           (-0.766, -7.61e+08),
           (-0.763,  5.99e+08),
           (-0.759, -1.86e+08),
           (-0.756,  7.58e+08),
           (-0.753, -2.96e+08),
           (-0.749, -7.21e+05),
           (-0.746,  1.07e+08),
           (-0.742,  6.16e+08),
           (-0.739,  7.47e+08),
           (-0.736,  7.23e+08),
           (-0.732,  1.66e+08),
           (-0.729, -9.20e+08),
           (-0.726,  9.59e+07),
           (-0.722,  6.14e+08),
           (-0.719,  9.46e+07),
           (-0.716,  9.35e+07),
           (-0.712,  7.42e+08),
           (-0.705, -1.01e+09),
           (-0.699,  1.32e+09),
           (-0.695, -3.84e+08),
           (-0.692,  8.00e+08),
           (-0.689,  3.85e+08),
           (-0.685,  1.78e+08),
           (-0.682, -9.07e+08),
           (-0.678,  5.73e+08),
           (-0.675,  3.52e+08),
           (-0.672,  4.73e+08),
           (-0.668,  3.20e+08),
           (-0.665, -3.11e+08),
           (-0.661,  9.91e+08),
           (-0.658,  6.84e+07),
           (-0.655, -3.50e+08),
           (-0.651,  4.47e+08),
           (-0.648,  6.61e+07),
           (-0.645, -5.41e+08),
           (-0.638,  9.79e+08),
           (-0.634, -5.35e+08),
           (-0.631, -3.19e+08),
           (-0.628,  1.42e+09),
           (-0.624,  7.50e+08),
           (-0.621, -1.03e+09),
           (-0.618,  1.60e+07),
           (-0.614, -2.42e+08),
           (-0.611,  1.33e+09),
           (-0.607, -1.21e+09),
           (-0.604,  1.44e+08),
           (-0.601, -1.95e+08),
           (-0.597, -1.14e+09),
           (-0.594,  3.20e+08),
           (-0.591,  3.45e+08),
           (-0.587, -2.07e+08),
           (-0.584,  7.51e+08),
           (-0.580,  2.64e+08),
           (-0.577, -6.85e+08),
           (-0.574,  8.19e+08),
           (-0.570,  1.61e+07),
           (-0.567,  7.23e+08),
           (-0.564, -1.45e+08),
           (-0.557, -6.49e+08),
           (-0.553, -6.31e+08),
           (-0.550, -1.45e+09),
           (-0.547,  7.81e+08),
           (-0.543, -6.09e+08),
           (-0.537, -8.89e+06),
           (-0.533, -1.68e+09),
           (-0.530,  9.80e+08),
           (-0.526, -2.97e+08),
           (-0.523, -3.02e+08),
           (-0.520, -1.38e+09),
           (-0.516,  1.07e+09),
           (-0.513, -7.02e+08),
           (-0.510, -1.23e+09),
           (-0.506,  1.36e+09),
           (-0.503, -8.43e+08),
           (-0.500,  5.60e+08),
           (-0.496,  4.41e+08),
           (-0.493, -3.91e+08),
           (-0.489, -1.95e+08),
           (-0.486,  2.78e+08),
           (-0.483, -3.32e+08),
           (-0.479, -4.41e+08),
           (-0.476, -1.65e+08),
           (-0.473, -8.96e+08),
           (-0.469, -1.81e+08),
           (-0.466,  1.04e+08),
           (-0.462, -9.29e+08),
           (-0.459, -5.74e+08),
           (-0.456, -7.21e+08),
           (-0.452, -9.51e+08),
           (-0.449,  1.24e+09),
           (-0.445,  6.93e+08),
           (-0.442, -5.08e+08),
           (-0.439, -3.44e+08),
           (-0.435, -5.38e+07),
           (-0.432,  1.06e+09),
           (-0.429, -1.52e+09),
           (-0.425, -4.63e+08),
           (-0.418, -6.61e+08),
           (-0.415,  1.12e+08),
           (-0.412,  5.52e+08),
           (-0.408, -1.63e+09),
           (-0.405,  1.11e+09),
           (-0.398, -8.07e+08),
           (-0.395, -8.72e+07),
           (-0.391, -9.16e+07),
           (-0.388, -3.28e+08),
           (-0.385,  5.62e+08),
           (-0.381,  2.38e+08),
           (-0.378, -9.96e+08),
           (-0.375,  1.93e+08),
           (-0.368, -4.54e+08),
           (-0.365,  1.12e+09),
           (-0.358, -1.14e+08),
           (-0.354,  4.47e+08),
           (-0.348, -3.00e+08),
           (-0.344, -7.61e+08),
           (-0.334, -4.36e+08),
           (-0.331,  3.42e+08),
           (-0.327, -1.88e+08),
           (-0.324,  3.10e+08),
           (-0.321, -1.60e+08),
           (-0.317, -1.58e+08),
           (-0.314, -1.00e+08),
           (-0.310, -8.38e+08),
           (-0.307, -4.49e+08),
           (-0.304, -3.36e+08),
           (-0.300, -3.55e+08),
           (-0.297,  2.94e+08),
           (-0.294,  1.13e+08),
           (-0.290, -8.01e+08),
           (-0.284, -3.35e+08),
           (-0.280,  1.09e+09),
           (-0.277,  3.05e+08),
           (-0.273, -9.74e+08),
           (-0.270, -7.80e+07),
           (-0.267, -4.31e+08),
           (-0.263,  9.32e+08),
           (-0.260,  1.54e+08),
           (-0.256,  5.51e+08),
           (-0.253,  5.73e+07),
           (-0.250,  4.37e+08),
           (-0.246,  1.19e+09),
           (-0.243, -5.35e+07),
           (-0.240,  8.21e+08),
           (-0.236,  3.59e+07),
           (-0.233, -1.23e+08),
           (-0.230,  3.35e+08),
           (-0.226, -1.10e+08),
           (-0.223, -2.35e+08),
           (-0.219, -1.09e+09),
           (-0.216,  2.12e+08),
           (-0.213,  5.16e+08),
           (-0.209,  1.07e+07),
           (-0.206, -5.32e+06),
           (-0.202, -6.17e+08),
           (-0.199,  3.49e+08),
           (-0.196, -6.44e+08),
           (-0.192,  1.13e+09),
           (-0.186, -6.24e+08),
           (-0.179,  6.74e+08),
           (-0.172, -1.73e+07),
           (-0.169,  3.30e+08),
           (-0.165,  5.20e+08),
           (-0.162, -9.27e+08),
           (-0.159,  1.33e+09),
           (-0.155,  1.61e+09),
           (-0.152, -1.50e+08),
           (-0.148,  2.57e+08),
           (-0.145,  1.96e+08),
           (-0.142,  9.41e+08),
           (-0.138,  7.53e+07),
           (-0.135, -4.26e+08),
           (-0.132,  2.13e+08),
           (-0.128, -7.23e+07),
           (-0.125,  2.82e+08),
           (-0.121,  3.36e+08),
           (-0.118,  9.49e+08),
           (-0.115, -4.32e+08),
           (-0.111, -3.80e+08),
           (-0.108,  5.67e+08),
           (-0.105, -1.62e+08),
           (-0.101,  8.01e+07),
           (-0.098,  8.43e+08),
           (-0.091,  2.40e+08),
           (-0.088,  7.26e+08),
           (-0.084, -1.90e+08),
           (-0.081,  3.00e+08),
           (-0.074,  8.99e+08),
           (-0.071,  4.69e+08),
           (-0.067,  1.12e+09),
           (-0.061,  2.10e+08),
           (-0.057,  1.33e+09),
           (-0.054, -1.44e+07),
           (-0.051, -2.57e+08),
           (-0.047,  1.15e+09),
           (-0.041,  1.97e+09),
           (-0.037,  2.54e+09),
           (-0.034,  2.11e+09),
           (-0.030,  1.35e+09),
           (-0.027,  1.06e+09),
           (-0.020,  2.05e+08),
           (-0.017,  2.16e+09),
           (-0.014,  2.03e+09),
           (-0.010,  1.25e+09),
           (-0.007,  2.88e+09),
           (-0.003,  2.76e+09),
           ( 0.000,  3.20e+09),
           ( 0.003,  3.86e+09),
           ( 0.007,  3.54e+09),
           ( 0.014,  2.51e+09),
           ( 0.020,  4.41e+09),
           ( 0.024,  4.73e+09),
           ( 0.027,  4.23e+09),
           ( 0.030,  5.55e+09),
           ( 0.034,  5.45e+09),
           ( 0.037,  5.77e+09),
           ( 0.041,  5.11e+09),
           ( 0.044,  6.07e+09),
           ( 0.047,  6.36e+09),
           ( 0.051,  6.80e+09),
           ( 0.054,  5.76e+09),
           ( 0.057,  8.52e+09),
           ( 0.061,  8.02e+09),
           ( 0.064,  8.26e+09),
           ( 0.071,  1.09e+10),
           ( 0.074,  1.13e+10),
           ( 0.078,  1.05e+10),
           ( 0.081,  1.03e+10),
           ( 0.084,  1.03e+10),
           ( 0.088,  9.74e+09),
           ( 0.091,  8.92e+09),
           ( 0.095,  8.84e+09),
           ( 0.098,  1.13e+10),
           ( 0.101,  1.17e+10),
           ( 0.105,  1.25e+10),
           ( 0.108,  1.17e+10),
           ( 0.111,  1.17e+10),
           ( 0.115,  1.29e+10),
           ( 0.118,  1.27e+10),
           ( 0.122,  1.39e+10),
           ( 0.132,  1.90e+10),
           ( 0.135,  1.89e+10),
           ( 0.138,  1.96e+10),
           ( 0.142,  2.10e+10),
           ( 0.145,  2.08e+10),
           ( 0.149,  2.03e+10),
           ( 0.152,  2.04e+10),
           ( 0.155,  1.89e+10),
           ( 0.159,  1.91e+10),
           ( 0.162,  1.82e+10),
           ( 0.165,  1.80e+10),
           ( 0.169,  1.87e+10),
           ( 0.172,  1.76e+10),
           ( 0.175,  1.71e+10),
           ( 0.179,  1.73e+10),
           ( 0.186,  1.94e+10),
           ( 0.189,  1.81e+10),
           ( 0.192,  1.85e+10),
           ( 0.196,  1.85e+10),
           ( 0.199,  1.66e+10),
           ( 0.203,  1.83e+10),
           ( 0.206,  1.82e+10),
           ( 0.209,  1.87e+10),
           ( 0.213,  2.01e+10),
           ( 0.216,  2.02e+10),
           ( 0.219,  1.94e+10),
           ( 0.223,  1.94e+10),
           ( 0.226,  1.94e+10),
           ( 0.230,  1.85e+10),
           ( 0.233,  1.69e+10),
           ( 0.236,  1.63e+10),
           ( 0.240,  1.75e+10),
           ( 0.243,  1.52e+10),
           ( 0.253,  1.43e+10),
           ( 0.257,  1.49e+10),
           ( 0.260,  1.46e+10),
           ( 0.263,  1.58e+10),
           ( 0.267,  1.37e+10),
           ( 0.273,  1.59e+10),
           ( 0.280,  2.14e+10),
           ( 0.284,  2.15e+10),
           ( 0.287,  2.17e+10),
           ( 0.290,  2.03e+10),
           ( 0.294,  2.04e+10),
           ( 0.297,  2.13e+10),
           ( 0.300,  2.12e+10),
           ( 0.304,  2.19e+10),
           ( 0.311,  1.99e+10),
           ( 0.314,  2.00e+10),
           ( 0.317,  1.99e+10),
           ( 0.321,  1.97e+10),
           ( 0.324,  1.99e+10),
           ( 0.327,  1.95e+10),
           ( 0.338,  2.78e+10),
           ( 0.341,  2.74e+10),
           ( 0.344,  2.45e+10),
           ( 0.348,  2.54e+10),
           ( 0.351,  2.72e+10),
           ( 0.354,  2.54e+10),
           ( 0.358,  2.62e+10),
           ( 0.361,  2.59e+10),
           ( 0.368,  2.68e+10),
           ( 0.371,  2.67e+10),
           ( 0.375,  3.01e+10),
           ( 0.381,  3.27e+10),
           ( 0.385,  3.21e+10),
           ( 0.388,  2.78e+10),
           ( 0.398,  2.21e+10),
           ( 0.402,  2.09e+10),
           ( 0.405,  2.09e+10),
           ( 0.408,  2.07e+10),
           ( 0.412,  2.08e+10),
           ( 0.415,  2.13e+10),
           ( 0.418,  2.10e+10),
           ( 0.422,  2.12e+10),
           ( 0.425,  2.17e+10),
           ( 0.429,  2.15e+10),
           ( 0.432,  2.15e+10),
           ( 0.435,  2.33e+10),
           ( 0.442,  3.07e+10),
           ( 0.446,  3.09e+10),
           ( 0.449,  2.95e+10),
           ( 0.456,  3.31e+10),
           ( 0.459,  3.29e+10),
           ( 0.462,  3.16e+10),
           ( 0.469,  3.04e+10),
           ( 0.473,  3.07e+10),
           ( 0.479,  3.51e+10),
           ( 0.483,  3.16e+10),
           ( 0.486,  3.13e+10),
           ( 0.489,  3.36e+10),
           ( 0.493,  3.47e+10),
           ( 0.496,  3.62e+10),
           ( 0.500,  3.45e+10),
           ( 0.503,  3.41e+10),
           ( 0.506,  3.12e+10),
           ( 0.510,  3.19e+10),
           ( 0.516,  3.80e+10),
           ( 0.520,  3.62e+10),
           ( 0.523,  3.36e+10),
           ( 0.527,  3.26e+10),
           ( 0.530,  2.93e+10),
           ( 0.533,  2.94e+10),
           ( 0.537,  2.97e+10),
           ( 0.543,  2.59e+10),
           ( 0.547,  2.49e+10),
           ( 0.550,  2.45e+10),
           ( 0.554,  2.23e+10),
           ( 0.557,  2.30e+10),
           ( 0.560,  2.29e+10),
           ( 0.564,  2.18e+10),
           ( 0.567,  2.26e+10),
           ( 0.570,  2.28e+10),
           ( 0.574,  2.18e+10),
           ( 0.577,  2.20e+10),
           ( 0.581,  1.90e+10),
           ( 0.587,  2.10e+10),
           ( 0.591,  2.10e+10),
           ( 0.594,  1.98e+10),
           ( 0.597,  2.03e+10),
           ( 0.601,  1.86e+10),
           ( 0.604,  1.96e+10),
           ( 0.607,  1.94e+10),
           ( 0.611,  1.75e+10),
           ( 0.614,  1.73e+10),
           ( 0.618,  2.01e+10),
           ( 0.621,  2.13e+10),
           ( 0.624,  2.14e+10),
           ( 0.631,  1.72e+10),
           ( 0.635,  1.76e+10),
           ( 0.638,  1.63e+10),
           ( 0.641,  1.70e+10),
           ( 0.645,  1.73e+10),
           ( 0.648,  1.83e+10),
           ( 0.651,  1.74e+10),
           ( 0.655,  1.70e+10),
           ( 0.658,  2.38e+10),
           ( 0.662,  2.75e+10),
           ( 0.668,  2.29e+10),
           ( 0.672,  2.48e+10),
           ( 0.675,  2.30e+10),
           ( 0.682,  2.83e+10),
           ( 0.685,  2.53e+10),
           ( 0.689,  2.47e+10),
           ( 0.695,  2.22e+10),
           ( 0.699,  2.03e+10),
           ( 0.702,  1.95e+10),
           ( 0.705,  2.05e+10),
           ( 0.709,  2.07e+10),
           ( 0.712,  2.12e+10),
           ( 0.716,  2.01e+10),
           ( 0.719,  2.30e+10),
           ( 0.726,  4.17e+10),
           ( 0.729,  5.17e+10),
           ( 0.732,  4.92e+10),
           ( 0.739,  3.43e+10),
           ( 0.753,  2.09e+10),
           ( 0.759,  1.80e+10),
           ( 0.763,  1.87e+10),
           ( 0.766,  1.81e+10),
           ( 0.770,  1.87e+10),
           ( 0.773,  2.02e+10),
           ( 0.780,  3.54e+10),
           ( 0.783,  3.56e+10),
           ( 0.786,  2.83e+10),
           ( 0.793,  2.16e+10),
           ( 0.796,  2.01e+10),
           ( 0.800,  2.34e+10),
           ( 0.803,  2.48e+10),
           ( 0.807,  2.87e+10),
           ( 0.813,  3.90e+10),
           ( 0.820,  6.40e+10),
           ( 0.827,  4.37e+10),
           ( 0.830,  3.07e+10),
           ( 0.834,  2.70e+10),
           ( 0.837,  2.67e+10),
           ( 0.844,  2.40e+10),
           ( 0.847,  2.26e+10),
           ( 0.854,  1.79e+10),
           ( 0.857,  1.75e+10),
           ( 0.861,  1.94e+10),
           ( 0.864,  1.97e+10),
           ( 0.867,  1.88e+10),
           ( 0.871,  1.85e+10),
           ( 0.874,  1.98e+10),
           ( 0.877,  1.89e+10),
           ( 0.881,  1.75e+10),
           ( 0.884,  1.73e+10),
           ( 0.888,  1.68e+10),
           ( 0.891,  1.74e+10),
           ( 0.894,  1.45e+10),
           ( 0.901,  1.57e+10),
           ( 0.905,  1.50e+10),
           ( 0.908,  1.55e+10),
           ( 0.911,  1.43e+10),
           ( 0.915,  1.47e+10),
           ( 0.918,  1.33e+10),
           ( 0.921,  1.38e+10),
           ( 0.925,  1.21e+10),
           ( 0.928,  1.21e+10),
           ( 0.931,  1.28e+10),
           ( 0.935,  1.18e+10),
           ( 0.938,  1.16e+10),
           ( 0.942,  1.19e+10),
           ( 0.945,  1.11e+10),
           ( 0.952,  1.25e+10),
           ( 0.962,  9.62e+09),
           ( 0.965,  9.60e+09),
           ( 0.969,  1.10e+10),
           ( 0.972,  1.09e+10),
           ( 0.975,  9.57e+09),
           ( 0.979,  9.31e+09),
           ( 0.982,  1.04e+10),
           ( 0.986,  9.99e+09),
           ( 0.989,  1.05e+10),
           ( 0.996,  9.22e+09),
           ( 0.999,  9.17e+09),
           ( 1.002,  9.30e+09),
           ( 1.006,  7.43e+09),
           ( 1.009,  9.21e+09),
           ( 1.013,  8.77e+09),
           ( 1.016,  7.08e+09),
           ( 1.019,  9.56e+09),
           ( 1.023,  7.79e+09),
           ( 1.026,  7.65e+09),
           ( 1.029,  7.05e+09),
           ( 1.033,  8.22e+09),
           ( 1.036,  7.38e+09),
           ( 1.040,  8.15e+09),
           ( 1.043,  8.15e+09),
           ( 1.050,  5.68e+09),
           ( 1.053,  5.94e+09),
           ( 1.056,  7.70e+09),
           ( 1.060,  6.41e+09),
           ( 1.063,  6.87e+09),
           ( 1.067,  5.53e+09),
           ( 1.070,  7.12e+09),
           ( 1.073,  7.17e+09),
           ( 1.077,  6.78e+09),
           ( 1.080,  6.78e+09),
           ( 1.083,  6.46e+09),
           ( 1.087,  6.55e+09),
           ( 1.090,  6.08e+09),
           ( 1.094,  5.08e+09),
           ( 1.097,  6.05e+09),
           ( 1.100,  6.12e+09),
           ( 1.104,  5.81e+09),
           ( 1.107,  4.96e+09),
           ( 1.114,  5.63e+09),
           ( 1.117,  5.69e+09),
           ( 1.120,  3.71e+09),
           ( 1.127,  4.95e+09),
           ( 1.131,  3.76e+09),
           ( 1.134,  5.28e+09),
           ( 1.137,  4.77e+09),
           ( 1.141,  5.52e+09),
           ( 1.144,  5.19e+09),
           ( 1.148,  4.22e+09),
           ( 1.151,  4.85e+09),
           ( 1.154,  6.06e+09),
           ( 1.158,  4.03e+09),
           ( 1.161,  4.51e+09),
           ( 1.164,  3.98e+09),
           ( 1.171,  4.47e+09),
           ( 1.175,  4.35e+09),
           ( 1.178,  3.47e+09),
           ( 1.181,  4.59e+09),
           ( 1.185,  4.11e+09),
           ( 1.188,  5.25e+09),
           ( 1.191,  4.37e+09),
           ( 1.195,  4.30e+09),
           ( 1.198,  4.33e+09),
           ( 1.202,  3.54e+09),
           ( 1.205,  3.57e+09),
           ( 1.208,  3.47e+09),
           ( 1.212,  3.78e+09),
           ( 1.215,  4.25e+09),
           ( 1.218,  3.87e+09),
           ( 1.222,  4.73e+09),
           ( 1.225,  4.18e+09),
           ( 1.228,  3.91e+09),
           ( 1.232,  3.83e+09),
           ( 1.235,  5.10e+09),
           ( 1.239,  3.65e+09),
           ( 1.242,  3.57e+09),
           ( 1.245,  5.15e+09),
           ( 1.249,  4.53e+09),
           ( 1.252,  3.40e+09),
           ( 1.256,  4.42e+09),
           ( 1.259,  4.93e+09),
           ( 1.262,  3.75e+09),
           ( 1.266,  3.29e+09),
           ( 1.269,  2.54e+09),
           ( 1.272,  2.75e+09),
           ( 1.276,  3.71e+09),
           ( 1.279,  3.98e+09),
           ( 1.283,  3.94e+09),
           ( 1.286,  4.24e+09),
           ( 1.289,  3.25e+09),
           ( 1.296,  5.01e+09),
           ( 1.299,  4.84e+09),
           ( 1.303,  3.08e+09),
           ( 1.306,  4.47e+09),
           ( 1.309,  3.77e+09),
           ( 1.313,  4.49e+09),
           ( 1.316,  3.71e+09),
           ( 1.320,  4.10e+09),
           ( 1.326,  2.62e+09),
           ( 1.330,  4.35e+09),
           ( 1.337,  3.35e+09),
           ( 1.340,  4.95e+09),
           ( 1.347,  4.26e+09),
           ( 1.350,  3.86e+09),
           ( 1.353,  4.00e+09),
           ( 1.357,  3.26e+09),
           ( 1.360,  3.35e+09),
           ( 1.364,  4.59e+09),
           ( 1.370,  3.99e+09),
           ( 1.374,  3.15e+09),
           ( 1.377,  3.00e+09),
           ( 1.380,  3.76e+09),
           ( 1.384,  3.01e+09),
           ( 1.387,  4.12e+09),
           ( 1.391,  4.29e+09),
           ( 1.394,  3.48e+09),
           ( 1.397,  4.24e+09),
           ( 1.401,  2.53e+09),
           ( 1.404,  3.30e+09),
           ( 1.407,  2.50e+09),
           ( 1.414,  3.71e+09),
           ( 1.417,  3.52e+09),
           ( 1.421,  2.82e+09),
           ( 1.424,  4.45e+09),
           ( 1.428,  3.76e+09),
           ( 1.431,  3.98e+09),
           ( 1.434,  3.50e+09),
           ( 1.441,  4.99e+09),
           ( 1.448,  3.56e+09),
           ( 1.451,  3.38e+09),
           ( 1.455,  3.79e+09),
           ( 1.458,  3.10e+09),
           ( 1.461,  3.81e+09),
           ( 1.465,  2.89e+09),
           ( 1.468,  2.89e+09),
           ( 1.472,  5.27e+09),
           ( 1.475,  3.29e+09),
           ( 1.478,  4.81e+09),
           ( 1.482,  3.38e+09),
           ( 1.485,  3.67e+09),
           ( 1.488,  3.78e+09),
           ( 1.492,  1.95e+09),
           ( 1.495,  4.00e+09),
           ( 1.502,  2.71e+09),
           ( 1.505,  3.68e+09),
           ( 1.509,  3.26e+09),
           ( 1.512,  4.08e+09),
           ( 1.515,  4.10e+09),
           ( 1.522,  1.57e+09),
           ( 1.526,  2.05e+09),
           ( 1.529,  4.06e+09),
           ( 1.532,  3.97e+09),
           ( 1.536,  2.55e+09),
           ( 1.539,  3.14e+09),
           ( 1.542,  3.48e+09),
           ( 1.546,  3.30e+09),
           ( 1.549,  2.90e+09),
           ( 1.553,  3.13e+09),
           ( 1.556,  3.65e+09),
           ( 1.559,  3.87e+09),
           ( 1.563,  2.23e+09),
           ( 1.566,  2.44e+09),
           ( 1.569,  4.15e+09),
           ( 1.573,  3.11e+09),
           ( 1.576,  1.28e+09),
           ( 1.580,  2.18e+09),
           ( 1.583,  2.44e+09),
           ( 1.586,  1.75e+09),
           ( 1.590,  2.62e+09),
           ( 1.593,  2.29e+09),
           ( 1.596,  3.07e+09),
           ( 1.600,  3.04e+09),
           ( 1.603,  2.80e+09),
           ( 1.607,  2.20e+09),
           ( 1.610,  2.34e+09),
           ( 1.613,  2.92e+09),
           ( 1.620,  2.35e+09),
           ( 1.623,  1.74e+09),
           ( 1.627,  2.87e+09),
           ( 1.630,  3.21e+09),
           ( 1.634,  2.81e+09),
           ( 1.640,  2.52e+09),
           ( 1.644,  1.85e+09),
           ( 1.647,  3.18e+09),
           ( 1.650,  3.28e+09),
           ( 1.654,  3.12e+09),
           ( 1.657,  2.06e+09),
           ( 1.664,  3.05e+09),
           ( 1.667,  3.06e+09),
           ( 1.671,  2.79e+09),
           ( 1.674,  3.31e+09),
           ( 1.677,  2.44e+09),
           ( 1.681,  2.50e+09),
           ( 1.684,  3.26e+09),
           ( 1.688,  1.94e+09),
           ( 1.691,  2.40e+09),
           ( 1.694,  2.22e+09),
           ( 1.701,  2.23e+09),
           ( 1.708,  8.59e+08),
           ( 1.711,  1.57e+09),
           ( 1.715,  2.70e+09),
           ( 1.721,  1.40e+09),
           ( 1.728,  2.19e+09),
           ( 1.731,  1.12e+09),
           ( 1.735,  7.26e+08),
           ( 1.742,  1.76e+09),
           ( 1.745,  1.54e+09),
           ( 1.748,  9.96e+08),
           ( 1.752,  2.98e+09),
           ( 1.755,  9.35e+08),
           ( 1.758,  9.76e+08),
           ( 1.762,  9.40e+08),
           ( 1.765,  1.16e+09),
           ( 1.769,  2.43e+09),
           ( 1.772,  2.28e+09),
           ( 1.775,  1.01e+09),
           ( 1.779,  1.73e+09),
           ( 1.782,  1.83e+09),
           ( 1.785,  2.13e+09),
           ( 1.789,  1.86e+09),
           ( 1.792,  2.59e+09),
           ( 1.795,  1.98e+09),
           ( 1.799, -1.38e+07),
           ( 1.812,  2.10e+09),
           ( 1.819, -1.12e+08),
           ( 1.823,  4.68e+08),
           ( 1.826,  2.57e+08),
           ( 1.829,  1.56e+09),
           ( 1.833,  2.30e+09),
           ( 1.836,  5.06e+08),
           ( 1.839,  1.41e+09),
           ( 1.843,  1.79e+09),
           ( 1.846,  1.31e+09),
           ( 1.849,  1.76e+09),
           ( 1.853,  9.28e+08),
           ( 1.856,  1.48e+09),
           ( 1.860,  7.13e+08),
           ( 1.863,  1.37e+09),
           ( 1.866,  1.09e+09),
           ( 1.870,  1.26e+09),
           ( 1.877,  8.80e+08),
           ( 1.880,  1.06e+09),
           ( 1.883,  9.66e+08),
           ( 1.887, -1.19e+08),
           ( 1.890,  1.32e+09),
           ( 1.897,  2.96e+09),
           ( 1.900,  6.28e+08),
           ( 1.904, -1.22e+08),
           ( 1.907,  1.16e+09),
           ( 1.910,  3.61e+08),
           ( 1.914,  5.18e+08),
           ( 1.917,  1.54e+09),
           ( 1.920,  1.09e+09),
           ( 1.924,  1.71e+09),
           ( 1.927,  4.32e+08),
           ( 1.931,  2.26e+08),
           ( 1.934,  2.17e+09),
           ( 1.937,  2.15e+09),
           ( 1.941,  2.02e+09),
           ( 1.944,  2.32e+08),
           ( 1.947,  1.81e+09),
           ( 1.951,  1.53e+09),
           ( 1.954,  1.05e+09),
           ( 1.961,  1.84e+09),
           ( 1.964,  1.97e+08),
           ( 1.971,  1.54e+09),
           ( 1.974,  1.09e+09),
           ( 1.978, -9.74e+08),
           ( 1.981,  1.69e+08),
           ( 1.984, -3.37e+08),
           ( 1.991,  5.60e+08),
           ( 1.995,  7.85e+08),
           ( 1.998, -7.15e+07),
           ( 2.001,  1.05e+09),
           ( 2.008,  1.20e+08),
           ( 2.012,  5.23e+08),
           ( 2.018,  1.86e+09),
           ( 2.022,  8.04e+08),
           ( 2.025,  1.27e+09),
           ( 2.028,  1.16e+09),
           ( 2.032,  1.64e+09),
           ( 2.038,  7.88e+08),
           ( 2.042,  2.03e+09),
           ( 2.045,  1.75e+09),
           ( 2.049,  1.66e+09),
           ( 2.052,  1.87e+09),
           ( 2.055,  3.55e+08),
           ( 2.059,  1.48e+09),
           ( 2.066,  2.12e+09),
           ( 2.069,  6.37e+08),
           ( 2.072,  1.36e+09),
           ( 2.076,  1.28e+09),
           ( 2.079,  1.79e+09),
           ( 2.082,  1.27e+09),
           ( 2.086,  2.15e+09),
           ( 2.089,  1.88e+09),
           ( 2.093, -2.88e+08),
           ( 2.096,  1.67e+09),
           ( 2.099,  2.24e+09),
           ( 2.103,  1.67e+09),
           ( 2.106,  2.93e+07),
           ( 2.109,  2.13e+09),
           ( 2.116,  7.89e+08),
           ( 2.120,  1.60e+09),
           ( 2.123,  7.87e+08),
           ( 2.126,  1.52e+09),
           ( 2.133, -4.50e+07),
           ( 2.136,  2.56e+08),
           ( 2.140,  1.22e+09),
           ( 2.143,  6.56e+08),
           ( 2.147,  3.72e+08),
           ( 2.150,  2.20e+09),
           ( 2.153,  6.92e+08),
           ( 2.157, -6.40e+07),
           ( 2.160,  1.44e+09),
           ( 2.163,  7.75e+08),
           ( 2.167,  6.39e+08),
           ( 2.170,  1.62e+09),
           ( 2.173,  7.31e+08),
           ( 2.177, -9.71e+08),
           ( 2.180, -2.16e+08),
           ( 2.184,  1.54e+09),
           ( 2.187,  7.84e+08),
           ( 2.190,  5.39e+08),
           ( 2.194,  1.25e+09),
           ( 2.197,  1.02e+09),
           ( 2.201,  2.14e+09),
           ( 2.204,  7.52e+08),
           ( 2.207,  4.34e+08),
           ( 2.211,  6.10e+08),
           ( 2.214,  6.92e+08),
           ( 2.217,  4.26e+08),
           ( 2.221,  7.74e+08),
           ( 2.224,  1.56e+09),
           ( 2.231,  4.89e+08),
           ( 2.234,  4.75e+08),
           ( 2.238,  1.17e+09),
           ( 2.241,  1.42e+07),
           ( 2.244,  2.32e+09),
           ( 2.251, -3.61e+08),
           ( 2.255,  1.33e+09),
           ( 2.258,  1.42e+09),
           ( 2.261,  2.40e+09),
           ( 2.265,  7.43e+08),
           ( 2.268,  3.96e+08),
           ( 2.271,  1.14e+09),
           ( 2.275,  1.45e+09),
           ( 2.278,  4.23e+07),
           ( 2.282,  6.35e+08),
           ( 2.285,  2.54e+08),
           ( 2.288,  1.11e+09),
           ( 2.292,  8.31e+08),
           ( 2.295,  1.62e+09),
           ( 2.298,  9.49e+08),
           ( 2.302,  1.87e+09),
           ( 2.305,  3.74e+08),
           ( 2.309,  7.72e+08),
           ( 2.312,  3.16e+08),
           ( 2.319,  1.07e+09),
           ( 2.322, -2.19e+08),
           ( 2.325,  1.44e+09),
           ( 2.329,  5.14e+08),
           ( 2.332,  4.27e+08),
           ( 2.335,  1.27e+09),
           ( 2.339,  1.48e+09),
           ( 2.342, -2.26e+08),
           ( 2.346,  8.49e+08),
           ( 2.349,  2.90e+08),
           ( 2.352,  1.57e+09),
           ( 2.356,  6.52e+08),
           ( 2.359,  6.06e+08),
           ( 2.362,  2.17e+09),
           ( 2.366,  4.50e+07),
           ( 2.369,  1.10e+09),
           ( 2.373,  1.12e+09),
           ( 2.376,  8.20e+08),
           ( 2.379,  9.15e+08),
           ( 2.383,  3.85e+08),
           ( 2.386,  1.41e+08),
           ( 2.393,  1.43e+09),
           ( 2.396,  7.70e+08),
           ( 2.400,  8.79e+08),
           ( 2.403,  2.01e+09),
           ( 2.406,  1.24e+08),
           ( 2.410,  1.40e+09),
           ( 2.413, -5.00e+08),
           ( 2.417,  2.49e+08),
           ( 2.420,  5.27e+08),
           ( 2.423,  1.35e+09),
           ( 2.427,  1.56e+09),
           ( 2.430,  6.78e+08),
           ( 2.433,  8.21e+08),
           ( 2.437,  3.39e+08),
           ( 2.440,  8.24e+08),
           ( 2.444,  1.55e+09),
           ( 2.447,  1.34e+09),
           ( 2.450,  9.04e+08),
           ( 2.454,  7.24e+08),
           ( 2.457,  1.08e+09),
           ( 2.460,  1.15e+09),
           ( 2.464,  3.29e+08),
           ( 2.467,  1.06e+09),
           ( 2.471,  1.22e+09),
           ( 2.474,  5.55e+08),
           ( 2.481,  1.84e+09),
           ( 2.484,  5.95e+08),
           ( 2.487,  1.41e+09),
           ( 2.491, -6.20e+06),
           ( 2.494,  8.81e+08),
           ( 2.498, -2.47e+08),
           ( 2.501,  1.30e+09),
           ( 2.504, -1.88e+08),
           ( 2.508,  1.39e+09),
           ( 2.511,  5.08e+08),
           ( 2.514,  1.05e+09),
           ( 2.518, -2.70e+08),
           ( 2.521,  7.88e+08),
           ( 2.524,  3.75e+08),
           ( 2.528, -2.93e+08),
           ( 2.531,  8.83e+08),
           ( 2.535,  8.09e+08),
           ( 2.538,  4.12e+08),
           ( 2.541,  1.15e+09),
           ( 2.545,  1.40e+09),
           ( 2.548,  6.14e+08),
           ( 2.552,  7.55e+08),
           ( 2.555,  2.64e+08),
           ( 2.565,  1.66e+09),
           ( 2.568,  7.41e+08),
           ( 2.572,  5.90e+08),
           ( 2.575,  1.71e+09),
           ( 2.579,  4.63e+08),
           ( 2.582,  1.28e+08),
           ( 2.585,  1.48e+09),
           ( 2.589, -1.48e+08),
           ( 2.592,  1.28e+09),
           ( 2.595,  5.21e+08),
           ( 2.599,  1.00e+09),
           ( 2.602,  8.10e+08),
           ( 2.606,  2.22e+09),
           ( 2.612,  3.63e+08),
           ( 2.616,  8.79e+08),
           ( 2.619,  1.02e+09),
           ( 2.622,  9.87e+08),
           ( 2.626,  6.59e+07),
           ( 2.633,  6.62e+08),
           ( 2.636,  1.32e+09),
           ( 2.639,  1.61e+09),
           ( 2.643, -3.84e+08),
           ( 2.646,  1.46e+09),
           ( 2.649,  1.73e+09),
           ( 2.653, -5.12e+08),
           ( 2.656,  9.04e+08),
           ( 2.660,  7.41e+08),
           ( 2.663,  7.65e+08),
           ( 2.666,  8.84e+08),
           ( 2.670,  1.56e+09),
           ( 2.673,  1.09e+09),
           ( 2.676,  6.42e+06),
           ( 2.680,  5.36e+08),
           ( 2.683,  1.58e+09),
           ( 2.687, -4.82e+08),
           ( 2.690,  1.17e+09),
           ( 2.693,  1.41e+09),
           ( 2.697,  5.61e+07),
           ( 2.700,  2.05e+09),
           ( 2.707,  3.25e+08),
           ( 2.720,  1.65e+09),
           ( 2.724,  2.03e+09),
           ( 2.727, -1.85e+08),
           ( 2.730,  3.91e+08),
           ( 2.734,  2.99e+08),
           ( 2.737,  7.95e+08),
           ( 2.741,  1.80e+08),
           ( 2.744,  1.52e+09),
           ( 2.747,  1.14e+09),
           ( 2.751,  1.72e+09),
           ( 2.754,  1.80e+09),
           ( 2.761, -3.76e+08),
           ( 2.764, -7.27e+08),
           ( 2.768,  3.32e+08),
           ( 2.771,  3.85e+08),
           ( 2.774,  1.06e+09),
           ( 2.778,  3.55e+08),
           ( 2.781,  3.78e+08),
           ( 2.784,  5.86e+08),
           ( 2.788,  2.00e+08),
           ( 2.791,  1.20e+09),
           ( 2.795,  4.99e+07),
           ( 2.798, -1.65e+07),
           ( 2.801,  1.05e+09),
           ( 2.805,  8.45e+08),
           ( 2.808,  9.43e+08),
           ( 2.815, -9.06e+08),
           ( 2.818,  1.39e+09),
           ( 2.822, -2.84e+08),
           ( 2.825,  1.10e+09),
           ( 2.828,  1.00e+09),
           ( 2.832, -1.95e+08),
           ( 2.835,  1.50e+09),
           ( 2.838,  4.98e+08),
           ( 2.842,  7.58e+07),
           ( 2.845,  3.61e+08),
           ( 2.849,  4.44e+08),
           ( 2.852,  6.20e+08),
           ( 2.855,  2.11e+07),
           ( 2.859, -1.09e+09),
           ( 2.862,  1.54e+09),
           ( 2.865,  8.26e+08),
           ( 2.869, -4.62e+08),
           ( 2.872,  7.63e+08),
           ( 2.876,  3.51e+08),
           ( 2.879,  1.38e+09),
           ( 2.882,  9.58e+07),
           ( 2.886, -5.79e+07),
           ( 2.889,  5.74e+08),
           ( 2.892,  2.81e+08),
           ( 2.896,  1.73e+09),
           ( 2.899,  7.99e+08),
           ( 2.902,  5.45e+08),
           ( 2.906, -5.10e+08),
           ( 2.913,  1.55e+09),
           ( 2.916,  4.05e+08),
           ( 2.919,  4.57e+07),
           ( 2.923, -8.79e+08),
           ( 2.930,  4.02e+08),
           ( 2.933,  1.06e+09),
           ( 2.936, -6.13e+08),
           ( 2.940,  7.89e+08),
           ( 2.943,  2.93e+08),
           ( 2.946,  3.72e+08),
           ( 2.950,  1.49e+09),
           ( 2.953,  2.02e+09),
           ( 2.957,  2.51e+08),
           ( 2.960,  4.35e+08),
           ( 2.963,  4.03e+07),
           ( 2.967,  1.14e+09),
           ( 2.970,  5.02e+08),
           ( 2.973,  1.11e+09),
           ( 2.977,  9.39e+08),
           ( 2.980,  1.11e+09),
           ( 2.984,  5.33e+08),
           ( 2.987,  7.80e+08),
           ( 2.990, -4.28e+08),
           ( 2.994,  7.17e+08),
           ( 2.997, -1.54e+08),
           ( 3.004,  1.67e+09),
           ( 3.007,  1.21e+09),
           ( 3.014,  9.27e+08),
           ( 3.017,  2.15e+08),
           ( 3.024,  1.46e+09),
           ( 3.031, -1.30e+08),
           ( 3.034, -1.24e+08),
           ( 3.038,  1.31e+09),
           ( 3.041,  1.85e+09),
           ( 3.044,  9.99e+08),
           ( 3.048,  1.08e+09),
           ( 3.051,  1.67e+09),
           ( 3.054,  1.38e+09),
           ( 3.058, -1.77e+08),
           ( 3.061,  6.15e+08),
           ( 3.065,  6.73e+08),
           ( 3.068,  3.60e+08),
           ( 3.071, -1.82e+08),
           ( 3.075,  9.66e+08),
           ( 3.078, -1.21e+08),
           ( 3.081, -7.40e+08),
           ( 3.088,  1.16e+09),
           ( 3.091, -6.16e+08),
           ( 3.095,  5.84e+08),
           ( 3.098, -4.14e+08),
           ( 3.102,  8.08e+08),
           ( 3.105,  5.81e+08),
           ( 3.108,  6.54e+08),
           ( 3.112,  1.60e+09),
           ( 3.119,  5.86e+08),
           ( 3.122,  1.01e+09),
           ( 3.129,  9.98e+07),
           ( 3.135,  1.38e+09),
           ( 3.139,  1.72e+08),
           ( 3.142,  1.28e+09),
           ( 3.146,  1.07e+09),
           ( 3.149, -2.23e+08),
           ( 3.152,  1.45e+08),
           ( 3.156, -1.78e+08),
           ( 3.159,  2.71e+08),
           ( 3.162,  2.04e+08),
           ( 3.166,  7.57e+08),
           ( 3.169,  8.47e+08),
           ( 3.173,  7.28e+07),
           ( 3.176,  8.26e+08),
           ( 3.179,  2.73e+09),
           ( 3.186, -7.67e+08),
           ( 3.189,  2.18e+09),
           ( 3.196,  1.37e+08),
           ( 3.200,  3.11e+08),
           ( 3.203,  1.26e+09),
           ( 3.206,  1.44e+09),
           ( 3.210,  6.46e+08),
           ( 3.213,  1.90e+09),
           ( 3.216,  1.72e+09),
           ( 3.220,  2.45e+08),
           ( 3.223, -1.05e+08),
           ( 3.227,  5.68e+08),
           ( 3.230,  2.48e+08),
           ( 3.233,  2.09e+08),
           ( 3.237,  1.39e+09),
           ( 3.240,  8.87e+08),
           ( 3.243,  6.92e+06),
           ( 3.247,  3.98e+08),
           ( 3.250,  4.68e+08),
           ( 3.253,  1.51e+08),
           ( 3.257,  7.89e+08),
           ( 3.260,  3.69e+08),
           ( 3.264,  1.48e+08),
           ( 3.267,  1.02e+09),
           ( 3.270,  1.11e+08),
           ( 3.274, -8.45e+07),
           ( 3.280,  1.74e+09),
           ( 3.284,  7.42e+08),
           ( 3.287,  8.92e+08),
           ( 3.291,  4.69e+08),
           ( 3.297,  1.32e+09),
           ( 3.304,  1.95e+08),
           ( 3.308,  2.07e+09),
           ( 3.311,  9.47e+08),
           ( 3.314,  5.14e+08),
           ( 3.318,  6.86e+08),
           ( 3.321,  1.57e+09),
           ( 3.324, -1.13e+08),
           ( 3.328,  1.10e+09),
           ( 3.335,  8.54e+08),
           ( 3.338,  2.03e+08),
           ( 3.341,  5.68e+08),
           ( 3.345,  2.41e+08),
           ( 3.348,  9.28e+08),
           ( 3.355,  2.19e+07),
           ( 3.358,  8.74e+08),
           ( 3.362, -1.82e+08),
           ( 3.368,  1.77e+09),
           ( 3.372,  1.81e+09),
           ( 3.375, -2.37e+08),
           ( 3.378, -1.24e+08),
           ( 3.382,  1.65e+09),
           ( 3.385,  1.49e+09),
           ( 3.389, -6.27e+07),
           ( 3.392, -5.16e+08),
           ( 3.395,  8.85e+08),
           ( 3.399, -4.75e+06),
           ( 3.402,  6.86e+08),
           ( 3.405,  7.84e+07),
           ( 3.409,  1.52e+09),
           ( 3.412,  5.30e+08),
           ( 3.416, -1.25e+09),
           ( 3.419, -3.68e+07),
           ( 3.422,  2.90e+08),
           ( 3.426,  9.33e+08),
           ( 3.429,  5.51e+08),
           ( 3.432,  7.39e+08),
           ( 3.436,  4.45e+08),
           ( 3.439, -2.67e+08),
           ( 3.442,  2.73e+08),
           ( 3.446,  4.76e+08),
           ( 3.449,  3.82e+07),
           ( 3.453,  1.23e+08),
           ( 3.456, -7.32e+08),
           ( 3.463,  8.57e+08),
           ( 3.466, -5.94e+08),
           ( 3.470,  5.19e+08),
           ( 3.473,  3.00e+07),
           ( 3.476,  6.05e+08),
           ( 3.480, -9.26e+08),
           ( 3.483, -1.81e+08),
           ( 3.486,  1.17e+09),
           ( 3.490,  1.12e+09),
           ( 3.493,  2.53e+08),
           ( 3.497,  5.48e+08),
           ( 3.500, -1.58e+08),
           ( 3.503,  8.91e+08),
           ( 3.507, -5.79e+08),
           ( 3.510,  4.82e+08),
           ( 3.517, -6.08e+08),
           ( 3.520,  1.15e+09),
           ( 3.524,  3.50e+08),
           ( 3.527, -1.32e+09),
           ( 3.530,  8.79e+08),
           ( 3.537, -1.12e+07),
           ( 3.544,  1.05e+09),
           ( 3.547,  7.73e+08),
           ( 3.551,  8.38e+08),
           ( 3.554,  1.15e+08),
           ( 3.557,  1.05e+09),
           ( 3.561,  9.20e+08),
           ( 3.564, -2.65e+08),
           ( 3.567,  1.11e+09),
           ( 3.571,  7.66e+08),
           ( 3.574, -9.31e+07),
           ( 3.578,  9.39e+08),
           ( 3.581,  6.14e+08),
           ( 3.584, -1.00e+09),
           ( 3.588,  8.29e+08),
           ( 3.591, -6.02e+08),
           ( 3.594, -5.05e+07),
           ( 3.598,  1.81e+08),
           ( 3.601,  5.62e+07),
           ( 3.605, -3.94e+08),
           ( 3.608,  8.11e+08),
           ( 3.611, -4.31e+08),
           ( 3.615, -8.23e+08),
           ( 3.618,  6.83e+08),
           ( 3.621, -5.50e+08),
           ( 3.625, -1.83e+08),
           ( 3.628, -3.77e+08),
           ( 3.631,  3.06e+08),
           ( 3.635, -1.90e+08),
           ( 3.638,  1.71e+08),
           ( 3.645, -1.85e+09),
           ( 3.648, -2.75e+08),
           ( 3.652,  1.25e+07),
           ( 3.655, -4.12e+08),
           ( 3.659,  4.15e+08),
           ( 3.662,  3.18e+08),
           ( 3.665, -5.54e+08),
           ( 3.669, -8.91e+08),
           ( 3.672, -2.03e+09),
           ( 3.675,  1.71e+08),
           ( 3.679,  6.73e+08),
           ( 3.682,  1.91e+08),
           ( 3.686, -2.67e+09),
           ( 3.689, -4.71e+07),
           ( 3.692,  4.33e+08),
           ( 3.696, -1.61e+08),
           ( 3.699, -2.23e+08),
           ( 3.702,  1.10e+09),
           ( 3.706,  8.16e+08),
           ( 3.709,  8.82e+07),
           ( 3.713, -9.21e+07),
           ( 3.716,  3.33e+08),
           ( 3.723, -3.84e+08),
           ( 3.726, -2.01e+08),
           ( 3.729,  1.79e+08),
           ( 3.733,  1.36e+09),
           ( 3.736, -8.60e+08),
           ( 3.740, -1.22e+09),
           ( 3.743,  1.25e+09),
           ( 3.750, -2.67e+08),
           ( 3.753,  1.05e+09),
           ( 3.756, -9.86e+08),
           ( 3.760, -8.74e+08),
           ( 3.763,  1.20e+08),
           ( 3.767,  4.69e+08),
           ( 3.770,  5.40e+08),
           ( 3.773,  1.03e+07),
           ( 3.777,  5.20e+07),
           ( 3.780, -1.34e+09),
           ( 3.783, -1.08e+09),
           ( 3.787,  1.50e+08),
           ( 3.790, -1.05e+09),
           ( 3.794,  4.29e+08),
           ( 3.797, -4.91e+07),
           ( 3.800,  1.43e+09),
           ( 3.807, -1.60e+08),
           ( 3.810, -1.57e+08),
           ( 3.814, -8.48e+08),
           ( 3.817,  2.34e+08),
           ( 3.821,  5.94e+08),
           ( 3.824, -5.73e+08),
           ( 3.827, -1.07e+08),
           ( 3.831, -1.85e+07),
           ( 3.834,  1.67e+09),
           ( 3.837,  9.95e+08),
           ( 3.841, -2.47e+08),
           ( 3.848,  3.17e+08),
           ( 3.851, -5.82e+07),
           ( 3.854,  9.25e+08),
           ( 3.858,  6.37e+08),
           ( 3.861, -6.49e+08),
           ( 3.864, -3.56e+07),
           ( 3.868, -7.60e+08),
           ( 3.871,  9.79e+08),
           ( 3.875,  1.80e+08),
           ( 3.878, -9.54e+07),
           ( 3.881,  2.74e+08),
           ( 3.885, -4.74e+08),
           ( 3.888,  1.40e+09),
           ( 3.895, -7.79e+08),
           ( 3.898, -1.62e+08),
           ( 3.902, -6.84e+08),
           ( 3.905,  8.20e+08),
           ( 3.908,  6.95e+08),
           ( 3.912, -5.23e+08),
           ( 3.915,  2.19e+08),
           ( 3.918, -1.01e+08),
           ( 3.922,  5.01e+08),
           ( 3.925, -1.98e+07),
           ( 3.928,  6.00e+08),
           ( 3.932,  2.79e+08),
           ( 3.935,  2.32e+08),
           ( 3.939, -7.26e+08),
           ( 3.942, -2.96e+08),
           ( 3.945, -2.25e+08),
           ( 3.949, -2.78e+08),
           ( 3.956,  7.02e+08),
           ( 3.962, -8.77e+08),
           ( 3.966,  7.23e+08),
           ( 3.969,  1.64e+08),
           ( 3.972, -1.19e+09),
           ( 3.979,  6.19e+08),
           ( 3.983,  4.85e+08),
           ( 3.986, -7.74e+08),
           ( 3.989,  7.88e+08),
           ( 3.993,  4.68e+08),
           ( 3.996,  5.12e+08),
           ( 3.999, -8.61e+08),
           ( 3.999, -8.61e+08)]
