Bolide Detection Notification: 2019-255

At 12:49:47 UT on 12 Sep 2019, sensors aboard U. S. Government satellites recorded
the flash signature of a large meteoroid entry into the atmosphere. Location of the
flash was Lat 54.5 °N, Lon 9.2 °E.

Based upon the visible-light intensity-time signature, peak brightness of the flash
was determined to be approximately 1.54e+10 watts/steradian, and total radiated flash
energy 1.61e+11 joules (6000K blackbody model).

Intensity-time signature of the event and integrated intensity are depicted on the
plots below.

Columns: time, intensity (w/sr)
Intensity=[(-1.799,  7.20e+08),
           (-1.796,  1.50e+08),
           (-1.789, -1.59e+09),
           (-1.785, -1.57e+09),
           (-1.782, -9.64e+08),
           (-1.779, -9.33e+08),
           (-1.775, -1.00e+09),
           (-1.772,  6.91e+08),
           (-1.765,  3.16e+08),
           (-1.762, -1.52e+09),
           (-1.758,  8.97e+08),
           (-1.755,  2.90e+06),
           (-1.752, -1.73e+08),
           (-1.745,  6.09e+08),
           (-1.742, -2.75e+08),
           (-1.738,  4.09e+08),
           (-1.735,  2.10e+08),
           (-1.731,  8.04e+08),
           (-1.728,  1.03e+09),
           (-1.725, -2.07e+09),
           (-1.718,  8.67e+08),
           (-1.715, -4.50e+08),
           (-1.711,  2.22e+09),
           (-1.708, -1.71e+09),
           (-1.701, -2.16e+08),
           (-1.698,  4.91e+08),
           (-1.694, -1.40e+09),
           (-1.688, -2.95e+08),
           (-1.684, -1.33e+09),
           (-1.681,  1.27e+08),
           (-1.677,  6.09e+08),
           (-1.674, -1.90e+09),
           (-1.671, -3.19e+08),
           (-1.667, -1.53e+09),
           (-1.664,  1.16e+09),
           (-1.661, -1.76e+09),
           (-1.657, -3.04e+08),
           (-1.654, -4.05e+08),
           (-1.650,  1.62e+09),
           (-1.647, -1.50e+09),
           (-1.644,  5.19e+08),
           (-1.640,  2.77e+08),
           (-1.637,  5.22e+08),
           (-1.634, -2.21e+09),
           (-1.630, -1.71e+09),
           (-1.623,  7.38e+08),
           (-1.620, -1.85e+09),
           (-1.617,  2.22e+08),
           (-1.613, -1.62e+09),
           (-1.610, -2.14e+09),
           (-1.607, -2.49e+08),
           (-1.603, -2.25e+09),
           (-1.600,  1.60e+09),
           (-1.596, -9.26e+07),
           (-1.593, -4.33e+08),
           (-1.590, -3.44e+08),
           (-1.586, -1.81e+09),
           (-1.583, -1.37e+09),
           (-1.580,  6.91e+08),
           (-1.576, -1.76e+09),
           (-1.573, -1.48e+07),
           (-1.566, -1.88e+09),
           (-1.563, -9.92e+08),
           (-1.559,  1.19e+09),
           (-1.556, -8.52e+08),
           (-1.553, -4.45e+08),
           (-1.549, -1.49e+09),
           (-1.546, -7.28e+08),
           (-1.539, -1.64e+09),
           (-1.536,  3.93e+08),
           (-1.532, -2.81e+09),
           (-1.529, -5.85e+08),
           (-1.526, -7.31e+07),
           (-1.522, -2.31e+09),
           (-1.515, -2.75e+08),
           (-1.512, -1.73e+09),
           (-1.509, -8.47e+08),
           (-1.505, -8.77e+08),
           (-1.502, -2.36e+08),
           (-1.499, -1.42e+09),
           (-1.495, -6.09e+08),
           (-1.492, -9.86e+08),
           (-1.488, -4.09e+08),
           (-1.485, -1.52e+09),
           (-1.482, -1.00e+09),
           (-1.478, -1.62e+09),
           (-1.475, -5.50e+08),
           (-1.472, -6.75e+08),
           (-1.468,  1.76e+08),
           (-1.465, -1.87e+09),
           (-1.461, -9.03e+08),
           (-1.458,  9.47e+08),
           (-1.455, -1.11e+08),
           (-1.451, -1.89e+09),
           (-1.448, -2.88e+08),
           (-1.441, -2.21e+09),
           (-1.438, -2.20e+09),
           (-1.434,  2.69e+08),
           (-1.431, -1.34e+09),
           (-1.428, -9.84e+08),
           (-1.424, -8.05e+08),
           (-1.421, -9.90e+08),
           (-1.418, -1.06e+09),
           (-1.414, -9.98e+08),
           (-1.411,  3.26e+08),
           (-1.407, -1.44e+09),
           (-1.401,  1.08e+09),
           (-1.391, -9.60e+08),
           (-1.387, -1.47e+09),
           (-1.384, -1.32e+09),
           (-1.380, -1.77e+09),
           (-1.377, -6.59e+08),
           (-1.374, -1.07e+09),
           (-1.370, -1.85e+08),
           (-1.367, -1.51e+09),
           (-1.364, -1.23e+09),
           (-1.360, -1.73e+09),
           (-1.357, -7.03e+08),
           (-1.350, -1.03e+09),
           (-1.347, -9.01e+08),
           (-1.343, -1.33e+09),
           (-1.340,  3.76e+06),
           (-1.337, -2.95e+09),
           (-1.333, -5.32e+08),
           (-1.330, -1.47e+09),
           (-1.326, -1.98e+06),
           (-1.323, -1.93e+09),
           (-1.320, -1.15e+09),
           (-1.316,  3.61e+08),
           (-1.313, -1.34e+09),
           (-1.310, -4.98e+08),
           (-1.306, -1.30e+09),
           (-1.303,  7.58e+08),
           (-1.299, -2.73e+09),
           (-1.296, -1.49e+09),
           (-1.293,  7.92e+08),
           (-1.289, -1.09e+09),
           (-1.286, -5.81e+08),
           (-1.283, -8.45e+08),
           (-1.279, -1.28e+09),
           (-1.276, -6.24e+08),
           (-1.272,  7.52e+08),
           (-1.269, -3.98e+08),
           (-1.262, -1.21e+09),
           (-1.259, -6.73e+08),
           (-1.256, -4.64e+08),
           (-1.252, -1.12e+09),
           (-1.249,  1.04e+09),
           (-1.245, -1.29e+09),
           (-1.242, -1.06e+09),
           (-1.239, -1.25e+09),
           (-1.235,  4.92e+08),
           (-1.225, -2.12e+09),
           (-1.222,  1.16e+09),
           (-1.218, -2.96e+09),
           (-1.215,  8.12e+08),
           (-1.208, -1.96e+09),
           (-1.205, -1.33e+09),
           (-1.202, -3.06e+09),
           (-1.198, -3.20e+09),
           (-1.195, -7.71e+08),
           (-1.191, -1.96e+09),
           (-1.188, -1.49e+09),
           (-1.185, -2.01e+09),
           (-1.181, -1.47e+09),
           (-1.178,  2.05e+08),
           (-1.171, -3.20e+09),
           (-1.164,  1.13e+08),
           (-1.161,  3.90e+08),
           (-1.158, -1.22e+09),
           (-1.154, -1.25e+09),
           (-1.151, -2.01e+09),
           (-1.148,  1.77e+09),
           (-1.144, -1.88e+09),
           (-1.141, -4.45e+07),
           (-1.137, -2.11e+09),
           (-1.134, -2.02e+09),
           (-1.131,  1.15e+08),
           (-1.127,  7.75e+08),
           (-1.124, -2.70e+09),
           (-1.121, -1.16e+09),
           (-1.117, -1.38e+09),
           (-1.114, -1.04e+09),
           (-1.110, -1.49e+09),
           (-1.107, -2.69e+09),
           (-1.100, -3.19e+07),
           (-1.097, -1.16e+09),
           (-1.094,  1.16e+09),
           (-1.087, -7.74e+08),
           (-1.083, -1.05e+09),
           (-1.080, -6.74e+08),
           (-1.077, -8.25e+08),
           (-1.073,  4.51e+08),
           (-1.070, -1.88e+09),
           (-1.067, -1.33e+09),
           (-1.063, -1.53e+07),
           (-1.060,  4.91e+08),
           (-1.056, -9.05e+08),
           (-1.053,  3.17e+08),
           (-1.050,  2.85e+08),
           (-1.046, -5.88e+08),
           (-1.043, -5.98e+08),
           (-1.040, -6.70e+08),
           (-1.036, -4.60e+08),
           (-1.033,  1.22e+09),
           (-1.029, -1.80e+09),
           (-1.026,  4.48e+07),
           (-1.023,  2.98e+08),
           (-1.019,  7.30e+08),
           (-1.016,  3.75e+08),
           (-1.009,  2.32e+09),
           (-1.006, -5.12e+08),
           (-1.002,  1.05e+09),
           (-0.996, -2.86e+08),
           (-0.992, -8.18e+07),
           (-0.989,  3.01e+06),
           (-0.986, -9.83e+08),
           (-0.982,  1.67e+08),
           (-0.975,  1.04e+09),
           (-0.972, -2.29e+09),
           (-0.965,  1.04e+09),
           (-0.959, -1.42e+09),
           (-0.955, -5.92e+08),
           (-0.952,  6.86e+08),
           (-0.948, -7.04e+08),
           (-0.945, -1.05e+09),
           (-0.942,  3.01e+08),
           (-0.938, -6.50e+08),
           (-0.935, -8.39e+08),
           (-0.932, -4.88e+08),
           (-0.928, -3.69e+08),
           (-0.925, -1.88e+09),
           (-0.921, -2.08e+08),
           (-0.918, -1.26e+09),
           (-0.915, -8.08e+08),
           (-0.911, -1.58e+09),
           (-0.908,  3.42e+07),
           (-0.905, -2.57e+08),
           (-0.901,  4.56e+08),
           (-0.898, -2.23e+09),
           (-0.894, -1.69e+09),
           (-0.891, -3.48e+08),
           (-0.888, -1.12e+09),
           (-0.884,  3.57e+08),
           (-0.881,  4.44e+08),
           (-0.878, -9.94e+08),
           (-0.874, -5.14e+08),
           (-0.871, -1.40e+09),
           (-0.867, -1.57e+09),
           (-0.864,  1.03e+09),
           (-0.861, -1.26e+08),
           (-0.857,  7.71e+08),
           (-0.851, -2.99e+09),
           (-0.847,  9.55e+08),
           (-0.840, -1.68e+09),
           (-0.837, -1.70e+08),
           (-0.830, -7.39e+08),
           (-0.827, -2.08e+08),
           (-0.824, -1.36e+08),
           (-0.820,  1.12e+09),
           (-0.817, -5.21e+08),
           (-0.813,  1.51e+08),
           (-0.807, -1.01e+09),
           (-0.803, -7.95e+08),
           (-0.800,  5.81e+08),
           (-0.796,  1.05e+08),
           (-0.793,  6.77e+08),
           (-0.790,  1.85e+08),
           (-0.783, -1.87e+09),
           (-0.780,  3.01e+08),
           (-0.773, -8.34e+08),
           (-0.770,  5.68e+08),
           (-0.766, -1.23e+09),
           (-0.763, -1.42e+09),
           (-0.759,  2.48e+09),
           (-0.756, -9.77e+08),
           (-0.753, -1.11e+09),
           (-0.749, -1.88e+09),
           (-0.746,  9.31e+08),
           (-0.743, -1.23e+09),
           (-0.739,  1.22e+09),
           (-0.732, -1.11e+09),
           (-0.729,  1.10e+09),
           (-0.726, -1.23e+09),
           (-0.722,  4.73e+08),
           (-0.719,  1.06e+09),
           (-0.716,  8.12e+08),
           (-0.712, -6.88e+08),
           (-0.709,  1.15e+09),
           (-0.705,  1.12e+08),
           (-0.702,  2.16e+09),
           (-0.695, -2.48e+09),
           (-0.692,  1.67e+09),
           (-0.689, -5.52e+08),
           (-0.685,  1.31e+09),
           (-0.682,  1.10e+09),
           (-0.678,  6.37e+08),
           (-0.675, -2.24e+09),
           (-0.672, -2.57e+08),
           (-0.668,  6.61e+08),
           (-0.665, -1.45e+08),
           (-0.662, -1.17e+08),
           (-0.658,  5.04e+08),
           (-0.655, -1.27e+08),
           (-0.651, -1.59e+09),
           (-0.648,  5.99e+08),
           (-0.645, -1.23e+09),
           (-0.641,  9.80e+08),
           (-0.638, -9.96e+08),
           (-0.635,  8.91e+08),
           (-0.631,  3.87e+08),
           (-0.628, -1.68e+09),
           (-0.624,  1.27e+09),
           (-0.621, -1.24e+09),
           (-0.618,  6.31e+08),
           (-0.608, -1.50e+09),
           (-0.604, -1.46e+08),
           (-0.601, -5.29e+08),
           (-0.597, -1.29e+09),
           (-0.594,  9.09e+08),
           (-0.591, -7.70e+08),
           (-0.587, -1.42e+08),
           (-0.581, -1.50e+09),
           (-0.577,  3.34e+08),
           (-0.574,  7.29e+07),
           (-0.570,  1.09e+09),
           (-0.564, -3.30e+09),
           (-0.560,  6.88e+08),
           (-0.557, -2.69e+09),
           (-0.554, -1.61e+09),
           (-0.550,  1.56e+09),
           (-0.543, -1.61e+09),
           (-0.540, -3.32e+08),
           (-0.537, -4.29e+08),
           (-0.533,  9.71e+08),
           (-0.530, -7.76e+08),
           (-0.527, -9.69e+08),
           (-0.523, -1.26e+09),
           (-0.520, -1.19e+09),
           (-0.516,  4.74e+08),
           (-0.513, -6.69e+08),
           (-0.510, -2.42e+09),
           (-0.506, -2.64e+07),
           (-0.503, -1.02e+09),
           (-0.500,  9.81e+08),
           (-0.496, -1.03e+09),
           (-0.493, -8.65e+08),
           (-0.489, -5.01e+08),
           (-0.486, -1.14e+09),
           (-0.479,  6.41e+08),
           (-0.476,  3.63e+08),
           (-0.473, -5.06e+08),
           (-0.469,  1.37e+09),
           (-0.466, -6.46e+08),
           (-0.462,  9.00e+08),
           (-0.459, -4.72e+08),
           (-0.456, -1.07e+09),
           (-0.452,  2.37e+08),
           (-0.449, -1.16e+09),
           (-0.446,  2.30e+09),
           (-0.442,  5.51e+08),
           (-0.435, -3.46e+08),
           (-0.432,  1.01e+09),
           (-0.429,  3.02e+08),
           (-0.425, -1.28e+09),
           (-0.419,  9.94e+08),
           (-0.415,  1.57e+09),
           (-0.412, -1.58e+09),
           (-0.408, -8.24e+08),
           (-0.405, -1.08e+09),
           (-0.402, -7.43e+07),
           (-0.398,  3.62e+08),
           (-0.395,  2.01e+08),
           (-0.392, -4.20e+08),
           (-0.388, -7.13e+08),
           (-0.385,  1.68e+09),
           (-0.381, -1.58e+09),
           (-0.378,  5.73e+08),
           (-0.375,  1.25e+09),
           (-0.368, -1.02e+09),
           (-0.365, -7.18e+08),
           (-0.361,  2.65e+08),
           (-0.358, -6.67e+08),
           (-0.354,  1.32e+09),
           (-0.351, -7.33e+08),
           (-0.348,  6.27e+08),
           (-0.344,  5.46e+08),
           (-0.341, -3.53e+09),
           (-0.334, -1.25e+08),
           (-0.331, -1.43e+09),
           (-0.324,  4.30e+08),
           (-0.321, -1.80e+09),
           (-0.317, -1.78e+09),
           (-0.314, -1.31e+08),
           (-0.311, -6.60e+08),
           (-0.307, -2.90e+09),
           (-0.304, -5.85e+08),
           (-0.300, -7.43e+08),
           (-0.297, -3.31e+07),
           (-0.294, -1.30e+09),
           (-0.290, -1.76e+09),
           (-0.287, -1.15e+09),
           (-0.284, -1.67e+09),
           (-0.280, -3.30e+09),
           (-0.277, -8.02e+08),
           (-0.273, -1.92e+09),
           (-0.270, -1.84e+09),
           (-0.267, -1.11e+07),
           (-0.260, -1.63e+09),
           (-0.257, -3.23e+08),
           (-0.253, -5.46e+08),
           (-0.250, -2.57e+09),
           (-0.246,  6.24e+08),
           (-0.243,  1.23e+09),
           (-0.240, -2.67e+09),
           (-0.236, -1.17e+09),
           (-0.233, -1.50e+09),
           (-0.230,  8.39e+08),
           (-0.226, -3.64e+09),
           (-0.219, -6.76e+07),
           (-0.216, -2.05e+09),
           (-0.213, -1.50e+09),
           (-0.209, -4.76e+07),
           (-0.206, -7.57e+08),
           (-0.203,  6.56e+08),
           (-0.199,  2.25e+08),
           (-0.196,  6.87e+08),
           (-0.192, -2.22e+09),
           (-0.189,  3.52e+08),
           (-0.186, -2.42e+09),
           (-0.182,  1.75e+09),
           (-0.179, -3.32e+09),
           (-0.175, -1.07e+09),
           (-0.172, -7.51e+08),
           (-0.169, -1.83e+09),
           (-0.165, -7.29e+08),
           (-0.162, -3.37e+09),
           (-0.159, -2.18e+09),
           (-0.155, -2.67e+07),
           (-0.149, -6.89e+08),
           (-0.145, -3.28e+09),
           (-0.142, -3.00e+08),
           (-0.138, -1.62e+09),
           (-0.135,  8.46e+08),
           (-0.128, -1.78e+09),
           (-0.125, -2.55e+08),
           (-0.122, -1.50e+09),
           (-0.118, -1.16e+09),
           (-0.115,  2.70e+08),
           (-0.111, -1.95e+09),
           (-0.108, -7.85e+08),
           (-0.105, -7.25e+08),
           (-0.101, -4.32e+08),
           (-0.098, -3.48e+08),
           (-0.095, -3.70e+08),
           (-0.091, -4.43e+08),
           (-0.088,  1.11e+09),
           (-0.084,  3.39e+08),
           (-0.081, -1.23e+09),
           (-0.078, -2.67e+08),
           (-0.074, -6.57e+08),
           (-0.071,  7.65e+07),
           (-0.068,  1.85e+09),
           (-0.064,  1.19e+07),
           (-0.061,  2.11e+09),
           (-0.057,  2.57e+09),
           (-0.054,  1.19e+09),
           (-0.051,  2.28e+09),
           (-0.047,  1.70e+09),
           (-0.044,  2.34e+09),
           (-0.041,  9.95e+08),
           (-0.037,  2.95e+09),
           (-0.034,  5.07e+08),
           (-0.030,  2.70e+09),
           (-0.027,  1.70e+08),
           (-0.024, -3.11e+06),
           (-0.020,  2.59e+09),
           (-0.017,  4.26e+08),
           (-0.014, -7.60e+06),
           (-0.010,  1.90e+09),
           (-0.003, -7.07e+08),
           ( 0.003, -2.78e+08),
           ( 0.007, -4.36e+08),
           ( 0.013,  1.28e+09),
           ( 0.017, -1.70e+07),
           ( 0.020,  9.63e+08),
           ( 0.024, -8.17e+08),
           ( 0.027,  3.45e+09),
           ( 0.030, -1.32e+09),
           ( 0.034,  3.87e+08),
           ( 0.037, -1.93e+08),
           ( 0.040,  1.10e+09),
           ( 0.044,  2.97e+08),
           ( 0.047,  1.02e+09),
           ( 0.051,  3.07e+09),
           ( 0.054,  1.75e+09),
           ( 0.057,  1.12e+09),
           ( 0.061,  1.50e+09),
           ( 0.064,  1.39e+09),
           ( 0.067,  1.74e+09),
           ( 0.071, -3.91e+08),
           ( 0.074, -1.47e+08),
           ( 0.078,  1.35e+09),
           ( 0.081,  4.72e+08),
           ( 0.084,  1.83e+09),
           ( 0.088,  3.55e+08),
           ( 0.095,  1.12e+09),
           ( 0.098,  5.21e+08),
           ( 0.101,  1.23e+09),
           ( 0.105,  1.41e+07),
           ( 0.108, -2.47e+08),
           ( 0.111,  2.92e+09),
           ( 0.115, -2.79e+08),
           ( 0.118, -8.02e+08),
           ( 0.121,  1.90e+09),
           ( 0.125, -1.73e+09),
           ( 0.128,  4.85e+08),
           ( 0.132,  4.18e+08),
           ( 0.135,  5.23e+08),
           ( 0.138, -6.87e+08),
           ( 0.142,  3.32e+09),
           ( 0.145,  1.81e+09),
           ( 0.148, -1.51e+09),
           ( 0.152,  6.14e+08),
           ( 0.155,  2.75e+08),
           ( 0.159,  2.24e+09),
           ( 0.165,  1.94e+08),
           ( 0.169,  1.15e+08),
           ( 0.172,  2.13e+08),
           ( 0.175,  5.75e+08),
           ( 0.179,  1.60e+09),
           ( 0.182,  8.14e+08),
           ( 0.186,  1.47e+09),
           ( 0.189,  5.15e+08),
           ( 0.192,  1.90e+09),
           ( 0.196,  2.53e+09),
           ( 0.199,  1.06e+09),
           ( 0.202,  3.03e+09),
           ( 0.206,  3.43e+08),
           ( 0.213,  2.26e+09),
           ( 0.219,  6.98e+08),
           ( 0.223,  1.48e+09),
           ( 0.226, -1.12e+09),
           ( 0.229,  3.25e+09),
           ( 0.233,  1.72e+09),
           ( 0.236,  4.63e+09),
           ( 0.243,  5.75e+08),
           ( 0.246, -1.35e+09),
           ( 0.250,  1.98e+09),
           ( 0.253,  1.86e+09),
           ( 0.256, -1.40e+08),
           ( 0.260,  1.52e+08),
           ( 0.263,  1.61e+09),
           ( 0.270,  1.04e+09),
           ( 0.273,  3.68e+09),
           ( 0.277, -6.52e+07),
           ( 0.280, -3.14e+08),
           ( 0.283,  1.94e+09),
           ( 0.287,  7.05e+08),
           ( 0.290,  3.62e+09),
           ( 0.294,  4.89e+09),
           ( 0.297,  1.86e+09),
           ( 0.300,  3.25e+09),
           ( 0.304,  3.41e+09),
           ( 0.307,  2.44e+09),
           ( 0.310,  4.27e+09),
           ( 0.314,  2.96e+09),
           ( 0.317,  2.72e+09),
           ( 0.321,  3.46e+09),
           ( 0.324,  3.83e+09),
           ( 0.327,  4.02e+09),
           ( 0.331,  4.70e+09),
           ( 0.334,  5.96e+09),
           ( 0.337,  5.14e+09),
           ( 0.341,  5.58e+09),
           ( 0.344,  5.25e+09),
           ( 0.348,  4.09e+09),
           ( 0.351,  5.53e+09),
           ( 0.354,  4.53e+09),
           ( 0.358,  4.69e+09),
           ( 0.361,  2.97e+09),
           ( 0.365,  5.41e+09),
           ( 0.368,  3.45e+09),
           ( 0.371,  4.51e+09),
           ( 0.375,  4.62e+09),
           ( 0.378,  3.39e+09),
           ( 0.381,  6.42e+09),
           ( 0.385,  5.30e+09),
           ( 0.392,  5.46e+09),
           ( 0.395,  6.70e+09),
           ( 0.398,  4.74e+09),
           ( 0.405,  5.63e+09),
           ( 0.408,  4.85e+09),
           ( 0.415,  5.92e+09),
           ( 0.418,  4.07e+09),
           ( 0.422,  4.25e+09),
           ( 0.429,  5.94e+09),
           ( 0.432,  5.51e+09),
           ( 0.435,  6.14e+09),
           ( 0.439,  4.16e+09),
           ( 0.442,  6.96e+09),
           ( 0.445,  5.80e+09),
           ( 0.449,  3.33e+09),
           ( 0.452,  3.78e+09),
           ( 0.459,  6.16e+09),
           ( 0.462,  6.77e+09),
           ( 0.466,  6.37e+09),
           ( 0.469,  8.57e+09),
           ( 0.476,  6.68e+09),
           ( 0.479,  5.74e+09),
           ( 0.483,  8.05e+09),
           ( 0.486,  6.84e+09),
           ( 0.489,  8.06e+09),
           ( 0.499,  5.05e+09),
           ( 0.503,  7.15e+09),
           ( 0.506,  5.55e+09),
           ( 0.510,  5.56e+09),
           ( 0.513,  5.62e+09),
           ( 0.516,  5.91e+09),
           ( 0.520,  8.49e+09),
           ( 0.523,  4.65e+09),
           ( 0.526,  6.62e+09),
           ( 0.530,  6.43e+09),
           ( 0.537,  7.17e+09),
           ( 0.540,  6.45e+09),
           ( 0.543,  6.90e+09),
           ( 0.547,  5.58e+09),
           ( 0.550,  5.65e+09),
           ( 0.553,  5.58e+09),
           ( 0.557,  4.45e+09),
           ( 0.560,  5.88e+09),
           ( 0.564,  5.70e+09),
           ( 0.567,  4.81e+09),
           ( 0.570,  8.68e+09),
           ( 0.574,  8.36e+09),
           ( 0.577,  3.82e+09),
           ( 0.584,  7.19e+09),
           ( 0.587,  4.79e+09),
           ( 0.597,  6.01e+09),
           ( 0.601,  7.24e+09),
           ( 0.604,  5.75e+09),
           ( 0.607,  5.96e+09),
           ( 0.611,  3.83e+09),
           ( 0.621,  7.72e+09),
           ( 0.624,  8.31e+09),
           ( 0.628,  8.37e+09),
           ( 0.631,  8.05e+09),
           ( 0.638,  9.06e+09),
           ( 0.641,  8.28e+09),
           ( 0.645,  9.69e+09),
           ( 0.648,  9.07e+09),
           ( 0.651,  9.79e+09),
           ( 0.655,  7.69e+09),
           ( 0.658,  9.25e+09),
           ( 0.662,  9.85e+09),
           ( 0.665,  7.83e+09),
           ( 0.668,  8.47e+09),
           ( 0.672,  9.48e+09),
           ( 0.675,  1.15e+10),
           ( 0.678,  1.08e+10),
           ( 0.682,  1.06e+10),
           ( 0.685,  1.10e+10),
           ( 0.688,  1.03e+10),
           ( 0.692,  1.10e+10),
           ( 0.695,  9.48e+09),
           ( 0.699,  1.07e+10),
           ( 0.702,  8.76e+09),
           ( 0.705,  1.23e+10),
           ( 0.712,  8.61e+09),
           ( 0.715,  1.22e+10),
           ( 0.719,  1.07e+10),
           ( 0.722,  1.16e+10),
           ( 0.726,  1.35e+10),
           ( 0.729,  1.17e+10),
           ( 0.736,  1.44e+10),
           ( 0.742,  1.01e+10),
           ( 0.746,  1.28e+10),
           ( 0.753,  1.10e+10),
           ( 0.756,  1.08e+10),
           ( 0.759,  1.20e+10),
           ( 0.763,  1.54e+10),
           ( 0.766,  1.22e+10),
           ( 0.769,  1.44e+10),
           ( 0.773,  1.11e+10),
           ( 0.776,  1.26e+10),
           ( 0.780,  1.09e+10),
           ( 0.783,  8.11e+09),
           ( 0.786,  1.02e+10),
           ( 0.790,  9.56e+09),
           ( 0.793,  1.04e+10),
           ( 0.796,  9.70e+09),
           ( 0.800,  1.06e+10),
           ( 0.803,  9.89e+09),
           ( 0.810,  1.12e+10),
           ( 0.817,  8.11e+09),
           ( 0.820,  8.95e+09),
           ( 0.823,  8.81e+09),
           ( 0.827,  9.91e+09),
           ( 0.830,  1.01e+10),
           ( 0.834,  9.91e+09),
           ( 0.840,  1.11e+10),
           ( 0.844,  7.59e+09),
           ( 0.850,  8.61e+09),
           ( 0.854,  1.04e+10),
           ( 0.857,  1.05e+10),
           ( 0.861,  9.80e+09),
           ( 0.864,  9.67e+09),
           ( 0.867,  1.03e+10),
           ( 0.871,  1.03e+10),
           ( 0.874,  1.06e+10),
           ( 0.877,  1.24e+10),
           ( 0.884,  8.64e+09),
           ( 0.894,  1.06e+10),
           ( 0.898,  8.08e+09),
           ( 0.901,  1.09e+10),
           ( 0.904,  9.82e+09),
           ( 0.908,  9.87e+09),
           ( 0.911,  1.24e+10),
           ( 0.915,  1.07e+10),
           ( 0.918,  1.00e+10),
           ( 0.921,  1.06e+10),
           ( 0.925,  1.07e+10),
           ( 0.931,  1.00e+10),
           ( 0.935,  8.74e+09),
           ( 0.938,  9.26e+09),
           ( 0.942,  1.03e+10),
           ( 0.945,  1.05e+10),
           ( 0.948,  9.50e+09),
           ( 0.952,  1.23e+10),
           ( 0.955,  1.05e+10),
           ( 0.962,  9.65e+09),
           ( 0.965,  1.04e+10),
           ( 0.969,  9.34e+09),
           ( 0.972,  1.01e+10),
           ( 0.975,  8.48e+09),
           ( 0.979,  9.08e+09),
           ( 0.982,  1.13e+10),
           ( 0.985,  1.10e+10),
           ( 0.989,  7.99e+09),
           ( 0.992,  8.33e+09),
           ( 0.996,  1.02e+10),
           ( 1.002,  9.08e+09),
           ( 1.006,  1.19e+10),
           ( 1.009,  9.90e+09),
           ( 1.012,  9.78e+09),
           ( 1.016,  1.17e+10),
           ( 1.019,  1.12e+10),
           ( 1.023,  1.04e+10),
           ( 1.026,  7.98e+09),
           ( 1.033,  1.08e+10),
           ( 1.036,  9.07e+09),
           ( 1.039,  1.00e+10),
           ( 1.043,  1.22e+10),
           ( 1.046,  1.12e+10),
           ( 1.050,  6.59e+09),
           ( 1.056,  1.06e+10),
           ( 1.060,  1.06e+10),
           ( 1.063,  8.34e+09),
           ( 1.066,  1.07e+10),
           ( 1.070,  9.07e+09),
           ( 1.073,  8.94e+09),
           ( 1.077,  9.22e+09),
           ( 1.080,  8.67e+09),
           ( 1.083,  8.44e+09),
           ( 1.087,  1.00e+10),
           ( 1.090,  1.07e+10),
           ( 1.093,  7.77e+09),
           ( 1.097,  9.71e+09),
           ( 1.100,  9.60e+09),
           ( 1.104,  1.13e+10),
           ( 1.107,  9.92e+09),
           ( 1.110,  9.69e+09),
           ( 1.117,  1.16e+10),
           ( 1.120,  8.16e+09),
           ( 1.124,  7.62e+09),
           ( 1.127,  1.04e+10),
           ( 1.131,  9.35e+09),
           ( 1.134,  1.06e+10),
           ( 1.137,  1.07e+10),
           ( 1.141,  9.65e+09),
           ( 1.144,  9.19e+09),
           ( 1.147,  7.89e+09),
           ( 1.151,  1.03e+10),
           ( 1.154,  1.14e+10),
           ( 1.158,  1.07e+10),
           ( 1.161,  9.38e+09),
           ( 1.164,  1.19e+10),
           ( 1.168,  1.12e+10),
           ( 1.171,  9.98e+09),
           ( 1.175,  1.08e+10),
           ( 1.178,  9.66e+09),
           ( 1.181,  9.51e+09),
           ( 1.185,  1.29e+10),
           ( 1.195,  7.71e+09),
           ( 1.198,  1.02e+10),
           ( 1.205,  7.44e+09),
           ( 1.208,  8.86e+09),
           ( 1.212,  8.13e+09),
           ( 1.215,  1.08e+10),
           ( 1.218,  8.16e+09),
           ( 1.222,  9.87e+09),
           ( 1.225,  7.84e+09),
           ( 1.228,  1.05e+10),
           ( 1.232,  6.51e+09),
           ( 1.235,  9.79e+09),
           ( 1.239,  9.28e+09),
           ( 1.242,  9.30e+09),
           ( 1.245,  1.03e+10),
           ( 1.249,  6.46e+09),
           ( 1.252,  9.05e+09),
           ( 1.255,  1.02e+10),
           ( 1.259,  8.74e+09),
           ( 1.262,  8.40e+09),
           ( 1.266,  9.19e+09),
           ( 1.269,  7.06e+09),
           ( 1.272,  7.76e+09),
           ( 1.276,  9.11e+09),
           ( 1.279,  1.12e+10),
           ( 1.286,  8.03e+09),
           ( 1.289,  5.65e+09),
           ( 1.296,  8.61e+09),
           ( 1.299,  8.93e+09),
           ( 1.306,  6.06e+09),
           ( 1.309,  7.51e+09),
           ( 1.316,  7.05e+09),
           ( 1.320,  9.42e+09),
           ( 1.323,  9.48e+09),
           ( 1.326,  8.35e+09),
           ( 1.330,  9.38e+09),
           ( 1.333,  6.82e+09),
           ( 1.340,  1.06e+10),
           ( 1.343,  7.36e+09),
           ( 1.347,  7.74e+09),
           ( 1.353,  8.76e+09),
           ( 1.357,  9.00e+09),
           ( 1.360,  6.95e+09),
           ( 1.363,  7.10e+09),
           ( 1.367,  9.78e+09),
           ( 1.370,  8.48e+09),
           ( 1.374,  8.25e+09),
           ( 1.377,  8.82e+09),
           ( 1.380,  8.12e+09),
           ( 1.384,  9.07e+09),
           ( 1.387,  9.16e+09),
           ( 1.390,  7.78e+09),
           ( 1.394,  8.63e+09),
           ( 1.397,  8.93e+09),
           ( 1.404,  6.21e+09),
           ( 1.411,  9.06e+09),
           ( 1.417,  9.49e+09),
           ( 1.421,  6.85e+09),
           ( 1.424,  8.08e+09),
           ( 1.428,  8.06e+09),
           ( 1.431,  6.68e+09),
           ( 1.434,  7.15e+09),
           ( 1.438,  6.64e+09),
           ( 1.441,  9.55e+09),
           ( 1.444,  7.63e+09),
           ( 1.448,  8.11e+09),
           ( 1.451,  7.68e+09),
           ( 1.455,  8.27e+09),
           ( 1.458,  7.88e+09),
           ( 1.461,  8.24e+09),
           ( 1.465,  8.23e+09),
           ( 1.471,  6.53e+09),
           ( 1.475,  6.70e+09),
           ( 1.478,  5.64e+09),
           ( 1.482,  7.89e+09),
           ( 1.485,  5.88e+09),
           ( 1.488,  5.80e+09),
           ( 1.492,  5.47e+09),
           ( 1.495,  4.68e+09),
           ( 1.498,  6.89e+09),
           ( 1.505,  7.13e+09),
           ( 1.509,  6.04e+09),
           ( 1.512,  7.59e+09),
           ( 1.515,  7.53e+09),
           ( 1.519,  6.72e+09),
           ( 1.522,  6.49e+09),
           ( 1.525,  6.46e+09),
           ( 1.529,  6.67e+09),
           ( 1.532,  3.95e+09),
           ( 1.536,  3.96e+09),
           ( 1.539,  3.91e+09),
           ( 1.542,  4.01e+09),
           ( 1.546,  6.95e+09),
           ( 1.549,  4.86e+09),
           ( 1.552,  7.39e+09),
           ( 1.556,  4.92e+09),
           ( 1.559,  6.98e+09),
           ( 1.563,  5.96e+09),
           ( 1.566,  5.56e+09),
           ( 1.569,  5.59e+09),
           ( 1.573,  5.90e+09),
           ( 1.576,  5.29e+09),
           ( 1.579,  4.04e+09),
           ( 1.586,  6.13e+09),
           ( 1.590,  4.31e+09),
           ( 1.593,  3.47e+09),
           ( 1.596,  3.89e+09),
           ( 1.600,  3.94e+09),
           ( 1.603,  3.49e+09),
           ( 1.606,  4.55e+09),
           ( 1.613,  3.31e+09),
           ( 1.617,  3.26e+09),
           ( 1.620,  5.35e+09),
           ( 1.623,  3.16e+09),
           ( 1.627,  3.10e+09),
           ( 1.630,  4.93e+09),
           ( 1.633,  3.28e+09),
           ( 1.640,  1.59e+09),
           ( 1.644,  3.51e+09),
           ( 1.647,  3.06e+09),
           ( 1.650,  3.82e+08),
           ( 1.654,  8.40e+08),
           ( 1.657,  4.29e+09),
           ( 1.660,  3.11e+09),
           ( 1.667,  7.02e+09),
           ( 1.671,  4.44e+09),
           ( 1.674,  5.77e+09),
           ( 1.681,  1.57e+09),
           ( 1.684,  1.77e+09),
           ( 1.688,  3.04e+09),
           ( 1.691,  2.39e+09),
           ( 1.694,  2.36e+09),
           ( 1.698,  2.82e+09),
           ( 1.701,  3.70e+09),
           ( 1.704,  3.12e+09),
           ( 1.708,  3.09e+09),
           ( 1.711,  3.83e+09),
           ( 1.715,  2.21e+09),
           ( 1.718,  3.98e+09),
           ( 1.721,  9.40e+08),
           ( 1.725,  2.76e+09),
           ( 1.728,  3.01e+09),
           ( 1.731,  1.70e+09),
           ( 1.735,  1.59e+09),
           ( 1.738,  1.85e+09),
           ( 1.742,  7.53e+08),
           ( 1.748,  2.62e+09),
           ( 1.752,  3.00e+09),
           ( 1.755,  1.49e+08),
           ( 1.758,  3.20e+09),
           ( 1.762,  6.34e+08),
           ( 1.765,  2.39e+09),
           ( 1.768,  3.03e+09),
           ( 1.772,  2.27e+09),
           ( 1.779,  2.30e+09),
           ( 1.782,  1.15e+09),
           ( 1.785,  1.93e+09),
           ( 1.789,  9.69e+08),
           ( 1.792,  1.37e+09),
           ( 1.795,  2.08e+09),
           ( 1.799,  3.95e+08),
           ( 1.802,  3.67e+09),
           ( 1.809,  1.83e+09),
           ( 1.812,  2.55e+09),
           ( 1.816,  6.33e+08),
           ( 1.819,  4.30e+07),
           ( 1.822,  2.50e+09),
           ( 1.826, -3.65e+06),
           ( 1.829,  1.30e+09),
           ( 1.833,  8.05e+08),
           ( 1.836,  3.22e+09),
           ( 1.843,  1.70e+09),
           ( 1.846,  1.18e+09),
           ( 1.849,  3.11e+09),
           ( 1.853,  2.29e+08),
           ( 1.863,  2.41e+09),
           ( 1.870,  3.19e+09),
           ( 1.873,  2.79e+09),
           ( 1.877,  3.00e+08),
           ( 1.880,  5.58e+07),
           ( 1.883,  1.93e+09),
           ( 1.887,  1.50e+09),
           ( 1.890,  1.35e+09),
           ( 1.893,  2.26e+09),
           ( 1.897,  2.07e+09),
           ( 1.900,  3.79e+08),
           ( 1.903, -1.90e+08),
           ( 1.910,  3.07e+09),
           ( 1.914,  1.52e+09),
           ( 1.917,  1.73e+09),
           ( 1.920,  8.89e+08),
           ( 1.924,  3.84e+09),
           ( 1.927,  3.66e+08),
           ( 1.930,  6.14e+08),
           ( 1.934,  1.51e+09),
           ( 1.937,  1.64e+09),
           ( 1.941,  3.85e+09),
           ( 1.944,  1.93e+09),
           ( 1.947,  1.35e+09),
           ( 1.951,  3.61e+08),
           ( 1.954,  1.43e+09),
           ( 1.957,  9.67e+08),
           ( 1.961,  1.01e+09),
           ( 1.964,  1.01e+09),
           ( 1.971,  3.36e+09),
           ( 1.974,  4.25e+08),
           ( 1.978,  2.56e+09),
           ( 1.981,  6.99e+08),
           ( 1.984,  9.42e+08),
           ( 1.988,  3.56e+09),
           ( 1.991,  1.80e+09),
           ( 1.995,  1.02e+09),
           ( 1.998,  1.16e+09),
           ( 2.001,  3.11e+09),
           ( 2.005,  3.10e+08),
           ( 2.008,  2.18e+09),
           ( 2.011,  2.79e+09),
           ( 2.015,  2.02e+09),
           ( 2.018,  2.87e+09),
           ( 2.022,  9.64e+08),
           ( 2.025,  2.46e+08),
           ( 2.028,  1.01e+09),
           ( 2.032,  3.31e+09),
           ( 2.035,  5.98e+08),
           ( 2.038,  1.59e+09),
           ( 2.042,  6.65e+08),
           ( 2.045,  1.89e+09),
           ( 2.049,  3.75e+09),
           ( 2.052,  1.49e+09),
           ( 2.055,  1.48e+09),
           ( 2.059,  1.91e+09),
           ( 2.062,  1.70e+09),
           ( 2.065,  1.69e+09),
           ( 2.069,  2.56e+09),
           ( 2.072,  2.49e+09),
           ( 2.076,  1.99e+09),
           ( 2.079,  3.34e+08),
           ( 2.082,  3.58e+09),
           ( 2.086,  2.41e+09),
           ( 2.089, -6.11e+08),
           ( 2.092,  3.81e+09),
           ( 2.096, -5.90e+08),
           ( 2.099,  1.59e+09),
           ( 2.103,  1.07e+09),
           ( 2.106,  1.16e+09),
           ( 2.113, -1.11e+09),
           ( 2.116,  3.82e+08),
           ( 2.119, -1.30e+08),
           ( 2.123,  2.71e+08),
           ( 2.126,  3.08e+09),
           ( 2.130,  4.99e+08),
           ( 2.133,  9.21e+08),
           ( 2.143,  2.59e+09),
           ( 2.146,  1.95e+09),
           ( 2.150,  1.71e+09),
           ( 2.153,  3.09e+09),
           ( 2.157,  9.64e+07),
           ( 2.160,  2.37e+09),
           ( 2.167, -5.41e+08),
           ( 2.170,  1.89e+09),
           ( 2.173, -1.96e+08),
           ( 2.180,  5.69e+08),
           ( 2.184, -5.89e+08),
           ( 2.187,  2.32e+09),
           ( 2.190,  3.94e+08),
           ( 2.194,  1.11e+09),
           ( 2.197, -8.17e+08),
           ( 2.204,  1.96e+09),
           ( 2.207,  1.92e+09),
           ( 2.211, -6.18e+08),
           ( 2.214,  4.40e+08),
           ( 2.217,  1.23e+08),
           ( 2.221,  1.04e+09),
           ( 2.224,  7.19e+07),
           ( 2.228,  2.80e+09),
           ( 2.231,  4.54e+08),
           ( 2.234,  1.08e+09),
           ( 2.238,  2.95e+09),
           ( 2.241,  1.16e+09),
           ( 2.244,  1.66e+09),
           ( 2.248,  6.27e+08),
           ( 2.251,  1.48e+09),
           ( 2.255,  6.54e+08),
           ( 2.258,  1.17e+09),
           ( 2.261,  1.80e+08),
           ( 2.265,  2.08e+09),
           ( 2.268,  9.66e+08),
           ( 2.271,  1.35e+09),
           ( 2.275,  1.71e+08),
           ( 2.278,  1.59e+09),
           ( 2.282,  1.12e+09),
           ( 2.285,  1.34e+09),
           ( 2.288,  1.39e+09),
           ( 2.292,  3.00e+09),
           ( 2.295, -1.33e+08),
           ( 2.298,  2.10e+08),
           ( 2.302,  2.07e+09),
           ( 2.305,  8.19e+08),
           ( 2.308,  2.01e+09),
           ( 2.312, -1.55e+09),
           ( 2.315,  2.08e+09),
           ( 2.319,  1.46e+09),
           ( 2.322, -8.46e+08),
           ( 2.325,  1.05e+09),
           ( 2.329, -1.98e+09),
           ( 2.335,  2.27e+09),
           ( 2.339,  2.05e+09),
           ( 2.342,  4.67e+08),
           ( 2.346, -3.23e+08),
           ( 2.349,  1.23e+09),
           ( 2.352,  8.75e+08),
           ( 2.356, -1.64e+09),
           ( 2.359,  1.33e+09),
           ( 2.362,  1.73e+08),
           ( 2.366,  1.78e+09),
           ( 2.369, -9.96e+08),
           ( 2.373,  2.51e+09),
           ( 2.376,  2.60e+09),
           ( 2.379,  6.26e+08),
           ( 2.383, -7.41e+07),
           ( 2.389,  7.91e+08),
           ( 2.393, -1.10e+08),
           ( 2.396,  1.18e+09),
           ( 2.400,  7.27e+08),
           ( 2.403,  7.60e+08),
           ( 2.406, -1.67e+09),
           ( 2.410,  1.52e+09),
           ( 2.413,  1.27e+09),
           ( 2.417,  1.27e+09),
           ( 2.423,  1.68e+09),
           ( 2.427, -3.38e+07),
           ( 2.430,  3.08e+08),
           ( 2.433,  1.04e+09),
           ( 2.437,  1.15e+09),
           ( 2.440,  2.76e+08),
           ( 2.443,  5.62e+08),
           ( 2.447, -1.03e+09),
           ( 2.450,  2.81e+08),
           ( 2.454,  1.74e+07),
           ( 2.457, -6.29e+08),
           ( 2.460,  4.90e+08),
           ( 2.464, -7.24e+08),
           ( 2.467,  9.41e+08),
           ( 2.470,  1.10e+09),
           ( 2.474, -4.23e+08),
           ( 2.477,  8.12e+08),
           ( 2.481,  6.06e+08),
           ( 2.484,  1.82e+09),
           ( 2.487, -1.34e+07),
           ( 2.494,  8.62e+08),
           ( 2.497,  7.77e+08),
           ( 2.501, -1.32e+09),
           ( 2.504,  1.32e+09),
           ( 2.508,  1.54e+09),
           ( 2.511, -7.48e+08),
           ( 2.514,  9.34e+08),
           ( 2.521, -2.04e+09),
           ( 2.524, -4.42e+08),
           ( 2.528, -9.61e+08),
           ( 2.531, -1.18e+09),
           ( 2.535,  2.83e+08),
           ( 2.538, -6.20e+08),
           ( 2.541,  3.03e+08),
           ( 2.545,  2.17e+09),
           ( 2.548, -1.73e+09),
           ( 2.551,  5.97e+08),
           ( 2.555,  4.57e+08),
           ( 2.558,  2.42e+09),
           ( 2.562, -4.56e+08),
           ( 2.565,  8.53e+08),
           ( 2.568,  1.07e+09),
           ( 2.572,  8.38e+08),
           ( 2.575, -1.08e+09),
           ( 2.582,  1.16e+09),
           ( 2.585,  1.06e+09),
           ( 2.589,  6.80e+08),
           ( 2.592,  1.64e+09),
           ( 2.595,  1.41e+09),
           ( 2.599, -6.59e+08),
           ( 2.602,  7.42e+08),
           ( 2.605, -2.49e+08),
           ( 2.609,  1.66e+09),
           ( 2.612,  1.66e+09),
           ( 2.616,  2.19e+09),
           ( 2.619, -4.46e+08),
           ( 2.622,  1.30e+09),
           ( 2.629,  5.93e+08),
           ( 2.632,  2.42e+09),
           ( 2.636,  2.15e+09),
           ( 2.639,  6.50e+08),
           ( 2.643,  6.04e+08),
           ( 2.646, -8.72e+08),
           ( 2.649,  2.09e+09),
           ( 2.653,  2.28e+08),
           ( 2.656,  5.90e+08),
           ( 2.659,  3.21e+09),
           ( 2.663,  3.11e+09),
           ( 2.666,  3.07e+09),
           ( 2.670,  4.37e+07),
           ( 2.673,  6.64e+08),
           ( 2.676,  5.73e+08),
           ( 2.680,  1.16e+09),
           ( 2.683,  7.17e+07),
           ( 2.686,  1.72e+09),
           ( 2.693,  2.22e+09),
           ( 2.700, -5.01e+07),
           ( 2.703,  2.10e+09),
           ( 2.710,  1.19e+09),
           ( 2.713,  1.79e+08),
           ( 2.717,  1.02e+09),
           ( 2.720,  1.22e+09),
           ( 2.724,  2.73e+09),
           ( 2.727,  9.33e+07),
           ( 2.730,  1.01e+09),
           ( 2.734,  1.19e+09),
           ( 2.737, -7.70e+08),
           ( 2.740,  2.34e+09),
           ( 2.744,  4.32e+08),
           ( 2.747,  2.21e+09),
           ( 2.751, -4.87e+08),
           ( 2.754,  1.95e+07),
           ( 2.757, -9.09e+08),
           ( 2.761,  2.44e+09),
           ( 2.764,  2.12e+09),
           ( 2.767,  1.53e+08),
           ( 2.771, -4.76e+08),
           ( 2.774,  1.00e+09),
           ( 2.778,  6.28e+08),
           ( 2.781,  1.80e+09),
           ( 2.784,  2.89e+08),
           ( 2.788,  1.16e+09),
           ( 2.791, -2.37e+08),
           ( 2.794, -4.96e+08),
           ( 2.798,  2.04e+09),
           ( 2.801,  1.15e+09),
           ( 2.805,  1.83e+09),
           ( 2.808, -6.65e+08),
           ( 2.811,  1.25e+09),
           ( 2.815, -3.17e+08),
           ( 2.822,  3.24e+09),
           ( 2.825,  4.29e+07),
           ( 2.832,  2.34e+09),
           ( 2.835,  7.74e+08),
           ( 2.838,  1.42e+09),
           ( 2.842,  5.02e+08),
           ( 2.845,  4.31e+09),
           ( 2.848,  1.27e+07),
           ( 2.852,  1.83e+09),
           ( 2.855,  1.82e+09),
           ( 2.859, -7.56e+07),
           ( 2.862,  1.49e+09),
           ( 2.865, -1.25e+09),
           ( 2.869,  1.03e+09),
           ( 2.872,  9.71e+08),
           ( 2.875,  5.08e+08),
           ( 2.879, -9.60e+08),
           ( 2.882,  1.37e+09),
           ( 2.886,  6.80e+08),
           ( 2.889,  2.71e+09),
           ( 2.892,  1.60e+09),
           ( 2.896, -1.20e+09),
           ( 2.899, -1.33e+09),
           ( 2.902,  2.23e+09),
           ( 2.906,  2.98e+09),
           ( 2.909, -2.96e+08),
           ( 2.913,  2.87e+08),
           ( 2.916,  5.33e+08),
           ( 2.919,  1.04e+09),
           ( 2.926,  8.02e+08),
           ( 2.929, -1.39e+08),
           ( 2.933,  9.85e+08),
           ( 2.936,  1.06e+09),
           ( 2.940, -3.92e+08),
           ( 2.943, -9.65e+08),
           ( 2.946,  1.12e+09),
           ( 2.950, -3.23e+08),
           ( 2.953,  2.39e+08),
           ( 2.957,  1.53e+09),
           ( 2.960,  3.00e+08),
           ( 2.963,  6.21e+08),
           ( 2.967,  5.58e+08),
           ( 2.970,  3.54e+08),
           ( 2.973, -2.75e+08),
           ( 2.983,  6.36e+08),
           ( 2.987, -1.03e+09),
           ( 2.990,  1.46e+09),
           ( 3.000,  1.87e+06),
           ( 3.004, -1.39e+08),
           ( 3.007, -6.77e+08),
           ( 3.010,  5.79e+08),
           ( 3.014,  2.94e+08),
           ( 3.021, -6.04e+08),
           ( 3.027, -1.01e+09),
           ( 3.031, -2.93e+08),
           ( 3.034, -6.33e+08),
           ( 3.037,  2.03e+09),
           ( 3.041, -1.43e+09),
           ( 3.044, -1.25e+09),
           ( 3.051,  2.38e+08),
           ( 3.054,  3.80e+07),
           ( 3.058, -4.97e+08),
           ( 3.061, -1.15e+08),
           ( 3.064, -8.44e+08),
           ( 3.068, -1.15e+09),
           ( 3.071, -1.92e+09),
           ( 3.075, -1.20e+09),
           ( 3.078, -1.60e+09),
           ( 3.081,  1.80e+09),
           ( 3.085,  3.14e+08),
           ( 3.088,  6.47e+07),
           ( 3.091,  8.31e+08),
           ( 3.095, -5.28e+08),
           ( 3.098, -3.28e+08),
           ( 3.102,  1.12e+08),
           ( 3.105,  2.09e+08),
           ( 3.108, -1.21e+08),
           ( 3.112, -1.29e+09),
           ( 3.118,  1.40e+09),
           ( 3.122, -9.62e+08),
           ( 3.125, -5.18e+08),
           ( 3.129,  5.17e+08),
           ( 3.132, -4.75e+08),
           ( 3.139,  4.26e+08),
           ( 3.142,  2.49e+08),
           ( 3.145,  6.87e+08),
           ( 3.149, -1.07e+09),
           ( 3.152, -1.09e+07),
           ( 3.156, -1.82e+09),
           ( 3.162,  1.58e+09),
           ( 3.166, -3.31e+07),
           ( 3.169,  7.78e+08),
           ( 3.172,  1.02e+09),
           ( 3.176,  3.12e+08),
           ( 3.179, -2.00e+09),
           ( 3.183, -1.66e+09),
           ( 3.186, -4.34e+08),
           ( 3.189, -4.50e+08),
           ( 3.193,  2.36e+08),
           ( 3.196, -5.63e+08),
           ( 3.199, -5.33e+08),
           ( 3.203,  2.50e+08),
           ( 3.206, -1.32e+09),
           ( 3.210,  4.86e+08),
           ( 3.213, -4.76e+08),
           ( 3.216, -9.32e+08),
           ( 3.220, -7.04e+08),
           ( 3.223,  4.96e+08),
           ( 3.226, -3.07e+08),
           ( 3.230, -2.55e+08),
           ( 3.233,  1.75e+08),
           ( 3.237, -1.20e+09),
           ( 3.240,  3.31e+08),
           ( 3.243,  5.10e+08),
           ( 3.247,  1.50e+09),
           ( 3.250,  1.29e+09),
           ( 3.257, -9.27e+08),
           ( 3.260, -1.70e+09),
           ( 3.267,  1.01e+09),
           ( 3.270,  7.48e+08),
           ( 3.274, -4.01e+08),
           ( 3.277, -8.43e+08),
           ( 3.280, -6.89e+08),
           ( 3.284,  7.50e+08),
           ( 3.287, -5.90e+08),
           ( 3.291, -1.25e+09),
           ( 3.297,  2.57e+08),
           ( 3.301,  1.21e+09),
           ( 3.307, -1.37e+09),
           ( 3.311,  1.85e+08),
           ( 3.314, -2.98e+08),
           ( 3.318,  7.73e+07),
           ( 3.321, -8.81e+08),
           ( 3.324,  3.80e+08),
           ( 3.331,  6.18e+08),
           ( 3.334, -1.57e+08),
           ( 3.338,  6.41e+08),
           ( 3.341,  7.13e+08),
           ( 3.345, -5.07e+08),
           ( 3.348, -9.93e+08),
           ( 3.351, -2.18e+08),
           ( 3.355, -3.54e+08),
           ( 3.358, -1.15e+09),
           ( 3.361,  1.12e+09),
           ( 3.365, -8.52e+08),
           ( 3.368,  6.54e+08),
           ( 3.372, -1.26e+09),
           ( 3.375, -3.61e+07),
           ( 3.378, -4.99e+08),
           ( 3.382, -1.69e+08),
           ( 3.385,  1.61e+09),
           ( 3.388, -3.82e+08),
           ( 3.392, -2.09e+08),
           ( 3.395, -1.45e+09),
           ( 3.399, -1.07e+08),
           ( 3.402, -7.73e+08),
           ( 3.405,  1.62e+09),
           ( 3.409, -1.09e+09),
           ( 3.412, -1.65e+09),
           ( 3.419,  1.26e+09),
           ( 3.422,  1.24e+09),
           ( 3.426,  1.12e+09),
           ( 3.429, -1.66e+09),
           ( 3.432, -3.36e+08),
           ( 3.436, -2.10e+09),
           ( 3.439,  7.12e+08),
           ( 3.442,  2.92e+08),
           ( 3.446,  1.94e+09),
           ( 3.449, -4.16e+08),
           ( 3.453,  1.09e+09),
           ( 3.456, -1.95e+08),
           ( 3.459, -3.75e+08),
           ( 3.463, -1.45e+09),
           ( 3.466, -3.57e+08),
           ( 3.470, -1.53e+09),
           ( 3.473,  3.49e+08),
           ( 3.476, -1.15e+08),
           ( 3.480,  9.32e+08),
           ( 3.483, -6.45e+08),
           ( 3.486,  2.44e+08),
           ( 3.490, -2.11e+08),
           ( 3.493, -1.30e+09),
           ( 3.497,  2.22e+09),
           ( 3.500, -1.49e+09),
           ( 3.503,  9.99e+07),
           ( 3.507,  5.81e+08),
           ( 3.510,  6.59e+08),
           ( 3.513, -3.55e+08),
           ( 3.523,  1.77e+09),
           ( 3.527,  1.35e+08),
           ( 3.530,  1.94e+09),
           ( 3.534,  2.26e+08),
           ( 3.540, -3.34e+08),
           ( 3.544,  8.91e+08),
           ( 3.547, -1.42e+09),
           ( 3.550,  5.45e+08),
           ( 3.557, -8.29e+08),
           ( 3.561,  1.42e+09),
           ( 3.564,  8.25e+08),
           ( 3.567, -5.61e+08),
           ( 3.571,  1.28e+09),
           ( 3.574, -1.09e+09),
           ( 3.577, -5.57e+08),
           ( 3.581,  7.96e+08),
           ( 3.584, -9.69e+08),
           ( 3.588, -1.17e+09),
           ( 3.591,  8.01e+08),
           ( 3.594, -6.89e+08),
           ( 3.598,  5.41e+08),
           ( 3.601,  5.28e+08),
           ( 3.604, -1.31e+09),
           ( 3.608,  9.69e+08),
           ( 3.611, -6.54e+08),
           ( 3.615,  1.75e+08),
           ( 3.618, -5.88e+08),
           ( 3.621,  7.08e+08),
           ( 3.625, -2.99e+08),
           ( 3.628, -3.99e+08),
           ( 3.631, -3.49e+08),
           ( 3.635,  2.30e+08),
           ( 3.638,  2.68e+08),
           ( 3.642, -8.08e+07),
           ( 3.645, -7.51e+08),
           ( 3.648, -3.87e+08),
           ( 3.652, -6.58e+08),
           ( 3.655,  9.40e+08),
           ( 3.658, -2.60e+09),
           ( 3.662,  1.26e+08),
           ( 3.665, -1.02e+09),
           ( 3.669, -2.61e+08),
           ( 3.672, -1.43e+09),
           ( 3.675,  1.67e+09),
           ( 3.679, -2.63e+08),
           ( 3.682, -7.59e+08),
           ( 3.685, -1.70e+08),
           ( 3.689, -4.80e+08),
           ( 3.692,  6.24e+08),
           ( 3.696,  6.51e+08),
           ( 3.699, -9.54e+08),
           ( 3.702,  1.06e+09),
           ( 3.706, -1.68e+09),
           ( 3.709,  1.04e+09),
           ( 3.712,  1.29e+08),
           ( 3.716,  1.68e+08),
           ( 3.719,  6.51e+06),
           ( 3.726,  1.17e+09),
           ( 3.729,  7.84e+07),
           ( 3.733,  5.60e+08),
           ( 3.736,  2.11e+08),
           ( 3.739,  9.26e+08),
           ( 3.743, -1.67e+09),
           ( 3.750,  1.14e+09),
           ( 3.753, -8.32e+08),
           ( 3.756, -4.17e+08),
           ( 3.760, -5.74e+08),
           ( 3.763, -8.36e+08),
           ( 3.770, -4.37e+08),
           ( 3.773,  6.56e+08),
           ( 3.777, -1.44e+09),
           ( 3.780, -1.18e+09),
           ( 3.783,  5.97e+08),
           ( 3.787,  4.03e+09),
           ( 3.790,  1.02e+09),
           ( 3.793,  1.04e+09),
           ( 3.797,  8.53e+08),
           ( 3.800,  1.65e+09),
           ( 3.807, -2.88e+09),
           ( 3.810,  1.78e+09),
           ( 3.814, -9.84e+08),
           ( 3.817,  4.89e+06),
           ( 3.820,  3.72e+08),
           ( 3.824,  2.00e+09),
           ( 3.827, -1.50e+08),
           ( 3.831, -1.09e+09),
           ( 3.834,  5.73e+08),
           ( 3.837, -9.21e+08),
           ( 3.841, -9.10e+08),
           ( 3.844,  9.54e+08),
           ( 3.847,  1.33e+09),
           ( 3.851,  7.44e+07),
           ( 3.854, -1.13e+08),
           ( 3.858,  5.06e+08),
           ( 3.861, -1.64e+09),
           ( 3.864,  7.68e+08),
           ( 3.868,  3.31e+07),
           ( 3.874, -1.81e+09),
           ( 3.878, -4.03e+08),
           ( 3.881, -1.25e+08),
           ( 3.885, -4.71e+08),
           ( 3.888, -8.89e+07),
           ( 3.891, -9.20e+08),
           ( 3.895,  6.80e+08),
           ( 3.898, -2.48e+09),
           ( 3.901,  1.44e+09),
           ( 3.905,  4.81e+08),
           ( 3.908,  5.32e+08),
           ( 3.912,  1.13e+09),
           ( 3.915, -9.33e+08),
           ( 3.918, -5.41e+08),
           ( 3.922,  6.94e+08),
           ( 3.925, -7.55e+08),
           ( 3.928, -5.20e+07),
           ( 3.932, -1.16e+08),
           ( 3.935, -1.46e+09),
           ( 3.942, -9.89e+08),
           ( 3.945,  1.90e+09),
           ( 3.952, -2.12e+09),
           ( 3.955,  9.34e+08),
           ( 3.959, -1.25e+08),
           ( 3.962, -3.50e+07),
           ( 3.966, -1.42e+09),
           ( 3.969,  9.12e+08),
           ( 3.972, -4.44e+08),
           ( 3.976,  6.32e+08),
           ( 3.979, -1.08e+09),
           ( 3.986, -5.42e+08),
           ( 3.989,  8.93e+08),
           ( 3.993,  4.25e+08),
           ( 3.999,  1.65e+09),
           ( 4.003,  9.60e+08),
           ( 4.006, -4.21e+08),
           ( 4.010, -2.43e+08),
           ( 4.013,  1.78e+09),
           ( 4.020, -6.92e+08),
           ( 4.026,  8.12e+08),
           ( 4.030,  3.87e+08),
           ( 4.033,  1.08e+09),
           ( 4.037,  2.06e+08),
           ( 4.043,  1.04e+09),
           ( 4.047,  7.25e+08),
           ( 4.050, -4.26e+08),
           ( 4.053,  6.84e+08),
           ( 4.057,  4.62e+08),
           ( 4.060,  4.02e+08),
           ( 4.063,  1.26e+08),
           ( 4.067, -7.76e+08),
           ( 4.074, -1.27e+08),
           ( 4.077, -1.79e+09),
           ( 4.084,  1.73e+09),
           ( 4.087,  9.59e+08),
           ( 4.090, -1.75e+09),
           ( 4.094,  4.89e+08),
           ( 4.097,  7.88e+08),
           ( 4.101,  1.32e+08),
           ( 4.104, -9.57e+07),
           ( 4.107,  3.69e+08),
           ( 4.111, -3.09e+08),
           ( 4.114, -3.78e+08),
           ( 4.117, -3.79e+08),
           ( 4.121,  1.02e+09),
           ( 4.124,  1.27e+09),
           ( 4.128,  6.24e+08),
           ( 4.131, -1.74e+09),
           ( 4.134,  4.89e+08),
           ( 4.138,  7.36e+08),
           ( 4.141,  3.30e+08),
           ( 4.144,  9.67e+08),
           ( 4.148,  7.19e+08),
           ( 4.151,  6.63e+08),
           ( 4.155, -1.22e+09),
           ( 4.158, -2.34e+08),
           ( 4.161,  2.11e+08),
           ( 4.165,  3.92e+08),
           ( 4.168, -3.32e+08),
           ( 4.171, -2.61e+07),
           ( 4.175, -5.55e+08),
           ( 4.178,  1.34e+08),
           ( 4.182,  1.51e+07),
           ( 4.185, -8.99e+08),
           ( 4.192,  2.97e+08),
           ( 4.195,  2.75e+08),
           ( 4.198, -5.02e+07),
           ( 4.198, -5.02e+07)]
