Bolide Detection Notification: 2007-360

At 06:46:20 UT on 26 Dec 2007, sensors aboard U. S. Government satellites recorded
the flash signature of a large meteoroid entry into the atmosphere. Location of the
flash  was Lat 61.6S, Lon 158.9W.

Based upon the visible-light intensity-time signature, peak brightness of the flash
was  determined to be approximately 2.5E10 watts/steradian, and total radiated flash
energy  1.36E11 joules (6000K blackbody model).

Columns: time, intensity (w/sr)
Intensity=[(-0.297, -1.00e+09),
           (-0.294,  1.90e+09),
           (-0.290,  2.97e+09),
           (-0.287, -7.83e+08),
           (-0.284, -5.63e+09),
           (-0.280, -3.34e+07),
           (-0.277, -1.73e+09),
           (-0.273, -3.63e+09),
           (-0.270, -1.44e+09),
           (-0.267, -1.28e+09),
           (-0.263, -1.72e+08),
           (-0.260,  2.89e+09),
           (-0.256,  4.73e+09),
           (-0.253,  4.21e+08),
           (-0.250,  1.34e+09),
           (-0.246,  1.46e+09),
           (-0.243, -5.90e+08),
           (-0.240,  3.18e+09),
           (-0.236,  2.91e+09),
           (-0.233,  1.76e+09),
           (-0.230, -6.14e+08),
           (-0.226, -7.17e+08),
           (-0.223,  1.61e+09),
           (-0.219, -6.63e+08),
           (-0.216, -3.14e+09),
           (-0.213,  1.41e+09),
           (-0.209,  3.35e+09),
           (-0.206, -5.30e+08),
           (-0.202, -1.85e+09),
           (-0.199, -3.01e+09),
           (-0.196,  1.12e+09),
           (-0.192,  2.10e+08),
           (-0.189,  3.16e+08),
           (-0.186,  3.38e+09),
           (-0.182, -2.32e+08),
           (-0.179, -1.29e+09),
           (-0.176,  1.39e+08),
           (-0.172, -5.01e+08),
           (-0.169, -2.52e+09),
           (-0.165, -3.42e+09),
           (-0.162,  1.74e+08),
           (-0.159,  2.17e+09),
           (-0.155,  5.67e+08),
           (-0.152, -6.64e+08),
           (-0.148, -1.52e+07),
           (-0.145, -1.83e+09),
           (-0.142,  1.14e+09),
           (-0.138,  3.37e+07),
           (-0.135, -1.54e+09),
           (-0.132, -1.11e+09),
           (-0.128, -1.11e+09),
           (-0.125, -1.07e+09),
           (-0.122, -4.06e+09),
           (-0.118, -3.48e+09),
           (-0.115, -1.53e+09),
           (-0.111,  1.91e+09),
           (-0.108,  3.38e+09),
           (-0.105, -6.19e+08),
           (-0.101, -2.04e+09),
           (-0.098,  1.88e+09),
           (-0.094,  4.14e+09),
           (-0.091,  1.62e+09),
           (-0.088,  9.01e+08),
           (-0.084, -2.11e+09),
           (-0.081,  2.24e+09),
           (-0.078, -1.07e+09),
           (-0.074, -1.50e+09),
           (-0.071,  2.94e+06),
           (-0.068,  1.93e+09),
           (-0.064,  3.89e+09),
           (-0.061,  4.90e+09),
           (-0.057,  6.85e+08),
           (-0.054,  4.28e+09),
           (-0.051,  2.07e+09),
           (-0.047,  6.31e+07),
           (-0.044, -1.68e+09),
           (-0.040,  1.29e+09),
           (-0.037,  3.78e+08),
           (-0.034, -1.89e+08),
           (-0.030,  8.14e+08),
           (-0.027,  2.83e+09),
           (-0.024,  6.11e+09),
           (-0.020,  5.27e+09),
           (-0.017,  5.73e+09),
           (-0.014,  9.05e+09),
           (-0.010,  4.25e+09),
           (-0.007,  6.13e+09),
           (-0.003,  1.33e+10),
           ( 0.000,  1.13e+10),
           ( 0.003,  1.08e+10),
           ( 0.007,  1.53e+10),
           ( 0.010,  1.88e+10),
           ( 0.014,  1.76e+10),
           ( 0.017,  1.64e+10),
           ( 0.020,  1.48e+10),
           ( 0.024,  1.51e+10),
           ( 0.027,  1.59e+10),
           ( 0.030,  1.49e+10),
           ( 0.034,  1.58e+10),
           ( 0.037,  1.64e+10),
           ( 0.040,  2.21e+10),
           ( 0.044,  2.27e+10),
           ( 0.047,  2.13e+10),
           ( 0.051,  2.26e+10),
           ( 0.054,  2.05e+10),
           ( 0.057,  1.81e+10),
           ( 0.061,  1.93e+10),
           ( 0.064,  2.08e+10),
           ( 0.068,  2.56e+10),
           ( 0.071,  2.34e+10),
           ( 0.074,  2.64e+10),
           ( 0.078,  2.84e+10),
           ( 0.081,  2.13e+10),
           ( 0.084,  1.61e+10),
           ( 0.088,  2.22e+10),
           ( 0.091,  1.96e+10),
           ( 0.094,  2.11e+10),
           ( 0.098,  2.24e+10),
           ( 0.101,  2.28e+10),
           ( 0.105,  2.56e+10),
           ( 0.108,  2.61e+10),
           ( 0.111,  2.52e+10),
           ( 0.115,  2.20e+10),
           ( 0.118,  2.26e+10),
           ( 0.122,  2.43e+10),
           ( 0.125,  2.58e+10),
           ( 0.128,  2.39e+10),
           ( 0.132,  2.60e+10),
           ( 0.135,  2.27e+10),
           ( 0.138,  2.07e+10),
           ( 0.142,  1.94e+10),
           ( 0.145,  2.04e+10),
           ( 0.148,  1.94e+10),
           ( 0.152,  2.04e+10),
           ( 0.155,  2.35e+10),
           ( 0.159,  2.46e+10),
           ( 0.162,  2.41e+10),
           ( 0.165,  2.84e+10),
           ( 0.169,  2.58e+10),
           ( 0.172,  1.58e+10),
           ( 0.176,  2.05e+10),
           ( 0.179,  2.10e+10),
           ( 0.182,  2.39e+10),
           ( 0.186,  2.53e+10),
           ( 0.189,  2.42e+10),
           ( 0.192,  2.57e+10),
           ( 0.196,  2.16e+10),
           ( 0.199,  2.06e+10),
           ( 0.202,  1.88e+10),
           ( 0.206,  2.06e+10),
           ( 0.209,  2.20e+10),
           ( 0.213,  1.90e+10),
           ( 0.216,  1.79e+10),
           ( 0.219,  1.59e+10),
           ( 0.223,  1.82e+10),
           ( 0.226,  1.87e+10),
           ( 0.230,  1.61e+10),
           ( 0.233,  1.22e+10),
           ( 0.236,  1.58e+10),
           ( 0.240,  2.04e+10),
           ( 0.243,  1.81e+10),
           ( 0.246,  1.38e+10),
           ( 0.250,  1.53e+10),
           ( 0.253,  1.53e+10),
           ( 0.256,  1.84e+10),
           ( 0.260,  1.94e+10),
           ( 0.263,  2.17e+10),
           ( 0.267,  1.89e+10),
           ( 0.270,  1.92e+10),
           ( 0.273,  1.81e+10),
           ( 0.277,  1.52e+10),
           ( 0.280,  1.32e+10),
           ( 0.284,  1.28e+10),
           ( 0.287,  1.67e+10),
           ( 0.290,  1.82e+10),
           ( 0.294,  1.52e+10),
           ( 0.297,  1.74e+10),
           ( 0.300,  1.91e+10),
           ( 0.304,  1.99e+10),
           ( 0.307,  1.84e+10),
           ( 0.310,  1.75e+10),
           ( 0.314,  1.88e+10),
           ( 0.317,  1.90e+10),
           ( 0.321,  1.89e+10),
           ( 0.324,  1.87e+10),
           ( 0.327,  1.56e+10),
           ( 0.331,  1.37e+10),
           ( 0.334,  1.20e+10),
           ( 0.338,  1.25e+10),
           ( 0.341,  1.45e+10),
           ( 0.344,  1.54e+10),
           ( 0.348,  1.57e+10),
           ( 0.351,  2.11e+10),
           ( 0.354,  1.63e+10),
           ( 0.358,  1.60e+10),
           ( 0.361,  1.60e+10),
           ( 0.364,  1.58e+10),
           ( 0.368,  1.31e+10),
           ( 0.371,  1.28e+10),
           ( 0.375,  1.39e+10),
           ( 0.378,  1.18e+10),
           ( 0.381,  1.46e+10),
           ( 0.385,  1.61e+10),
           ( 0.388,  1.57e+10),
           ( 0.392,  1.85e+10),
           ( 0.395,  1.60e+10),
           ( 0.398,  1.57e+10),
           ( 0.402,  1.56e+10),
           ( 0.405,  1.70e+10),
           ( 0.408,  2.11e+10),
           ( 0.412,  2.69e+10),
           ( 0.415,  2.13e+10),
           ( 0.418,  2.27e+10),
           ( 0.422,  2.46e+10),
           ( 0.425,  2.35e+10),
           ( 0.429,  2.32e+10),
           ( 0.432,  2.47e+10),
           ( 0.435,  2.70e+10),
           ( 0.439,  1.91e+10),
           ( 0.442,  2.23e+10),
           ( 0.446,  2.47e+10),
           ( 0.449,  2.25e+10),
           ( 0.452,  2.10e+10),
           ( 0.456,  2.67e+10),
           ( 0.459,  2.99e+10),
           ( 0.462,  3.17e+10),
           ( 0.466,  3.19e+10),
           ( 0.469,  3.04e+10),
           ( 0.472,  3.14e+10),
           ( 0.476,  2.99e+10),
           ( 0.479,  3.18e+10),
           ( 0.483,  3.48e+10),
           ( 0.486,  3.63e+10),
           ( 0.489,  3.94e+10),
           ( 0.493,  4.57e+10),
           ( 0.496,  4.10e+10),
           ( 0.500,  4.55e+10),
           ( 0.503,  4.95e+10),
           ( 0.506,  5.24e+10),
           ( 0.510,  5.61e+10),
           ( 0.513,  6.22e+10),
           ( 0.516,  6.50e+10),
           ( 0.520,  6.95e+10),
           ( 0.523,  7.19e+10),
           ( 0.526,  7.35e+10),
           ( 0.530,  7.54e+10),
           ( 0.533,  8.15e+10),
           ( 0.537,  8.75e+10),
           ( 0.540,  9.14e+10),
           ( 0.543,  9.08e+10),
           ( 0.547,  9.34e+10),
           ( 0.550,  9.46e+10),
           ( 0.554,  9.36e+10),
           ( 0.557,  9.74e+10),
           ( 0.560,  1.04e+11),
           ( 0.564,  1.04e+11),
           ( 0.567,  1.01e+11),
           ( 0.570,  9.91e+10),
           ( 0.574,  1.02e+11),
           ( 0.577,  1.05e+11),
           ( 0.580,  1.09e+11),
           ( 0.584,  1.06e+11),
           ( 0.587,  1.02e+11),
           ( 0.591,  1.04e+11),
           ( 0.594,  1.04e+11),
           ( 0.597,  1.02e+11),
           ( 0.601,  9.95e+10),
           ( 0.604,  1.00e+11),
           ( 0.608,  9.42e+10),
           ( 0.611,  9.35e+10),
           ( 0.614,  9.59e+10),
           ( 0.618,  8.76e+10),
           ( 0.621,  8.65e+10),
           ( 0.624,  8.72e+10),
           ( 0.628,  8.23e+10),
           ( 0.631,  8.09e+10),
           ( 0.634,  8.22e+10),
           ( 0.638,  8.15e+10),
           ( 0.641,  8.31e+10),
           ( 0.645,  8.06e+10),
           ( 0.648,  8.37e+10),
           ( 0.651,  8.45e+10),
           ( 0.655,  8.63e+10),
           ( 0.658,  8.45e+10),
           ( 0.662,  8.16e+10),
           ( 0.665,  8.22e+10),
           ( 0.668,  7.86e+10),
           ( 0.672,  7.44e+10),
           ( 0.675,  7.41e+10),
           ( 0.678,  7.30e+10),
           ( 0.682,  7.65e+10),
           ( 0.685,  7.46e+10),
           ( 0.688,  7.07e+10),
           ( 0.692,  7.31e+10),
           ( 0.695,  7.15e+10),
           ( 0.699,  7.53e+10),
           ( 0.702,  8.03e+10),
           ( 0.705,  8.34e+10),
           ( 0.709,  7.94e+10),
           ( 0.712,  7.08e+10),
           ( 0.716,  6.79e+10),
           ( 0.719,  7.06e+10),
           ( 0.722,  7.09e+10),
           ( 0.726,  6.95e+10),
           ( 0.729,  6.91e+10),
           ( 0.732,  7.07e+10),
           ( 0.736,  6.85e+10),
           ( 0.739,  6.85e+10),
           ( 0.742,  6.23e+10),
           ( 0.746,  5.98e+10),
           ( 0.749,  6.46e+10),
           ( 0.753,  6.39e+10),
           ( 0.756,  6.38e+10),
           ( 0.759,  6.45e+10),
           ( 0.763,  6.36e+10),
           ( 0.766,  6.79e+10),
           ( 0.770,  6.72e+10),
           ( 0.773,  6.63e+10),
           ( 0.776,  6.41e+10),
           ( 0.780,  6.13e+10),
           ( 0.783,  5.34e+10),
           ( 0.786,  5.35e+10),
           ( 0.790,  5.54e+10),
           ( 0.793,  5.86e+10),
           ( 0.796,  5.45e+10),
           ( 0.800,  5.16e+10),
           ( 0.803,  5.16e+10),
           ( 0.807,  4.97e+10),
           ( 0.810,  4.92e+10),
           ( 0.813,  4.96e+10),
           ( 0.817,  4.67e+10),
           ( 0.820,  4.57e+10),
           ( 0.824,  4.35e+10),
           ( 0.827,  4.24e+10),
           ( 0.830,  4.34e+10),
           ( 0.834,  4.30e+10),
           ( 0.837,  3.98e+10),
           ( 0.840,  4.21e+10),
           ( 0.844,  4.27e+10),
           ( 0.847,  4.31e+10),
           ( 0.850,  4.31e+10),
           ( 0.854,  4.19e+10),
           ( 0.857,  4.17e+10),
           ( 0.861,  3.83e+10),
           ( 0.864,  3.77e+10),
           ( 0.867,  3.66e+10),
           ( 0.871,  3.42e+10),
           ( 0.874,  3.65e+10),
           ( 0.878,  3.98e+10),
           ( 0.881,  3.56e+10),
           ( 0.884,  3.70e+10),
           ( 0.888,  3.37e+10),
           ( 0.891,  3.44e+10),
           ( 0.894,  3.52e+10),
           ( 0.898,  3.39e+10),
           ( 0.901,  3.43e+10),
           ( 0.904,  2.82e+10),
           ( 0.908,  2.39e+10),
           ( 0.911,  2.55e+10),
           ( 0.915,  2.25e+10),
           ( 0.918,  2.24e+10),
           ( 0.921,  2.40e+10),
           ( 0.925,  2.17e+10),
           ( 0.928,  2.01e+10),
           ( 0.932,  1.71e+10),
           ( 0.935,  1.59e+10),
           ( 0.938,  1.29e+10),
           ( 0.942,  1.64e+10),
           ( 0.945,  1.79e+10),
           ( 0.948,  1.86e+10),
           ( 0.952,  1.78e+10),
           ( 0.955,  9.63e+09),
           ( 0.958,  1.03e+10),
           ( 0.962,  1.46e+10),
           ( 0.965,  1.33e+10),
           ( 0.969,  1.41e+10),
           ( 0.972,  1.63e+10),
           ( 0.975,  1.39e+10),
           ( 0.979,  1.10e+10),
           ( 0.982,  1.10e+10),
           ( 0.986,  8.10e+09),
           ( 0.989,  8.18e+09),
           ( 0.992,  6.27e+09),
           ( 0.996,  1.07e+10),
           ( 0.999,  9.22e+09),
           ( 1.002,  5.98e+09),
           ( 1.006,  6.75e+09),
           ( 1.009,  9.68e+09),
           ( 1.012,  7.72e+09),
           ( 1.016,  6.15e+09),
           ( 1.019,  1.11e+10),
           ( 1.023,  1.42e+10),
           ( 1.026,  1.54e+10),
           ( 1.029,  1.84e+10),
           ( 1.033,  2.26e+10),
           ( 1.036,  3.03e+10),
           ( 1.040,  3.60e+10),
           ( 1.043,  3.96e+10),
           ( 1.046,  4.30e+10),
           ( 1.050,  4.12e+10),
           ( 1.053,  3.86e+10),
           ( 1.056,  3.65e+10),
           ( 1.060,  3.42e+10),
           ( 1.063,  3.22e+10),
           ( 1.066,  3.01e+10),
           ( 1.070,  3.42e+10),
           ( 1.073,  3.58e+10),
           ( 1.077,  3.15e+10),
           ( 1.080,  3.33e+10),
           ( 1.083,  3.36e+10),
           ( 1.087,  3.01e+10),
           ( 1.090,  3.18e+10),
           ( 1.094,  2.73e+10),
           ( 1.097,  2.41e+10),
           ( 1.100,  2.58e+10),
           ( 1.104,  2.55e+10),
           ( 1.107,  2.14e+10),
           ( 1.110,  2.37e+10),
           ( 1.114,  2.80e+10),
           ( 1.117,  2.52e+10),
           ( 1.120,  1.99e+10),
           ( 1.124,  2.57e+10),
           ( 1.127,  2.46e+10),
           ( 1.131,  2.51e+10),
           ( 1.134,  2.18e+10),
           ( 1.137,  2.12e+10),
           ( 1.141,  2.16e+10),
           ( 1.144,  2.25e+10),
           ( 1.148,  2.13e+10),
           ( 1.151,  2.09e+10),
           ( 1.154,  2.01e+10),
           ( 1.158,  1.75e+10),
           ( 1.161,  1.09e+10),
           ( 1.164,  8.46e+09),
           ( 1.168,  6.54e+09),
           ( 1.171,  8.33e+09),
           ( 1.174,  1.09e+10),
           ( 1.178,  1.04e+10),
           ( 1.181,  8.70e+09),
           ( 1.185,  1.06e+10),
           ( 1.188,  8.06e+09),
           ( 1.191,  8.09e+09),
           ( 1.195,  5.72e+09),
           ( 1.198,  3.76e+09),
           ( 1.202,  1.67e+09),
           ( 1.205,  4.17e+09),
           ( 1.208,  5.97e+09),
           ( 1.212,  4.73e+09),
           ( 1.215,  4.84e+09),
           ( 1.218,  4.03e+09),
           ( 1.222,  5.16e+09),
           ( 1.225,  6.02e+09),
           ( 1.228,  4.11e+09),
           ( 1.232,  1.40e+09),
           ( 1.235,  6.48e+08),
           ( 1.239,  5.08e+09),
           ( 1.242,  2.73e+09),
           ( 1.245, -1.89e+09),
           ( 1.249, -4.24e+09),
           ( 1.252,  6.35e+08),
           ( 1.256,  5.22e+09),
           ( 1.259,  2.29e+09),
           ( 1.262, -3.01e+08),
           ( 1.266,  2.67e+09),
           ( 1.269,  5.41e+09),
           ( 1.272,  5.19e+09),
           ( 1.276,  5.76e+09),
           ( 1.279,  3.37e+07),
           ( 1.282, -1.85e+09),
           ( 1.286,  5.67e+08),
           ( 1.289,  4.56e+09),
           ( 1.293,  6.90e+09),
           ( 1.296,  7.43e+08),
           ( 1.299,  1.55e+09),
           ( 1.303,  4.26e+09),
           ( 1.306,  3.76e+09),
           ( 1.310,  1.22e+09),
           ( 1.313, -3.00e+09),
           ( 1.316,  5.06e+08),
           ( 1.320, -2.67e+09),
           ( 1.323,  1.01e+09),
           ( 1.326,  3.29e+09),
           ( 1.330, -1.56e+09),
           ( 1.333, -1.56e+09),
           ( 1.336,  7.37e+08),
           ( 1.340,  1.78e+09),
           ( 1.343, -1.56e+09),
           ( 1.347,  2.43e+08),
           ( 1.350, -2.78e+09),
           ( 1.353, -3.30e+09),
           ( 1.357, -5.63e+09),
           ( 1.360, -6.82e+09),
           ( 1.364, -8.52e+09),
           ( 1.367, -8.66e+09),
           ( 1.370, -5.02e+09),
           ( 1.374, -5.36e+09),
           ( 1.377, -4.81e+09),
           ( 1.380, -3.97e+09),
           ( 1.384, -2.98e+09),
           ( 1.387, -2.37e+09),
           ( 1.390, -2.85e+09),
           ( 1.394, -2.34e+09),
           ( 1.397, -2.78e+09),
           ( 1.401, -2.37e+09),
           ( 1.404, -3.62e+09),
           ( 1.407, -8.01e+09),
           ( 1.411, -7.57e+09),
           ( 1.414, -7.55e+09),
           ( 1.418, -5.64e+09),
           ( 1.421, -5.84e+09),
           ( 1.424, -5.65e+09),
           ( 1.428, -4.21e+09),
           ( 1.431, -8.59e+08),
           ( 1.434, -2.22e+09),
           ( 1.438, -5.16e+08),
           ( 1.441,  4.85e+08),
           ( 1.444, -8.77e+08),
           ( 1.448,  2.93e+09),
           ( 1.451,  1.35e+09),
           ( 1.455,  2.64e+09),
           ( 1.458,  1.74e+09),
           ( 1.461, -2.41e+09),
           ( 1.465, -3.19e+09),
           ( 1.468, -9.03e+08),
           ( 1.472, -2.56e+09),
           ( 1.475, -6.87e+09),
           ( 1.478, -9.63e+09),
           ( 1.482, -8.30e+09),
           ( 1.485, -2.64e+09),
           ( 1.488, -2.70e+09),
           ( 1.492,  9.65e+08),
           ( 1.495,  3.01e+09),
           ( 1.498,  1.10e+09),
           ( 1.502,  1.67e+09),
           ( 1.505,  1.65e+09),
           ( 1.509,  1.11e+09),
           ( 1.512,  1.38e+09),
           ( 1.515,  3.69e+09),
           ( 1.519,  2.55e+09),
           ( 1.522,  3.63e+09),
           ( 1.526,  8.53e+06),
           ( 1.529, -1.20e+09),
           ( 1.532, -5.49e+09),
           ( 1.536, -2.44e+09),
           ( 1.539, -1.32e+09),
           ( 1.542, -1.81e+09),
           ( 1.546, -1.19e+09),
           ( 1.549, -1.86e+09),
           ( 1.552, -2.58e+09),
           ( 1.556,  1.90e+09),
           ( 1.559, -1.46e+09),
           ( 1.563, -2.88e+09),
           ( 1.566, -4.17e+09),
           ( 1.569, -2.52e+09),
           ( 1.573, -2.04e+09),
           ( 1.576, -2.42e+09),
           ( 1.580, -1.02e+09),
           ( 1.583, -5.04e+09),
           ( 1.586, -2.97e+09),
           ( 1.590, -5.08e+08),
           ( 1.593,  3.29e+09),
           ( 1.596,  9.25e+08),
           ( 1.600,  8.00e+08),
           ( 1.603,  4.09e+09),
           ( 1.606, -5.75e+08),
           ( 1.610, -3.75e+09),
           ( 1.613, -2.55e+09),
           ( 1.617, -5.42e+09),
           ( 1.620, -1.30e+09),
           ( 1.623, -6.03e+08),
           ( 1.627, -3.37e+09),
           ( 1.630, -4.38e+08),
           ( 1.634,  2.62e+09),
           ( 1.637, -2.31e+09),
           ( 1.640, -1.19e+09),
           ( 1.644, -2.33e+09),
           ( 1.647, -3.17e+09),
           ( 1.650,  5.13e+08),
           ( 1.654,  1.27e+09),
           ( 1.657, -9.58e+08),
           ( 1.660, -1.22e+08),
           ( 1.664, -1.91e+09),
           ( 1.667, -1.89e+09),
           ( 1.671, -8.46e+08),
           ( 1.674,  2.73e+09),
           ( 1.677, -4.80e+08),
           ( 1.681, -4.64e+09),
           ( 1.684, -1.65e+09),
           ( 1.688,  2.83e+09),
           ( 1.691,  2.96e+09),
           ( 1.694,  1.30e+09),
           ( 1.698, -7.09e+08)]
