Bolide Detection Notification: 2008-193

At 14:35:28 UT on 11 Jul 2008, sensors aboard U. S. Government satellites recorded
the flash signature of a large meteoroid entry into the atmosphere. Location of the
flash  was not determined.

Based upon the visible-light intensity-time signature, peak brightness of the flash
was  determined to be approximately 1.7E10 watts/steradian, and total radiated flash
energy  5.2E10 joules (6000K blackbody model).

Columns: time, intensity (w/sr)
Intensity=[(-0.297, -2.39e+09),
           (-0.294, -2.60e+09),
           (-0.290, -5.35e+09),
           (-0.287,  1.72e+09),
           (-0.284,  2.63e+09),
           (-0.280,  5.64e+08),
           (-0.277, -6.20e+09),
           (-0.273,  2.25e+09),
           (-0.270, -2.22e+09),
           (-0.267,  4.70e+09),
           (-0.263,  6.82e+09),
           (-0.260, -9.09e+08),
           (-0.256,  3.11e+09),
           (-0.253,  7.71e+09),
           (-0.250,  6.81e+08),
           (-0.246, -2.04e+09),
           (-0.243,  4.64e+09),
           (-0.240,  2.99e+09),
           (-0.236, -1.76e+09),
           (-0.233, -4.88e+09),
           (-0.230,  2.03e+09),
           (-0.226,  1.83e+09),
           (-0.223,  2.64e+08),
           (-0.219, -4.64e+09),
           (-0.216, -1.99e+09),
           (-0.213,  2.18e+08),
           (-0.209, -3.62e+09),
           (-0.206, -1.08e+09),
           (-0.202, -3.73e+09),
           (-0.199, -4.06e+09),
           (-0.196,  8.66e+07),
           (-0.192, -5.41e+09),
           (-0.189, -7.07e+06),
           (-0.186,  1.95e+09),
           (-0.182,  1.52e+09),
           (-0.179,  3.93e+08),
           (-0.176,  2.04e+09),
           (-0.172,  1.56e+09),
           (-0.169,  1.60e+09),
           (-0.165, -2.58e+09),
           (-0.162,  2.61e+09),
           (-0.159,  1.57e+08),
           (-0.155, -8.31e+08),
           (-0.152, -5.34e+09),
           (-0.148,  5.87e+09),
           (-0.145,  1.03e+09),
           (-0.142,  4.65e+09),
           (-0.138,  8.95e+09),
           (-0.135,  1.12e+09),
           (-0.132, -4.15e+09),
           (-0.128, -7.48e+08),
           (-0.125, -3.42e+09),
           (-0.122, -5.04e+09),
           (-0.118,  4.16e+08),
           (-0.115,  2.81e+09),
           (-0.111, -3.76e+08),
           (-0.108, -5.23e+08),
           (-0.105, -5.59e+09),
           (-0.101,  4.58e+08),
           (-0.098,  2.00e+09),
           (-0.094, -4.04e+09),
           (-0.091,  1.04e+09),
           (-0.088, -3.87e+09),
           (-0.084, -5.98e+08),
           (-0.081, -2.18e+09),
           (-0.078,  7.45e+08),
           (-0.074,  4.63e+08),
           (-0.071, -1.39e+08),
           (-0.068,  2.93e+09),
           (-0.064,  4.53e+09),
           (-0.061,  6.43e+09),
           (-0.057,  9.38e+09),
           (-0.054,  9.64e+09),
           (-0.051,  4.78e+09),
           (-0.047,  6.16e+09),
           (-0.044,  4.29e+09),
           (-0.040,  1.82e+09),
           (-0.037,  5.67e+09),
           (-0.034,  6.90e+09),
           (-0.030,  3.98e+09),
           (-0.027,  1.10e+10),
           (-0.024,  8.30e+09),
           (-0.020,  1.27e+10),
           (-0.017,  1.42e+10),
           (-0.014,  7.50e+09),
           (-0.010,  1.58e+10),
           (-0.007,  1.36e+10),
           (-0.003,  9.73e+09),
           ( 0.000,  1.50e+10),
           ( 0.003,  1.28e+10),
           ( 0.007,  4.76e+09),
           ( 0.010,  7.52e+09),
           ( 0.014,  7.84e+09),
           ( 0.017,  1.12e+10),
           ( 0.020,  1.22e+10),
           ( 0.024,  7.22e+09),
           ( 0.027,  1.08e+10),
           ( 0.030,  1.14e+10),
           ( 0.034,  8.69e+09),
           ( 0.037,  7.03e+09),
           ( 0.040,  6.46e+09),
           ( 0.044,  5.73e+09),
           ( 0.047,  5.46e+09),
           ( 0.051,  8.43e+09),
           ( 0.054,  3.63e+09),
           ( 0.057,  7.17e+09),
           ( 0.061,  6.34e+09),
           ( 0.064,  4.41e+09),
           ( 0.068,  1.42e+09),
           ( 0.071,  3.06e+09),
           ( 0.074,  7.53e+09),
           ( 0.078,  1.62e+10),
           ( 0.081,  5.27e+09),
           ( 0.084,  9.63e+09),
           ( 0.088,  1.32e+10),
           ( 0.091,  1.91e+10),
           ( 0.094,  2.50e+10),
           ( 0.098,  3.19e+10),
           ( 0.101,  3.16e+10),
           ( 0.105,  3.93e+10),
           ( 0.108,  4.49e+10),
           ( 0.111,  5.20e+10),
           ( 0.115,  5.47e+10),
           ( 0.118,  5.63e+10),
           ( 0.122,  6.21e+10),
           ( 0.125,  6.05e+10),
           ( 0.128,  6.50e+10),
           ( 0.132,  5.91e+10),
           ( 0.135,  6.27e+10),
           ( 0.138,  6.20e+10),
           ( 0.142,  5.79e+10),
           ( 0.145,  6.89e+10),
           ( 0.148,  6.94e+10),
           ( 0.152,  6.56e+10),
           ( 0.155,  6.50e+10),
           ( 0.159,  7.12e+10),
           ( 0.162,  6.72e+10),
           ( 0.165,  6.57e+10),
           ( 0.169,  6.56e+10),
           ( 0.172,  6.41e+10),
           ( 0.176,  5.76e+10),
           ( 0.179,  5.72e+10),
           ( 0.182,  5.59e+10),
           ( 0.186,  5.48e+10),
           ( 0.189,  6.20e+10),
           ( 0.192,  6.03e+10),
           ( 0.196,  6.36e+10),
           ( 0.199,  7.11e+10),
           ( 0.202,  6.90e+10),
           ( 0.206,  5.92e+10),
           ( 0.209,  5.88e+10),
           ( 0.213,  5.77e+10),
           ( 0.216,  5.00e+10),
           ( 0.219,  5.34e+10),
           ( 0.223,  5.43e+10),
           ( 0.226,  4.63e+10),
           ( 0.230,  3.72e+10),
           ( 0.233,  5.09e+10),
           ( 0.236,  4.08e+10),
           ( 0.240,  3.74e+10),
           ( 0.243,  3.58e+10),
           ( 0.246,  3.47e+10),
           ( 0.250,  3.36e+10),
           ( 0.253,  3.94e+10),
           ( 0.256,  3.75e+10),
           ( 0.260,  4.12e+10),
           ( 0.263,  3.31e+10),
           ( 0.267,  3.96e+10),
           ( 0.270,  4.38e+10),
           ( 0.273,  3.80e+10),
           ( 0.277,  3.57e+10),
           ( 0.280,  3.39e+10),
           ( 0.284,  2.60e+10),
           ( 0.287,  3.29e+10),
           ( 0.290,  3.47e+10),
           ( 0.294,  3.36e+10),
           ( 0.297,  3.58e+10),
           ( 0.300,  3.20e+10),
           ( 0.304,  3.28e+10),
           ( 0.307,  3.49e+10),
           ( 0.310,  3.43e+10),
           ( 0.314,  2.89e+10),
           ( 0.317,  2.58e+10),
           ( 0.321,  2.81e+10),
           ( 0.324,  3.42e+10),
           ( 0.327,  3.16e+10),
           ( 0.331,  3.16e+10),
           ( 0.334,  2.26e+10),
           ( 0.338,  3.28e+10),
           ( 0.341,  3.11e+10),
           ( 0.344,  2.81e+10),
           ( 0.348,  2.86e+10),
           ( 0.351,  2.95e+10),
           ( 0.354,  2.66e+10),
           ( 0.358,  2.26e+10),
           ( 0.361,  2.53e+10),
           ( 0.364,  2.21e+10),
           ( 0.368,  1.83e+10),
           ( 0.371,  2.66e+10),
           ( 0.375,  3.42e+10),
           ( 0.378,  2.78e+10),
           ( 0.381,  2.46e+10),
           ( 0.385,  1.65e+10),
           ( 0.388,  2.10e+10),
           ( 0.392,  2.38e+10),
           ( 0.395,  1.69e+10),
           ( 0.398,  1.90e+10),
           ( 0.402,  1.44e+10),
           ( 0.405,  2.20e+10),
           ( 0.408,  1.98e+10),
           ( 0.412,  1.73e+10),
           ( 0.415,  2.09e+10),
           ( 0.418,  1.95e+10),
           ( 0.422,  2.29e+10),
           ( 0.425,  1.67e+10),
           ( 0.429,  2.15e+10),
           ( 0.432,  1.93e+10),
           ( 0.435,  1.99e+10),
           ( 0.439,  1.71e+10),
           ( 0.442,  1.70e+10),
           ( 0.446,  1.63e+10),
           ( 0.449,  1.56e+10),
           ( 0.452,  1.71e+10),
           ( 0.456,  1.53e+10),
           ( 0.459,  2.10e+10),
           ( 0.462,  1.34e+10),
           ( 0.466,  1.04e+10),
           ( 0.469,  8.97e+09),
           ( 0.472,  9.71e+09),
           ( 0.476,  4.57e+09),
           ( 0.479,  6.18e+09),
           ( 0.483,  8.74e+09),
           ( 0.486,  1.41e+10),
           ( 0.489,  7.22e+09),
           ( 0.493,  1.77e+10),
           ( 0.496,  7.35e+09),
           ( 0.500,  6.80e+09),
           ( 0.503,  1.01e+10),
           ( 0.506,  7.50e+09),
           ( 0.510,  1.25e+10),
           ( 0.513,  1.46e+10),
           ( 0.516,  1.08e+10),
           ( 0.520,  1.11e+10),
           ( 0.523,  6.28e+09),
           ( 0.526,  2.45e+09),
           ( 0.530,  2.36e+09),
           ( 0.533,  6.87e+09),
           ( 0.537,  7.73e+08),
           ( 0.540,  4.14e+08),
           ( 0.543,  5.20e+08),
           ( 0.547,  5.47e+09),
           ( 0.550,  5.33e+09),
           ( 0.554,  4.76e+09),
           ( 0.557,  1.16e+10),
           ( 0.560,  5.59e+09),
           ( 0.564,  9.95e+09),
           ( 0.567,  1.32e+10),
           ( 0.570,  8.60e+09),
           ( 0.574,  1.41e+10),
           ( 0.577,  3.18e+09),
           ( 0.580,  3.93e+09),
           ( 0.584,  1.33e+10),
           ( 0.587,  7.38e+09),
           ( 0.591,  9.72e+09),
           ( 0.594,  3.01e+09),
           ( 0.597,  1.47e+09),
           ( 0.601,  3.05e+09),
           ( 0.604,  6.69e+09),
           ( 0.608,  2.49e+09),
           ( 0.611,  2.37e+09),
           ( 0.614,  4.28e+09),
           ( 0.618, -2.06e+09),
           ( 0.621, -5.75e+09),
           ( 0.624,  2.27e+09),
           ( 0.628,  1.53e+09),
           ( 0.631,  3.29e+09),
           ( 0.634,  3.68e+09),
           ( 0.638,  7.63e+09),
           ( 0.641,  8.95e+09),
           ( 0.645,  5.07e+09),
           ( 0.648,  5.32e+09),
           ( 0.651,  2.00e+09),
           ( 0.655,  5.69e+09),
           ( 0.658,  4.22e+09),
           ( 0.662,  1.58e+09),
           ( 0.665,  3.92e+09),
           ( 0.668,  9.59e+09),
           ( 0.672,  2.16e+09),
           ( 0.675,  1.45e+09),
           ( 0.678, -4.30e+09),
           ( 0.682, -3.16e+09),
           ( 0.685,  7.78e+08),
           ( 0.688,  3.95e+09),
           ( 0.692,  9.50e+08),
           ( 0.695,  8.38e+07),
           ( 0.699, -2.33e+09),
           ( 0.702,  4.23e+09),
           ( 0.705,  4.99e+09),
           ( 0.709,  9.84e+09),
           ( 0.712,  4.15e+09),
           ( 0.716,  5.17e+09),
           ( 0.719, -3.36e+09),
           ( 0.722, -1.09e+09),
           ( 0.726,  8.12e+09),
           ( 0.729,  1.23e+10),
           ( 0.732,  7.13e+09),
           ( 0.736,  6.80e+09),
           ( 0.739,  9.60e+09),
           ( 0.742,  6.16e+09),
           ( 0.746,  8.36e+09),
           ( 0.749,  4.07e+09),
           ( 0.753,  6.29e+08),
           ( 0.756, -1.07e+09),
           ( 0.759,  3.47e+08),
           ( 0.763, -2.66e+07),
           ( 0.766,  5.65e+08),
           ( 0.770, -2.08e+09),
           ( 0.773,  7.02e+09),
           ( 0.776, -5.32e+07),
           ( 0.780, -9.49e+08),
           ( 0.783,  7.31e+08),
           ( 0.786,  6.73e+09),
           ( 0.790,  3.47e+09),
           ( 0.793,  5.62e+09),
           ( 0.796,  4.35e+09),
           ( 0.800, -1.86e+09),
           ( 0.803,  1.07e+09),
           ( 0.807,  2.33e+08),
           ( 0.810,  2.48e+08),
           ( 0.813, -4.08e+09),
           ( 0.817,  1.03e+09),
           ( 0.820, -4.54e+09),
           ( 0.824, -5.85e+09),
           ( 0.827,  2.58e+08),
           ( 0.830,  8.95e+08),
           ( 0.834, -8.48e+08),
           ( 0.837, -3.45e+09),
           ( 0.840, -3.14e+09),
           ( 0.844,  6.80e+08),
           ( 0.847, -1.52e+09),
           ( 0.850,  7.34e+09),
           ( 0.854,  4.84e+09),
           ( 0.857,  6.78e+08),
           ( 0.861,  7.75e+08),
           ( 0.864,  2.82e+09),
           ( 0.867,  8.53e+08),
           ( 0.871,  2.62e+09),
           ( 0.874,  8.32e+09),
           ( 0.878,  4.63e+09),
           ( 0.881,  3.49e+09),
           ( 0.884,  7.19e+09),
           ( 0.888,  7.81e+09),
           ( 0.891,  1.39e+07),
           ( 0.894,  1.43e+09),
           ( 0.898,  6.12e+09),
           ( 0.901,  8.66e+09),
           ( 0.904,  3.49e+07),
           ( 0.908,  5.77e+09),
           ( 0.911,  5.83e+09),
           ( 0.915,  1.57e+09),
           ( 0.918,  5.36e+08),
           ( 0.921,  8.45e+07),
           ( 0.925,  1.80e+09),
           ( 0.928,  4.18e+09),
           ( 0.932,  4.64e+09),
           ( 0.935,  1.94e+09),
           ( 0.938,  7.08e+09),
           ( 0.942, -2.82e+09),
           ( 0.945, -2.66e+09),
           ( 0.948, -4.32e+09),
           ( 0.952, -5.85e+09),
           ( 0.955,  5.19e+09),
           ( 0.958, -3.09e+08),
           ( 0.962, -2.87e+06),
           ( 0.965, -2.71e+09),
           ( 0.969, -2.24e+09),
           ( 0.972, -9.31e+07),
           ( 0.975,  1.64e+09),
           ( 0.979,  2.75e+09),
           ( 0.982, -3.67e+09),
           ( 0.986, -9.55e+09),
           ( 0.989, -6.50e+09),
           ( 0.992,  6.70e+08),
           ( 0.996,  2.04e+09),
           ( 0.999,  2.46e+09),
           ( 1.002,  3.33e+09),
           ( 1.006,  5.60e+08),
           ( 1.009,  1.75e+08),
           ( 1.012,  1.21e+09),
           ( 1.016,  2.08e+09),
           ( 1.019,  2.78e+08),
           ( 1.023,  2.08e+09),
           ( 1.026, -5.92e+09),
           ( 1.029,  5.39e+09),
           ( 1.033,  1.59e+09),
           ( 1.036,  7.13e+07),
           ( 1.040, -2.30e+09),
           ( 1.043,  7.58e+09),
           ( 1.046,  5.72e+09),
           ( 1.050,  6.30e+09),
           ( 1.053, -1.07e+09),
           ( 1.056,  1.42e+09),
           ( 1.060,  5.04e+09),
           ( 1.063,  7.38e+09),
           ( 1.066,  5.26e+09),
           ( 1.070,  3.07e+09),
           ( 1.073,  9.29e+07),
           ( 1.077,  5.32e+09),
           ( 1.080, -3.80e+09),
           ( 1.083,  4.99e+09),
           ( 1.087,  2.17e+09),
           ( 1.090, -2.38e+07),
           ( 1.094,  6.44e+09),
           ( 1.097,  1.62e+09),
           ( 1.100,  4.24e+09),
           ( 1.104, -7.11e+08),
           ( 1.107,  9.99e+08),
           ( 1.110, -1.33e+09),
           ( 1.114, -3.06e+08),
           ( 1.117,  3.98e+09),
           ( 1.120,  1.82e+09),
           ( 1.124, -3.26e+09),
           ( 1.127, -2.76e+08),
           ( 1.131, -7.94e+08),
           ( 1.134,  9.20e+08),
           ( 1.137, -1.69e+07),
           ( 1.141, -4.07e+09),
           ( 1.144, -2.00e+09),
           ( 1.148,  4.14e+09),
           ( 1.151,  6.29e+09),
           ( 1.154, -2.34e+09),
           ( 1.158, -1.13e+09),
           ( 1.161, -2.81e+09),
           ( 1.164, -3.12e+09),
           ( 1.168,  1.17e+09),
           ( 1.171, -3.89e+09),
           ( 1.174, -3.85e+07),
           ( 1.178, -2.69e+09),
           ( 1.181, -7.13e+09),
           ( 1.185, -6.03e+09),
           ( 1.188, -2.39e+09),
           ( 1.191,  7.20e+08),
           ( 1.195, -1.55e+09),
           ( 1.198,  3.34e+09),
           ( 1.202,  1.43e+09),
           ( 1.205, -5.74e+09),
           ( 1.208, -8.08e+09),
           ( 1.212, -4.99e+09),
           ( 1.215,  6.82e+09),
           ( 1.218,  3.13e+09),
           ( 1.222, -1.49e+09),
           ( 1.225, -3.40e+09),
           ( 1.228, -1.03e+09),
           ( 1.232,  4.59e+09),
           ( 1.235,  3.95e+09),
           ( 1.239,  3.49e+09),
           ( 1.242, -2.01e+08),
           ( 1.245,  1.25e+09),
           ( 1.249,  8.22e+08),
           ( 1.252, -1.03e+09),
           ( 1.256, -2.82e+09),
           ( 1.259,  1.44e+09),
           ( 1.262,  4.41e+09),
           ( 1.266, -4.15e+08),
           ( 1.269, -4.98e+09),
           ( 1.272,  9.83e+08),
           ( 1.276,  1.56e+09),
           ( 1.279, -7.12e+09),
           ( 1.282, -4.42e+09),
           ( 1.286,  3.46e+09),
           ( 1.289, -1.53e+09),
           ( 1.293,  1.14e+09),
           ( 1.296,  5.57e+09),
           ( 1.299,  2.29e+09),
           ( 1.303, -1.77e+09),
           ( 1.306, -5.12e+09),
           ( 1.310,  4.77e+09),
           ( 1.313,  5.90e+09),
           ( 1.316,  1.57e+09),
           ( 1.320,  4.15e+08),
           ( 1.323,  5.53e+09),
           ( 1.326,  2.53e+09),
           ( 1.330,  3.16e+09),
           ( 1.333, -9.38e+07),
           ( 1.336, -5.82e+08),
           ( 1.340, -2.72e+09),
           ( 1.343, -9.91e+08),
           ( 1.347,  2.36e+09),
           ( 1.350, -1.27e+09),
           ( 1.353,  8.38e+08),
           ( 1.357,  1.10e+09),
           ( 1.360,  2.68e+08),
           ( 1.364, -2.49e+09),
           ( 1.367,  1.77e+09),
           ( 1.370,  5.86e+09),
           ( 1.374,  1.71e+09),
           ( 1.377, -4.58e+09),
           ( 1.380, -4.43e+09),
           ( 1.384, -2.83e+09),
           ( 1.387, -3.19e+09),
           ( 1.390,  1.00e+09),
           ( 1.394,  3.10e+09),
           ( 1.397,  2.32e+09),
           ( 1.401, -2.68e+09),
           ( 1.404,  1.18e+09),
           ( 1.407,  1.52e+08),
           ( 1.411, -5.40e+09),
           ( 1.414, -5.26e+09),
           ( 1.418, -3.02e+09),
           ( 1.421, -5.99e+08),
           ( 1.424,  1.77e+09),
           ( 1.428, -1.86e+09),
           ( 1.431,  2.52e+09),
           ( 1.434, -1.10e+09),
           ( 1.438,  2.49e+09),
           ( 1.441,  6.29e+08),
           ( 1.444, -1.27e+09),
           ( 1.448, -1.42e+09),
           ( 1.451, -2.73e+09),
           ( 1.455, -5.22e+09),
           ( 1.458,  6.19e+08),
           ( 1.461,  4.92e+09),
           ( 1.465,  1.10e+09),
           ( 1.468, -1.47e+09),
           ( 1.472,  4.05e+09),
           ( 1.475, -2.38e+09),
           ( 1.478, -2.67e+09),
           ( 1.482,  2.15e+09),
           ( 1.485, -3.59e+09),
           ( 1.488, -2.69e+09),
           ( 1.492, -4.13e+09),
           ( 1.495, -2.81e+09),
           ( 1.498,  2.34e+09),
           ( 1.502,  6.37e+09),
           ( 1.505,  1.74e+08),
           ( 1.509,  5.77e+08),
           ( 1.512,  2.25e+09),
           ( 1.515,  2.89e+09),
           ( 1.519,  2.11e+09),
           ( 1.522, -1.21e+09),
           ( 1.526,  3.70e+09),
           ( 1.529,  2.23e+09),
           ( 1.532,  1.59e+09),
           ( 1.536,  6.57e+09),
           ( 1.539,  2.94e+09),
           ( 1.542, -8.26e+08),
           ( 1.546, -3.26e+08),
           ( 1.549,  7.00e+08),
           ( 1.552,  2.49e+09),
           ( 1.556,  2.25e+09),
           ( 1.559, -2.74e+09),
           ( 1.563,  9.79e+08),
           ( 1.566,  5.18e+09),
           ( 1.569,  1.70e+09),
           ( 1.573, -6.39e+08),
           ( 1.576, -3.69e+09),
           ( 1.580,  1.47e+09),
           ( 1.583,  1.87e+09),
           ( 1.586,  3.62e+09),
           ( 1.590,  1.32e+07),
           ( 1.593,  2.67e+08),
           ( 1.596, -7.47e+09),
           ( 1.600, -4.80e+09),
           ( 1.603, -1.58e+09),
           ( 1.606, -2.19e+09),
           ( 1.610, -1.92e+09),
           ( 1.613, -4.66e+09),
           ( 1.617, -2.03e+09),
           ( 1.620, -2.96e+09),
           ( 1.623,  3.40e+09),
           ( 1.627,  3.29e+09),
           ( 1.630, -3.83e+09),
           ( 1.634,  4.66e+09),
           ( 1.637,  3.15e+09),
           ( 1.640, -2.26e+09),
           ( 1.644, -1.49e+09),
           ( 1.647, -3.90e+09),
           ( 1.650, -3.03e+09),
           ( 1.654,  3.63e+09),
           ( 1.657, -9.57e+08),
           ( 1.660, -5.21e+09),
           ( 1.664, -6.76e+08),
           ( 1.667, -2.84e+09),
           ( 1.671,  3.48e+09),
           ( 1.674,  9.33e+08),
           ( 1.677,  2.78e+09),
           ( 1.681, -2.41e+09),
           ( 1.684, -1.94e+09),
           ( 1.688, -3.23e+09),
           ( 1.691, -7.80e+08),
           ( 1.694,  2.60e+08),
           ( 1.698, -7.60e+08)]
