Bolide Detection Notification: 2009-365

At 12:50:25 on 31 December 2009, sensors aboard U. S. Government satellites recorded
the flash signature of a large meteoroid entry into the atmosphere. Location of the
flash was 37.9N, 178.3W.

Based on the visible-light intensity-time signature, peak brightness of the flash was
determined to be approximately 3.30e10 watts/steradian, and total radiated flash
energy 1.02e11 joules (6000K blackbody model).

Columns: time, intensity (w/sr)
Intensity=[(-0.800,  4.88e+08),
           (-0.797,  2.02e+09),
           (-0.793, -4.76e+08),
           (-0.790, -3.32e+08),
           (-0.786,  1.03e+09),
           (-0.783,  8.89e+08),
           (-0.780, -2.65e+08),
           (-0.776,  1.46e+09),
           (-0.773, -2.80e+08),
           (-0.770,  6.53e+08),
           (-0.766,  4.62e+08),
           (-0.763, -6.31e+07),
           (-0.759,  8.77e+08),
           (-0.756,  2.94e+08),
           (-0.753,  6.34e+08),
           (-0.749,  1.15e+09),
           (-0.746, -1.83e+08),
           (-0.743, -6.23e+07),
           (-0.739, -1.90e+08),
           (-0.736,  6.13e+08),
           (-0.732,  6.90e+08),
           (-0.729, -1.67e+08),
           (-0.726, -4.57e+08),
           (-0.722, -1.67e+08),
           (-0.719, -1.84e+08),
           (-0.712,  1.96e+08),
           (-0.709,  1.17e+09),
           (-0.705,  1.25e+09),
           (-0.702,  1.08e+09),
           (-0.699, -4.75e+07),
           (-0.695, -2.62e+08),
           (-0.692,  6.33e+08),
           (-0.689,  1.21e+09),
           (-0.685,  8.72e+08),
           (-0.682,  9.45e+08),
           (-0.678,  5.86e+08),
           (-0.675,  4.02e+08),
           (-0.672,  1.81e+09),
           (-0.668,  9.75e+08),
           (-0.665,  5.48e+08),
           (-0.662,  1.98e+08),
           (-0.658,  2.65e+08),
           (-0.655,  4.43e+08),
           (-0.651, -5.65e+07),
           (-0.648,  4.39e+08),
           (-0.645, -4.10e+08),
           (-0.641,  9.43e+08),
           (-0.638,  4.26e+08),
           (-0.635, -6.69e+08),
           (-0.631, -6.89e+08),
           (-0.628, -1.27e+08),
           (-0.624,  9.89e+08),
           (-0.621, -2.70e+07),
           (-0.618, -1.36e+08),
           (-0.614, -4.64e+08),
           (-0.611,  1.15e+09),
           (-0.604, -8.87e+08),
           (-0.601,  4.17e+08),
           (-0.597,  3.49e+08),
           (-0.594,  2.17e+08),
           (-0.591, -1.03e+08),
           (-0.587,  8.66e+08),
           (-0.584,  7.48e+08),
           (-0.581,  1.08e+09),
           (-0.577,  7.40e+08),
           (-0.574, -4.18e+07),
           (-0.567,  1.35e+09),
           (-0.564, -4.22e+08),
           (-0.560,  6.61e+08),
           (-0.557,  9.75e+08),
           (-0.553, -2.33e+08),
           (-0.550, -7.19e+08),
           (-0.547,  1.72e+09),
           (-0.543,  7.18e+08),
           (-0.540,  1.97e+08),
           (-0.537,  4.53e+08),
           (-0.533,  6.34e+08),
           (-0.530,  2.53e+08),
           (-0.527,  1.14e+09),
           (-0.523,  8.83e+08),
           (-0.520,  8.85e+08),
           (-0.516,  1.07e+09),
           (-0.513,  1.01e+09),
           (-0.510,  1.66e+09),
           (-0.506,  3.67e+08),
           (-0.503,  1.79e+09),
           (-0.500,  1.69e+09),
           (-0.496,  1.20e+09),
           (-0.493,  2.87e+09),
           (-0.489,  1.11e+09),
           (-0.486,  2.48e+09),
           (-0.483,  2.16e+09),
           (-0.479,  1.47e+09),
           (-0.476,  1.40e+09),
           (-0.473,  1.05e+09),
           (-0.469,  3.16e+08),
           (-0.466,  1.96e+09),
           (-0.459,  2.15e+09),
           (-0.456,  1.08e+09),
           (-0.452,  3.70e+08),
           (-0.446,  1.89e+09),
           (-0.442,  8.91e+08),
           (-0.439,  1.51e+09),
           (-0.435,  1.84e+09),
           (-0.432,  1.14e+09),
           (-0.429,  7.68e+08),
           (-0.425,  6.37e+08),
           (-0.422,  1.63e+09),
           (-0.418,  2.95e+08),
           (-0.415,  1.25e+09),
           (-0.412,  1.34e+09),
           (-0.408,  1.18e+09),
           (-0.405,  9.48e+08),
           (-0.402,  9.50e+08),
           (-0.398,  4.05e+08),
           (-0.395,  1.06e+09),
           (-0.392, -1.51e+08),
           (-0.388, -8.89e+08),
           (-0.385,  7.80e+08),
           (-0.381,  1.69e+09),
           (-0.378,  3.59e+08),
           (-0.375,  1.16e+08),
           (-0.371,  7.51e+08),
           (-0.368,  7.08e+08),
           (-0.365,  1.01e+09),
           (-0.361,  5.67e+08),
           (-0.358, -1.46e+08),
           (-0.351,  1.67e+09),
           (-0.348,  4.69e+08),
           (-0.344,  1.95e+09),
           (-0.341,  1.43e+09),
           (-0.338, -3.34e+08),
           (-0.334,  1.32e+09),
           (-0.331,  1.72e+09),
           (-0.327,  1.38e+09),
           (-0.324,  1.44e+09),
           (-0.317,  5.22e+08),
           (-0.314,  2.30e+08),
           (-0.310,  1.80e+09),
           (-0.307,  1.76e+09),
           (-0.304,  7.24e+08),
           (-0.300,  8.68e+08),
           (-0.297,  1.38e+08),
           (-0.294,  1.34e+09),
           (-0.290,  3.81e+08),
           (-0.287,  1.14e+09),
           (-0.284,  2.48e+09),
           (-0.280,  2.10e+09),
           (-0.277,  1.42e+08),
           (-0.273,  1.96e+09),
           (-0.270,  1.62e+09),
           (-0.267,  1.10e+09),
           (-0.263,  1.10e+09),
           (-0.260,  1.33e+09),
           (-0.257,  1.91e+09),
           (-0.253,  8.98e+07),
           (-0.250,  9.19e+08),
           (-0.246,  1.33e+09),
           (-0.243,  1.31e+09),
           (-0.240,  1.15e+09),
           (-0.236,  2.93e+08),
           (-0.233,  1.32e+09),
           (-0.230,  2.68e+08),
           (-0.226,  4.72e+08),
           (-0.223,  1.21e+09),
           (-0.219, -5.77e+07),
           (-0.216, -8.13e+08),
           (-0.213,  1.30e+09),
           (-0.209,  1.09e+09),
           (-0.206,  6.90e+08),
           (-0.203,  3.73e+08),
           (-0.199,  1.07e+09),
           (-0.196,  1.52e+09),
           (-0.192,  1.45e+09),
           (-0.189,  6.63e+08),
           (-0.186,  3.62e+08),
           (-0.179,  1.01e+09),
           (-0.175,  1.02e+09),
           (-0.172,  2.90e+08),
           (-0.169,  9.88e+08),
           (-0.165,  3.64e+08),
           (-0.162,  1.50e+09),
           (-0.159,  4.81e+08),
           (-0.155, -1.16e+08),
           (-0.152,  1.02e+09),
           (-0.145,  6.12e+08),
           (-0.142,  1.72e+09),
           (-0.138,  1.22e+09),
           (-0.135,  1.03e+09),
           (-0.132,  1.29e+09),
           (-0.128,  2.01e+08),
           (-0.125,  4.62e+08),
           (-0.122,  1.91e+09),
           (-0.118,  6.90e+08),
           (-0.115,  1.60e+09),
           (-0.111,  2.17e+09),
           (-0.108,  1.09e+09),
           (-0.105,  3.88e+08),
           (-0.101,  1.56e+09),
           (-0.098,  8.59e+08),
           (-0.095,  8.50e+08),
           (-0.091,  9.69e+08),
           (-0.088,  1.79e+09),
           (-0.084,  1.55e+09),
           (-0.081,  1.07e+09),
           (-0.078,  3.18e+08),
           (-0.074,  9.71e+08),
           (-0.071,  9.35e+08),
           (-0.068,  1.83e+09),
           (-0.064,  2.30e+09),
           (-0.061,  8.55e+08),
           (-0.057,  7.29e+08),
           (-0.054,  2.39e+09),
           (-0.051,  1.06e+09),
           (-0.047,  5.88e+08),
           (-0.044,  1.96e+09),
           (-0.041,  1.01e+09),
           (-0.037,  1.33e+09),
           (-0.034,  1.98e+09),
           (-0.030,  1.80e+09),
           (-0.027,  1.15e+09),
           (-0.024,  8.86e+08),
           (-0.020,  2.21e+09),
           (-0.017,  2.38e+09),
           (-0.014,  3.27e+09),
           (-0.010,  3.84e+09),
           (-0.007,  4.96e+09),
           (-0.003,  7.12e+09),
           ( 0.000,  6.11e+09),
           ( 0.003,  5.37e+09),
           ( 0.007,  6.34e+09),
           ( 0.010,  6.97e+09),
           ( 0.013,  8.00e+09),
           ( 0.017,  8.30e+09),
           ( 0.020,  9.27e+09),
           ( 0.024,  6.78e+09),
           ( 0.027,  6.77e+09),
           ( 0.030,  7.32e+09),
           ( 0.034,  8.50e+09),
           ( 0.037,  6.66e+09),
           ( 0.040,  6.57e+09),
           ( 0.044,  7.29e+09),
           ( 0.047,  7.52e+09),
           ( 0.051,  6.85e+09),
           ( 0.054,  6.63e+09),
           ( 0.057,  5.58e+09),
           ( 0.061,  7.31e+09),
           ( 0.064,  7.24e+09),
           ( 0.067,  8.54e+09),
           ( 0.074,  9.33e+09),
           ( 0.078,  9.25e+09),
           ( 0.084,  7.97e+09),
           ( 0.088,  7.96e+09),
           ( 0.091,  7.92e+09),
           ( 0.094,  5.96e+09),
           ( 0.098,  5.82e+09),
           ( 0.101,  7.08e+09),
           ( 0.108,  6.27e+09),
           ( 0.111,  6.38e+09),
           ( 0.115,  4.96e+09),
           ( 0.118,  6.61e+09),
           ( 0.121,  7.23e+09),
           ( 0.125,  5.93e+09),
           ( 0.128,  6.17e+09),
           ( 0.132,  7.30e+09),
           ( 0.135,  7.51e+09),
           ( 0.142,  6.50e+09),
           ( 0.145,  7.19e+09),
           ( 0.148,  6.89e+09),
           ( 0.152,  7.30e+09),
           ( 0.155,  8.03e+09),
           ( 0.159,  8.29e+09),
           ( 0.162,  7.09e+09),
           ( 0.165,  6.41e+09),
           ( 0.169,  7.06e+09),
           ( 0.172,  5.98e+09),
           ( 0.175,  6.56e+09),
           ( 0.182,  5.64e+09),
           ( 0.186,  6.96e+09),
           ( 0.192,  4.85e+09),
           ( 0.196,  5.22e+09),
           ( 0.199,  6.23e+09),
           ( 0.202,  5.73e+09),
           ( 0.206,  6.89e+09),
           ( 0.209,  6.55e+09),
           ( 0.213,  6.50e+09),
           ( 0.216,  6.86e+09),
           ( 0.219,  5.71e+09),
           ( 0.223,  6.39e+09),
           ( 0.226,  6.93e+09),
           ( 0.229,  7.78e+09),
           ( 0.233,  6.87e+09),
           ( 0.236,  5.42e+09),
           ( 0.240,  6.28e+09),
           ( 0.243,  6.86e+09),
           ( 0.246,  7.12e+09),
           ( 0.250,  6.18e+09),
           ( 0.253,  5.82e+09),
           ( 0.256,  7.55e+09),
           ( 0.260,  6.95e+09),
           ( 0.263,  6.21e+09),
           ( 0.267,  5.29e+09),
           ( 0.270,  5.30e+09),
           ( 0.273,  8.36e+09),
           ( 0.277,  7.76e+09),
           ( 0.280,  8.60e+09),
           ( 0.283,  1.22e+10),
           ( 0.290,  1.53e+10),
           ( 0.294,  1.87e+10),
           ( 0.297,  1.88e+10),
           ( 0.300,  1.89e+10),
           ( 0.310,  1.75e+10),
           ( 0.314,  1.59e+10),
           ( 0.317,  1.58e+10),
           ( 0.321,  1.69e+10),
           ( 0.327,  1.51e+10),
           ( 0.331,  1.54e+10),
           ( 0.334,  1.52e+10),
           ( 0.337,  1.74e+10),
           ( 0.341,  1.82e+10),
           ( 0.344,  1.87e+10),
           ( 0.348,  1.97e+10),
           ( 0.351,  1.94e+10),
           ( 0.354,  1.95e+10),
           ( 0.358,  2.05e+10),
           ( 0.364,  2.64e+10),
           ( 0.371,  3.11e+10),
           ( 0.375,  3.21e+10),
           ( 0.378,  3.26e+10),
           ( 0.381,  3.21e+10),
           ( 0.385,  2.99e+10),
           ( 0.388,  2.71e+10),
           ( 0.391,  2.57e+10),
           ( 0.395,  2.37e+10),
           ( 0.405,  2.09e+10),
           ( 0.408,  1.85e+10),
           ( 0.412,  1.96e+10),
           ( 0.418,  2.10e+10),
           ( 0.422,  2.36e+10),
           ( 0.425,  2.54e+10),
           ( 0.432,  3.19e+10),
           ( 0.435,  3.24e+10),
           ( 0.439,  3.31e+10),
           ( 0.442,  3.26e+10),
           ( 0.449,  3.06e+10),
           ( 0.452,  2.94e+10),
           ( 0.456,  2.65e+10),
           ( 0.459,  2.64e+10),
           ( 0.462,  2.55e+10),
           ( 0.466,  2.51e+10),
           ( 0.469,  2.37e+10),
           ( 0.472,  2.35e+10),
           ( 0.476,  2.23e+10),
           ( 0.483,  1.82e+10),
           ( 0.486,  1.87e+10),
           ( 0.489,  1.87e+10),
           ( 0.493,  1.64e+10),
           ( 0.503,  1.39e+10),
           ( 0.506,  1.27e+10),
           ( 0.510,  1.13e+10),
           ( 0.513,  1.12e+10),
           ( 0.516,  1.02e+10),
           ( 0.520,  9.57e+09),
           ( 0.523,  9.02e+09),
           ( 0.526,  9.35e+09),
           ( 0.530,  7.78e+09),
           ( 0.533,  6.61e+09),
           ( 0.537,  7.22e+09),
           ( 0.540,  6.71e+09),
           ( 0.543,  6.81e+09),
           ( 0.547,  6.52e+09),
           ( 0.550,  4.69e+09),
           ( 0.553,  5.58e+09),
           ( 0.557,  4.44e+09),
           ( 0.560,  3.85e+09),
           ( 0.564,  3.88e+09),
           ( 0.567,  4.18e+09),
           ( 0.570,  2.59e+09),
           ( 0.574,  1.66e+09),
           ( 0.577,  1.93e+09),
           ( 0.581,  1.98e+09),
           ( 0.584,  1.58e+09),
           ( 0.587,  1.46e+09),
           ( 0.591,  1.82e+09),
           ( 0.594,  1.50e+09),
           ( 0.597,  1.05e+09),
           ( 0.601,  2.11e+09),
           ( 0.604,  6.65e+08),
           ( 0.607,  1.26e+09),
           ( 0.611,  1.01e+09),
           ( 0.614,  1.00e+09),
           ( 0.618,  7.59e+08),
           ( 0.621, -2.66e+08),
           ( 0.624, -3.50e+08),
           ( 0.628, -3.38e+08),
           ( 0.631, -1.06e+09),
           ( 0.634, -2.70e+08),
           ( 0.638, -2.97e+08),
           ( 0.645, -5.58e+08),
           ( 0.648, -1.46e+09),
           ( 0.651,  2.06e+08),
           ( 0.655,  2.80e+08),
           ( 0.658, -2.14e+08),
           ( 0.662, -1.49e+08),
           ( 0.672,  1.00e+08),
           ( 0.675, -7.86e+08),
           ( 0.678, -3.83e+07),
           ( 0.682, -7.69e+08),
           ( 0.685,  2.97e+08),
           ( 0.688, -3.84e+08),
           ( 0.692, -1.77e+09),
           ( 0.695, -9.33e+08),
           ( 0.699, -1.36e+09),
           ( 0.702, -2.01e+09),
           ( 0.705, -1.04e+09),
           ( 0.709, -1.77e+09),
           ( 0.712,  1.30e+08),
           ( 0.716,  3.27e+08),
           ( 0.719, -5.24e+08),
           ( 0.722, -8.86e+08),
           ( 0.726, -1.32e+09),
           ( 0.729, -1.18e+09),
           ( 0.732, -9.69e+08),
           ( 0.736, -9.52e+08),
           ( 0.739, -1.15e+09),
           ( 0.743, -1.42e+09),
           ( 0.746, -1.82e+09),
           ( 0.749, -1.26e+09),
           ( 0.756, -9.64e+08),
           ( 0.759, -8.88e+08),
           ( 0.763, -1.71e+09),
           ( 0.766, -2.10e+09),
           ( 0.769,  5.48e+08),
           ( 0.773, -5.17e+08),
           ( 0.776, -1.06e+09),
           ( 0.780,  1.24e+09),
           ( 0.783, -1.43e+08),
           ( 0.786, -2.59e+08),
           ( 0.790, -1.06e+09),
           ( 0.793, -1.32e+09),
           ( 0.796, -8.32e+08),
           ( 0.800, -8.35e+08),
           ( 0.803, -5.87e+08),
           ( 0.807,  8.06e+08),
           ( 0.810,  1.20e+09),
           ( 0.813, -4.68e+08),
           ( 0.817, -7.45e+08),
           ( 0.820, -6.83e+08),
           ( 0.824, -1.21e+09),
           ( 0.827, -3.64e+07),
           ( 0.830, -6.37e+08),
           ( 0.834, -1.52e+09),
           ( 0.837, -1.57e+09),
           ( 0.840, -1.04e+09),
           ( 0.844, -1.10e+09),
           ( 0.847, -1.35e+09),
           ( 0.851, -9.98e+08),
           ( 0.854, -1.08e+09),
           ( 0.857, -3.56e+08),
           ( 0.861, -1.40e+09),
           ( 0.864, -1.77e+08),
           ( 0.867, -1.75e+09),
           ( 0.871, -1.74e+09),
           ( 0.874, -1.35e+09),
           ( 0.877,  1.34e+08),
           ( 0.881, -9.20e+08),
           ( 0.884, -1.13e+09),
           ( 0.888, -1.43e+09),
           ( 0.891, -1.19e+09),
           ( 0.894, -1.97e+09),
           ( 0.898,  1.91e+08),
           ( 0.901, -8.66e+08),
           ( 0.904, -1.49e+09),
           ( 0.908, -7.99e+08),
           ( 0.911, -2.19e+09),
           ( 0.915, -2.02e+09),
           ( 0.918, -7.00e+08),
           ( 0.921, -1.21e+09),
           ( 0.928, -1.11e+09),
           ( 0.932, -1.97e+09),
           ( 0.935, -1.41e+09),
           ( 0.938,  1.26e+08),
           ( 0.942, -7.47e+08),
           ( 0.945, -6.09e+08),
           ( 0.948, -1.24e+09),
           ( 0.952, -3.41e+08),
           ( 0.955,  2.08e+07),
           ( 0.958,  4.97e+08),
           ( 0.962, -2.45e+08),
           ( 0.965,  1.76e+09),
           ( 0.969, -1.59e+08),
           ( 0.972,  5.49e+08),
           ( 0.975,  7.54e+08),
           ( 0.979, -1.04e+09),
           ( 0.982,  1.24e+09),
           ( 0.986,  2.73e+08),
           ( 0.989,  4.34e+08),
           ( 0.992, -1.50e+09),
           ( 0.996, -7.52e+08),
           ( 0.999, -3.56e+08),
           ( 1.002, -1.12e+09),
           ( 1.006, -3.10e+08),
           ( 1.009, -1.79e+08),
           ( 1.013,  7.80e+08),
           ( 1.016, -1.48e+09),
           ( 1.019,  6.37e+07),
           ( 1.023, -8.18e+08),
           ( 1.026, -1.37e+09),
           ( 1.029, -4.56e+08),
           ( 1.033, -8.75e+07),
           ( 1.036, -2.15e+08),
           ( 1.039, -7.25e+08),
           ( 1.043, -8.32e+08),
           ( 1.046,  1.78e+08),
           ( 1.050, -6.50e+08),
           ( 1.053, -3.39e+08),
           ( 1.056, -3.00e+08),
           ( 1.060,  2.44e+08),
           ( 1.063, -2.95e+08),
           ( 1.067, -6.62e+08),
           ( 1.070,  7.56e+08),
           ( 1.073, -5.26e+08),
           ( 1.077, -1.40e+08),
           ( 1.080, -1.66e+09),
           ( 1.083, -9.38e+08),
           ( 1.087, -6.64e+08),
           ( 1.090, -5.59e+08),
           ( 1.097,  6.97e+08),
           ( 1.100, -3.54e+08),
           ( 1.104, -2.48e+08),
           ( 1.107, -2.87e+08),
           ( 1.110, -2.49e+08),
           ( 1.114,  3.15e+08),
           ( 1.117, -3.89e+08),
           ( 1.121,  4.31e+08),
           ( 1.124,  3.96e+08),
           ( 1.131, -2.39e+08),
           ( 1.134,  4.09e+08),
           ( 1.141, -9.06e+08),
           ( 1.144, -1.44e+08),
           ( 1.147,  8.27e+08),
           ( 1.151,  2.66e+08),
           ( 1.154, -4.49e+08),
           ( 1.158, -4.18e+08),
           ( 1.161,  2.03e+08),
           ( 1.164,  1.10e+09),
           ( 1.168, -3.93e+08),
           ( 1.171, -9.88e+08),
           ( 1.174, -9.32e+07),
           ( 1.178, -1.18e+09),
           ( 1.181, -2.92e+08),
           ( 1.185, -4.34e+08),
           ( 1.188,  6.68e+08),
           ( 1.191, -1.90e+08),
           ( 1.195, -3.33e+08),
           ( 1.198, -1.73e+08),
           ( 1.198, -1.73e+08)]
