Bolide Detection Notification: 2010-224

At 02:59:36 UT on 12 Aug 2010, sensors aboard U. S. Government satellites recorded
the flash signature of a large meteoroid entry into the atmosphere. Location of the
flash  was not determined.

Based upon the visible-light intensity-time signature, peak brightness of the flash
was  determined to be approximately 4.2E9 watts/steradian, and total radiated flash
energy  2.8E10 joules (6000K blackbody model).

Columns: time, intensity (w/sr)
Intensity=[(-1.998, -4.69e+08),
           (-1.995, -5.82e+08),
           (-1.991, -4.33e+08),
           (-1.988, -2.14e+07),
           (-1.985, -3.90e+08),
           (-1.981, -3.91e+08),
           (-1.978, -4.15e+08),
           (-1.974, -3.26e+08),
           (-1.971,  5.45e+07),
           (-1.968, -1.08e+08),
           (-1.964, -7.13e+08),
           (-1.961, -1.00e+08),
           (-1.957,  7.63e+08),
           (-1.954,  4.16e+08),
           (-1.951,  3.53e+08),
           (-1.947, -3.17e+08),
           (-1.944, -6.47e+08),
           (-1.941, -4.09e+08),
           (-1.937, -9.62e+07),
           (-1.934,  8.21e+08),
           (-1.930, -1.90e+07),
           (-1.927,  9.72e+06),
           (-1.924, -2.56e+07),
           (-1.920,  5.35e+08),
           (-1.917,  5.07e+08),
           (-1.914,  3.79e+08),
           (-1.910, -4.90e+07),
           (-1.907,  1.01e+07),
           (-1.904,  4.32e+08),
           (-1.900,  8.31e+08),
           (-1.897,  9.52e+08),
           (-1.893,  1.40e+09),
           (-1.890,  5.00e+08),
           (-1.887,  8.03e+07),
           (-1.883, -2.77e+08),
           (-1.880, -5.45e+08),
           (-1.876, -1.49e+09),
           (-1.873, -3.15e+08),
           (-1.870,  1.06e+09),
           (-1.866,  5.45e+08),
           (-1.863, -2.35e+07),
           (-1.860,  1.10e+09),
           (-1.856,  2.28e+08),
           (-1.853, -3.58e+08),
           (-1.850, -5.62e+08),
           (-1.846, -1.84e+08),
           (-1.843, -6.00e+08),
           (-1.839, -7.73e+08),
           (-1.836,  3.06e+08),
           (-1.833, -5.09e+08),
           (-1.829, -1.50e+09),
           (-1.826, -4.76e+08),
           (-1.822,  4.44e+08),
           (-1.819,  9.81e+08),
           (-1.816,  6.71e+07),
           (-1.812, -6.01e+08),
           (-1.809,  3.53e+08),
           (-1.806, -5.58e+08),
           (-1.802, -1.24e+09),
           (-1.799, -1.17e+09),
           (-1.795, -1.07e+09),
           (-1.792, -1.52e+09),
           (-1.789, -7.64e+08),
           (-1.785,  8.56e+07),
           (-1.782, -1.04e+09),
           (-1.779,  5.73e+07),
           (-1.775, -2.50e+08),
           (-1.772,  6.45e+08),
           (-1.769,  9.35e+08),
           (-1.765,  5.00e+08),
           (-1.762,  3.07e+08),
           (-1.758,  1.84e+08),
           (-1.755, -4.55e+08),
           (-1.752, -9.78e+08),
           (-1.748, -1.88e+09),
           (-1.745, -1.28e+09),
           (-1.741, -6.79e+08),
           (-1.738, -1.57e+09),
           (-1.735, -1.47e+09),
           (-1.731, -1.16e+09),
           (-1.728, -2.18e+09),
           (-1.725, -1.41e+09),
           (-1.721, -1.28e+09),
           (-1.718, -1.02e+09),
           (-1.715, -8.57e+08),
           (-1.711, -1.13e+09),
           (-1.708, -1.29e+09),
           (-1.704, -3.82e+07),
           (-1.701, -4.78e+08),
           (-1.698,  2.66e+08),
           (-1.694,  7.89e+08),
           (-1.691,  6.17e+08),
           (-1.687,  1.63e+08),
           (-1.684, -1.03e+09),
           (-1.681, -1.48e+09),
           (-1.677, -1.14e+09),
           (-1.674, -4.23e+08),
           (-1.671, -3.62e+08),
           (-1.667, -1.12e+09),
           (-1.664, -1.26e+09),
           (-1.660, -1.50e+09),
           (-1.657, -1.84e+09),
           (-1.654, -9.77e+08),
           (-1.650, -2.36e+08),
           (-1.647,  3.03e+08),
           (-1.644, -7.52e+07),
           (-1.640, -1.37e+09),
           (-1.637, -7.96e+08),
           (-1.634, -6.69e+07),
           (-1.630, -3.99e+08),
           (-1.627,  8.51e+08),
           (-1.623,  1.03e+09),
           (-1.620,  1.35e+08),
           (-1.617,  6.64e+08),
           (-1.613, -1.39e+08),
           (-1.610, -9.66e+08),
           (-1.606,  4.73e+08),
           (-1.603,  1.23e+08),
           (-1.600,  1.18e+08),
           (-1.596, -2.52e+07),
           (-1.593, -2.27e+08),
           (-1.590, -2.39e+08),
           (-1.586, -1.04e+08),
           (-1.583, -1.13e+08),
           (-1.580,  1.53e+08),
           (-1.576, -3.48e+08),
           (-1.573, -8.45e+08),
           (-1.569, -1.20e+09),
           (-1.566, -8.78e+08),
           (-1.563, -5.53e+08),
           (-1.559, -4.72e+08),
           (-1.556,  2.65e+08),
           (-1.552,  4.01e+08),
           (-1.549, -1.05e+09),
           (-1.546, -6.76e+08),
           (-1.542, -2.91e+08),
           (-1.539, -4.93e+08),
           (-1.536,  7.42e+08),
           (-1.532,  4.80e+08),
           (-1.529, -4.19e+08),
           (-1.525, -9.41e+08),
           (-1.522, -7.58e+08),
           (-1.519, -1.25e+09),
           (-1.515, -1.06e+09),
           (-1.512, -1.57e+09),
           (-1.509, -1.23e+09),
           (-1.505, -8.96e+08),
           (-1.502, -2.44e+09),
           (-1.499, -2.43e+09),
           (-1.495, -1.43e+09),
           (-1.492, -1.74e+09),
           (-1.488, -4.99e+08),
           (-1.485, -9.73e+08),
           (-1.482, -3.32e+08),
           (-1.478, -3.91e+08),
           (-1.475, -1.38e+09),
           (-1.471, -1.61e+09),
           (-1.468, -4.76e+08),
           (-1.465, -4.11e+08),
           (-1.461, -8.26e+08),
           (-1.458, -1.42e+09),
           (-1.455, -1.25e+09),
           (-1.451, -1.28e+09),
           (-1.448, -1.32e+09),
           (-1.445, -9.48e+08),
           (-1.441, -4.34e+07),
           (-1.438,  4.95e+08),
           (-1.434, -4.38e+08),
           (-1.431, -9.30e+08),
           (-1.428, -2.52e+08),
           (-1.424, -4.74e+08),
           (-1.421, -2.42e+09),
           (-1.417, -1.96e+09),
           (-1.414, -8.62e+08),
           (-1.411, -1.06e+07),
           (-1.407,  4.82e+08),
           (-1.404, -3.18e+08),
           (-1.401, -9.23e+08),
           (-1.397, -5.34e+08),
           (-1.394, -8.71e+08),
           (-1.390, -8.46e+08),
           (-1.387,  2.07e+08),
           (-1.384, -1.79e+07),
           (-1.380,  2.84e+08),
           (-1.377, -1.62e+08),
           (-1.374, -1.12e+09),
           (-1.370, -1.02e+09),
           (-1.367, -5.78e+07),
           (-1.364,  5.67e+08),
           (-1.360,  2.62e+07),
           (-1.357,  4.28e+08),
           (-1.353,  4.35e+08),
           (-1.350, -5.11e+08),
           (-1.347, -2.07e+08),
           (-1.343, -2.89e+08),
           (-1.340, -1.55e+09),
           (-1.336, -1.54e+09),
           (-1.333, -1.15e+09),
           (-1.330, -6.48e+08),
           (-1.326, -7.34e+08),
           (-1.323, -7.08e+08),
           (-1.320, -7.14e+08),
           (-1.316, -1.05e+09),
           (-1.313, -5.13e+08),
           (-1.310,  2.57e+08),
           (-1.306,  2.51e+07),
           (-1.303,  3.88e+08),
           (-1.299,  1.44e+09),
           (-1.296,  1.61e+09),
           (-1.293,  1.11e+09),
           (-1.289,  9.25e+08),
           (-1.286,  3.09e+08),
           (-1.282,  7.93e+08),
           (-1.279,  1.00e+09),
           (-1.276,  5.95e+08),
           (-1.272,  7.03e+08),
           (-1.269,  7.04e+08),
           (-1.266,  2.36e+09),
           (-1.262,  2.41e+09),
           (-1.259,  7.17e+08),
           (-1.255,  2.92e+08),
           (-1.252, -4.47e+08),
           (-1.249,  1.26e+08),
           (-1.245,  2.39e+08),
           (-1.242, -9.27e+07),
           (-1.239, -7.66e+08),
           (-1.235, -4.93e+08),
           (-1.232,  4.38e+08),
           (-1.229,  2.29e+08),
           (-1.225,  6.08e+08),
           (-1.222,  2.94e+08),
           (-1.218,  7.76e+08),
           (-1.215,  9.35e+08),
           (-1.212,  6.90e+08),
           (-1.208,  3.09e+08),
           (-1.205,  7.42e+08),
           (-1.201,  1.70e+09),
           (-1.198,  1.64e+09),
           (-1.195,  1.55e+09),
           (-1.191,  1.82e+09),
           (-1.188,  5.39e+08),
           (-1.185,  8.56e+07),
           (-1.181,  6.69e+08),
           (-1.178,  7.73e+08),
           (-1.175,  5.38e+08),
           (-1.171,  6.85e+08),
           (-1.168,  6.95e+07),
           (-1.164, -2.83e+08),
           (-1.161, -4.19e+08),
           (-1.158, -1.39e+09),
           (-1.154, -7.85e+08),
           (-1.151,  9.89e+07),
           (-1.147,  2.32e+08),
           (-1.144, -6.97e+07),
           (-1.141, -9.80e+07),
           (-1.137,  5.36e+08),
           (-1.134,  1.16e+09),
           (-1.131,  9.04e+08),
           (-1.127, -6.37e+08),
           (-1.124, -9.00e+08),
           (-1.120, -6.01e+06),
           (-1.117,  1.92e+08),
           (-1.114,  8.69e+08),
           (-1.110, -1.81e+08),
           (-1.107, -3.55e+08),
           (-1.104,  9.45e+08),
           (-1.100,  1.09e+09),
           (-1.097,  2.52e+08),
           (-1.094, -2.03e+08),
           (-1.090, -8.82e+08),
           (-1.087,  1.67e+08),
           (-1.083,  9.68e+07),
           (-1.080,  7.83e+08),
           (-1.077,  1.67e+09),
           (-1.073,  1.57e+09),
           (-1.070,  2.61e+09),
           (-1.066,  2.36e+09),
           (-1.063,  1.84e+09),
           (-1.060,  2.05e+09),
           (-1.056,  1.49e+09),
           (-1.053,  1.98e+09),
           (-1.050,  1.91e+09),
           (-1.046,  2.00e+09),
           (-1.043,  1.88e+09),
           (-1.040,  1.81e+09),
           (-1.036,  4.53e+08),
           (-1.033,  3.52e+08),
           (-1.029,  5.33e+08),
           (-1.026,  8.79e+08),
           (-1.023,  6.82e+08),
           (-1.019, -1.14e+08),
           (-1.016,  9.71e+07),
           (-1.012,  1.48e+09),
           (-1.009,  1.73e+09),
           (-1.006,  1.92e+09),
           (-1.002,  1.19e+09),
           (-0.999,  1.56e+09),
           (-0.996,  2.86e+09),
           (-0.992,  2.23e+09),
           (-0.989,  1.33e+09),
           (-0.986,  1.65e+09),
           (-0.982,  2.04e+09),
           (-0.979,  1.69e+09),
           (-0.975,  1.43e+09),
           (-0.972,  1.71e+09),
           (-0.969,  1.40e+09),
           (-0.965,  1.51e+09),
           (-0.962,  2.07e+09),
           (-0.959,  2.19e+09),
           (-0.955,  1.36e+09),
           (-0.952,  1.60e+09),
           (-0.948,  1.11e+09),
           (-0.945,  8.06e+08),
           (-0.942,  1.11e+09),
           (-0.938,  1.00e+09),
           (-0.935,  1.14e+09),
           (-0.931,  9.68e+08),
           (-0.928,  2.14e+09),
           (-0.925,  1.66e+09),
           (-0.921,  9.85e+08),
           (-0.918,  1.15e+09),
           (-0.915,  1.09e+09),
           (-0.911, -8.19e+07),
           (-0.908,  8.20e+08),
           (-0.905,  1.83e+09),
           (-0.901,  1.37e+09),
           (-0.898,  2.02e+09),
           (-0.894,  1.72e+09),
           (-0.891,  1.33e+09),
           (-0.888,  1.70e+09),
           (-0.884,  1.31e+09),
           (-0.881,  1.84e+09),
           (-0.877,  1.63e+09),
           (-0.874,  1.06e+09),
           (-0.871,  1.29e+09),
           (-0.867,  1.39e+09),
           (-0.864,  1.57e+09),
           (-0.861,  1.21e+09),
           (-0.857,  1.50e+09),
           (-0.854,  2.37e+09),
           (-0.851,  1.65e+09),
           (-0.847,  9.75e+08),
           (-0.844,  7.24e+08),
           (-0.840,  1.06e+09),
           (-0.837,  1.11e+09),
           (-0.834,  6.67e+08),
           (-0.830,  4.17e+08),
           (-0.827,  3.52e+08),
           (-0.824,  1.44e+09),
           (-0.820,  1.34e+09),
           (-0.817,  1.32e+09),
           (-0.813,  2.04e+09),
           (-0.810,  2.93e+09),
           (-0.807,  3.57e+09),
           (-0.803,  2.94e+09),
           (-0.800,  2.91e+09),
           (-0.796,  2.76e+09),
           (-0.793,  2.04e+09),
           (-0.790,  2.83e+09),
           (-0.786,  1.71e+09),
           (-0.783,  1.11e+09),
           (-0.780,  1.53e+09),
           (-0.776,  1.92e+09),
           (-0.773,  1.80e+09),
           (-0.770,  8.12e+08),
           (-0.766,  1.41e+09),
           (-0.763,  9.22e+08),
           (-0.759,  1.03e+09),
           (-0.756,  2.55e+09),
           (-0.753,  2.36e+09),
           (-0.749,  1.35e+09),
           (-0.746,  2.14e+09),
           (-0.742,  1.83e+09),
           (-0.739,  2.40e+09),
           (-0.736,  2.65e+09),
           (-0.732,  2.03e+09),
           (-0.729,  1.33e+09),
           (-0.726,  1.49e+09),
           (-0.722,  2.13e+07),
           (-0.719,  6.29e+08),
           (-0.715,  1.59e+09),
           (-0.712,  8.97e+08),
           (-0.709,  9.82e+08),
           (-0.705,  1.87e+09),
           (-0.702,  1.81e+09),
           (-0.699,  8.42e+08),
           (-0.695,  1.44e+09),
           (-0.692,  1.82e+09),
           (-0.689,  2.51e+09),
           (-0.685,  3.08e+09),
           (-0.682,  2.43e+09),
           (-0.678,  1.67e+09),
           (-0.675,  1.69e+09),
           (-0.672,  1.61e+09),
           (-0.668,  1.47e+09),
           (-0.665,  1.26e+09),
           (-0.661,  9.14e+08),
           (-0.658,  7.67e+08),
           (-0.655,  6.82e+08),
           (-0.651,  1.03e+09),
           (-0.648,  8.92e+08),
           (-0.645,  9.32e+08),
           (-0.641,  1.39e+09),
           (-0.638,  1.09e+09),
           (-0.635,  4.31e+08),
           (-0.631,  3.93e+08),
           (-0.628,  3.28e+08),
           (-0.624,  7.28e+08),
           (-0.621,  9.66e+08),
           (-0.618,  5.84e+08),
           (-0.614,  5.70e+08),
           (-0.611,  7.64e+08),
           (-0.607,  1.11e+09),
           (-0.604,  1.23e+09),
           (-0.601,  1.32e+09),
           (-0.597,  1.44e+09),
           (-0.594,  2.31e+09),
           (-0.591,  1.96e+09),
           (-0.587,  6.12e+08),
           (-0.584,  1.06e+09),
           (-0.580,  1.12e+09),
           (-0.577,  2.78e+08),
           (-0.574,  9.19e+07),
           (-0.570,  1.02e+09),
           (-0.567,  1.17e+09),
           (-0.564,  1.90e+09),
           (-0.560,  1.90e+09),
           (-0.557,  1.53e+09),
           (-0.554,  1.80e+09),
           (-0.550,  2.16e+09),
           (-0.547,  2.69e+09),
           (-0.543,  2.41e+09),
           (-0.540,  2.34e+09),
           (-0.537,  2.03e+09),
           (-0.533,  9.70e+08),
           (-0.530,  1.05e+09),
           (-0.526,  1.13e+09),
           (-0.523,  5.36e+08),
           (-0.520, -2.18e+08),
           (-0.516,  5.52e+07),
           (-0.513,  2.29e+09),
           (-0.510,  1.39e+09),
           (-0.506,  1.28e+09),
           (-0.503,  1.05e+09),
           (-0.500,  2.67e+09),
           (-0.496,  4.59e+09),
           (-0.493,  4.33e+09),
           (-0.489,  4.12e+09),
           (-0.486,  4.85e+09),
           (-0.483,  5.19e+09),
           (-0.479,  5.17e+09),
           (-0.476,  3.91e+09),
           (-0.472,  3.72e+09),
           (-0.469,  3.90e+09),
           (-0.466,  3.05e+09),
           (-0.462,  3.28e+09),
           (-0.459,  3.72e+09),
           (-0.456,  3.47e+09),
           (-0.452,  3.49e+09),
           (-0.449,  3.03e+09),
           (-0.445,  1.77e+09),
           (-0.442,  1.96e+09),
           (-0.439,  1.63e+09),
           (-0.435,  2.43e+09),
           (-0.432,  3.85e+09),
           (-0.429,  4.62e+09),
           (-0.425,  5.07e+09),
           (-0.422,  4.16e+09),
           (-0.419,  4.64e+09),
           (-0.415,  4.28e+09),
           (-0.412,  4.26e+09),
           (-0.408,  2.62e+09),
           (-0.405,  2.20e+09),
           (-0.402,  1.73e+09),
           (-0.398,  1.52e+09),
           (-0.395,  1.63e+09),
           (-0.391,  1.81e+09),
           (-0.388,  2.86e+09),
           (-0.385,  2.14e+09),
           (-0.381,  1.77e+09),
           (-0.378,  2.13e+09),
           (-0.375,  1.25e+09),
           (-0.371,  1.83e+09),
           (-0.368,  2.07e+09),
           (-0.365,  2.53e+09),
           (-0.361,  3.52e+09),
           (-0.358,  3.80e+09),
           (-0.354,  2.97e+09),
           (-0.351,  3.03e+09),
           (-0.348,  3.23e+09),
           (-0.344,  3.03e+09),
           (-0.341,  3.09e+09),
           (-0.337,  3.32e+09),
           (-0.334,  2.85e+09),
           (-0.331,  3.22e+09),
           (-0.327,  4.32e+09),
           (-0.324,  4.18e+09),
           (-0.321,  3.86e+09),
           (-0.317,  2.90e+09),
           (-0.314,  2.17e+09),
           (-0.310,  3.30e+09),
           (-0.307,  3.38e+09),
           (-0.304,  3.29e+09),
           (-0.300,  3.83e+09),
           (-0.297,  3.76e+09),
           (-0.294,  4.12e+09),
           (-0.290,  3.30e+09),
           (-0.287,  2.64e+09),
           (-0.284,  3.37e+09),
           (-0.280,  3.40e+09),
           (-0.277,  3.82e+09),
           (-0.273,  3.83e+09),
           (-0.270,  4.31e+09),
           (-0.267,  3.61e+09),
           (-0.263,  3.87e+09),
           (-0.260,  3.23e+09),
           (-0.256,  3.13e+09),
           (-0.253,  3.96e+09),
           (-0.250,  3.96e+09),
           (-0.246,  4.16e+09),
           (-0.243,  3.65e+09),
           (-0.240,  2.94e+09),
           (-0.236,  1.68e+09),
           (-0.233,  2.35e+09),
           (-0.230,  3.27e+09),
           (-0.226,  2.52e+09),
           (-0.223,  2.38e+09),
           (-0.219,  2.82e+09),
           (-0.216,  2.53e+09),
           (-0.213,  1.88e+09),
           (-0.209,  2.42e+09),
           (-0.206,  3.28e+09),
           (-0.202,  2.92e+09),
           (-0.199,  4.54e+09),
           (-0.196,  4.48e+09),
           (-0.192,  4.09e+09),
           (-0.189,  4.13e+09),
           (-0.186,  4.12e+09),
           (-0.182,  3.91e+09),
           (-0.179,  2.63e+09),
           (-0.175,  2.64e+09),
           (-0.172,  3.99e+09),
           (-0.169,  4.76e+09),
           (-0.165,  5.28e+09),
           (-0.162,  5.34e+09),
           (-0.159,  5.46e+09),
           (-0.155,  5.44e+09),
           (-0.152,  4.49e+09),
           (-0.149,  4.94e+09),
           (-0.145,  5.97e+09),
           (-0.142,  5.34e+09),
           (-0.138,  4.49e+09),
           (-0.135,  4.77e+09),
           (-0.132,  4.85e+09),
           (-0.128,  5.20e+09),
           (-0.125,  5.47e+09),
           (-0.121,  4.97e+09),
           (-0.118,  4.95e+09),
           (-0.115,  4.20e+09),
           (-0.111,  3.51e+09),
           (-0.108,  3.92e+09),
           (-0.105,  3.11e+09),
           (-0.101,  3.18e+09),
           (-0.098,  3.14e+09),
           (-0.095,  3.09e+09),
           (-0.091,  3.36e+09),
           (-0.088,  2.79e+09),
           (-0.084,  3.90e+09),
           (-0.081,  2.99e+09),
           (-0.078,  2.40e+09),
           (-0.074,  2.54e+09),
           (-0.071,  3.24e+09),
           (-0.067,  2.78e+09),
           (-0.064,  3.01e+09),
           (-0.061,  2.60e+09),
           (-0.057,  1.92e+09),
           (-0.054,  2.02e+09),
           (-0.051,  2.19e+09),
           (-0.047,  1.54e+09),
           (-0.044,  1.38e+09),
           (-0.041,  2.67e+09),
           (-0.037,  2.33e+09),
           (-0.034,  2.81e+09),
           (-0.030,  3.07e+09),
           (-0.027,  2.98e+09),
           (-0.024,  3.14e+09),
           (-0.020,  2.43e+09),
           (-0.017,  2.15e+09),
           (-0.014,  2.63e+09),
           (-0.010,  3.05e+09),
           (-0.007,  2.21e+09),
           (-0.003,  3.07e+09),
           (-0.000,  3.63e+09),
           ( 0.003,  4.04e+09),
           ( 0.007,  4.11e+09),
           ( 0.010,  3.88e+09),
           ( 0.014,  3.25e+09),
           ( 0.017,  2.83e+09),
           ( 0.020,  2.64e+09),
           ( 0.024,  2.03e+09),
           ( 0.027,  2.37e+09),
           ( 0.030,  1.65e+09),
           ( 0.034,  1.03e+09),
           ( 0.037,  2.67e+09),
           ( 0.040,  3.57e+09),
           ( 0.044,  3.63e+09),
           ( 0.047,  3.36e+09),
           ( 0.051,  2.65e+09),
           ( 0.054,  2.80e+09),
           ( 0.057,  2.73e+09),
           ( 0.061,  3.18e+09),
           ( 0.064,  3.91e+09),
           ( 0.068,  4.17e+09),
           ( 0.071,  2.97e+09),
           ( 0.074,  3.02e+09),
           ( 0.078,  3.49e+09),
           ( 0.081,  2.89e+09),
           ( 0.084,  2.13e+09),
           ( 0.088,  2.62e+09),
           ( 0.091,  3.60e+09),
           ( 0.094,  3.29e+09),
           ( 0.098,  2.44e+09),
           ( 0.101,  1.84e+09),
           ( 0.105,  2.00e+09),
           ( 0.108,  1.85e+09),
           ( 0.111,  2.07e+09),
           ( 0.115,  2.72e+09),
           ( 0.118,  3.10e+09),
           ( 0.121,  3.53e+09),
           ( 0.125,  4.10e+09),
           ( 0.128,  4.24e+09),
           ( 0.132,  3.61e+09),
           ( 0.135,  4.28e+09),
           ( 0.138,  3.62e+09),
           ( 0.142,  3.50e+09),
           ( 0.145,  3.63e+09),
           ( 0.149,  3.68e+09),
           ( 0.152,  3.12e+09),
           ( 0.155,  3.23e+09),
           ( 0.159,  2.26e+09),
           ( 0.162,  2.50e+09),
           ( 0.165,  2.76e+09),
           ( 0.169,  3.56e+09),
           ( 0.172,  4.28e+09),
           ( 0.175,  3.36e+09),
           ( 0.179,  3.15e+09),
           ( 0.182,  3.02e+09),
           ( 0.186,  2.71e+09),
           ( 0.189,  3.38e+09),
           ( 0.192,  2.61e+09),
           ( 0.196,  2.53e+09),
           ( 0.199,  2.57e+09),
           ( 0.203,  2.65e+09),
           ( 0.206,  2.39e+09),
           ( 0.209,  2.53e+09),
           ( 0.213,  1.76e+09),
           ( 0.216,  1.73e+09),
           ( 0.219,  2.18e+09),
           ( 0.223,  2.01e+09),
           ( 0.226,  2.22e+09),
           ( 0.229,  2.72e+09),
           ( 0.233,  2.77e+09),
           ( 0.236,  3.13e+09),
           ( 0.240,  4.42e+09),
           ( 0.243,  5.08e+09),
           ( 0.246,  4.09e+09),
           ( 0.250,  3.62e+09),
           ( 0.253,  3.69e+09),
           ( 0.256,  3.83e+09),
           ( 0.260,  2.91e+09),
           ( 0.263,  2.47e+09),
           ( 0.267,  2.95e+09),
           ( 0.270,  2.15e+09),
           ( 0.273,  2.12e+09),
           ( 0.277,  3.00e+09),
           ( 0.280,  2.64e+09),
           ( 0.284,  2.44e+09),
           ( 0.287,  2.96e+09),
           ( 0.290,  2.41e+09),
           ( 0.294,  3.20e+09),
           ( 0.297,  3.44e+09),
           ( 0.300,  2.91e+09),
           ( 0.304,  2.08e+09),
           ( 0.307,  1.89e+09),
           ( 0.310,  2.46e+09),
           ( 0.314,  2.87e+09),
           ( 0.317,  3.17e+09),
           ( 0.321,  3.27e+09),
           ( 0.324,  2.88e+09),
           ( 0.327,  3.10e+09),
           ( 0.331,  3.35e+09),
           ( 0.334,  2.77e+09),
           ( 0.338,  2.64e+09),
           ( 0.341,  2.56e+09),
           ( 0.344,  2.54e+09),
           ( 0.348,  2.58e+09),
           ( 0.351,  2.60e+09),
           ( 0.354,  3.33e+09),
           ( 0.358,  3.77e+09),
           ( 0.361,  4.27e+09),
           ( 0.364,  3.84e+09),
           ( 0.368,  4.12e+09),
           ( 0.371,  3.49e+09),
           ( 0.375,  2.98e+09),
           ( 0.378,  3.06e+09),
           ( 0.381,  2.43e+09),
           ( 0.385,  2.04e+09),
           ( 0.388,  3.03e+09),
           ( 0.391,  2.99e+09),
           ( 0.395,  3.56e+09),
           ( 0.398,  3.81e+09),
           ( 0.402,  2.72e+09),
           ( 0.405,  2.48e+09),
           ( 0.408,  2.77e+09),
           ( 0.412,  2.42e+09),
           ( 0.415,  2.64e+09),
           ( 0.419,  3.38e+09),
           ( 0.422,  4.13e+09),
           ( 0.425,  4.75e+09),
           ( 0.429,  6.26e+09),
           ( 0.432,  8.94e+09),
           ( 0.435,  1.17e+10),
           ( 0.439,  1.38e+10),
           ( 0.442,  1.55e+10),
           ( 0.445,  1.60e+10),
           ( 0.449,  1.68e+10),
           ( 0.452,  1.73e+10),
           ( 0.456,  1.78e+10),
           ( 0.459,  1.85e+10),
           ( 0.462,  1.88e+10),
           ( 0.466,  1.87e+10),
           ( 0.469,  1.86e+10),
           ( 0.473,  1.75e+10),
           ( 0.476,  1.71e+10),
           ( 0.479,  1.67e+10),
           ( 0.483,  1.52e+10),
           ( 0.486,  1.46e+10),
           ( 0.489,  1.46e+10),
           ( 0.493,  1.44e+10),
           ( 0.496,  1.31e+10),
           ( 0.500,  1.20e+10),
           ( 0.503,  1.15e+10),
           ( 0.506,  1.20e+10),
           ( 0.510,  1.23e+10),
           ( 0.513,  1.16e+10),
           ( 0.516,  1.12e+10),
           ( 0.520,  1.18e+10),
           ( 0.523,  1.12e+10),
           ( 0.526,  9.40e+09),
           ( 0.530,  9.59e+09),
           ( 0.533,  9.82e+09),
           ( 0.537,  9.98e+09),
           ( 0.540,  9.84e+09),
           ( 0.543,  1.05e+10),
           ( 0.547,  1.05e+10),
           ( 0.550,  9.63e+09),
           ( 0.554,  9.48e+09),
           ( 0.557,  1.02e+10),
           ( 0.560,  1.21e+10),
           ( 0.564,  1.19e+10),
           ( 0.567,  1.14e+10),
           ( 0.570,  1.23e+10),
           ( 0.574,  1.21e+10),
           ( 0.577,  1.21e+10),
           ( 0.580,  1.13e+10),
           ( 0.584,  1.06e+10),
           ( 0.587,  1.14e+10),
           ( 0.591,  1.21e+10),
           ( 0.594,  1.22e+10),
           ( 0.597,  1.10e+10),
           ( 0.601,  1.12e+10),
           ( 0.604,  1.19e+10),
           ( 0.608,  1.19e+10),
           ( 0.611,  1.24e+10),
           ( 0.614,  1.28e+10),
           ( 0.618,  1.20e+10),
           ( 0.621,  1.13e+10),
           ( 0.624,  1.22e+10),
           ( 0.628,  1.27e+10),
           ( 0.631,  1.21e+10),
           ( 0.635,  1.31e+10),
           ( 0.638,  1.41e+10),
           ( 0.641,  1.43e+10),
           ( 0.645,  1.45e+10),
           ( 0.648,  1.46e+10),
           ( 0.651,  1.49e+10),
           ( 0.655,  1.38e+10),
           ( 0.658,  1.54e+10),
           ( 0.661,  1.46e+10),
           ( 0.665,  1.25e+10),
           ( 0.668,  1.13e+10),
           ( 0.672,  1.19e+10),
           ( 0.675,  1.24e+10),
           ( 0.678,  1.17e+10),
           ( 0.682,  1.13e+10),
           ( 0.685,  1.10e+10),
           ( 0.689,  1.02e+10),
           ( 0.692,  9.96e+09),
           ( 0.695,  9.17e+09),
           ( 0.699,  9.54e+09),
           ( 0.702,  9.09e+09),
           ( 0.705,  7.33e+09),
           ( 0.709,  5.55e+09),
           ( 0.712,  6.38e+09),
           ( 0.715,  5.24e+09),
           ( 0.719,  4.91e+09),
           ( 0.722,  4.21e+09),
           ( 0.726,  5.53e+09),
           ( 0.729,  6.51e+09),
           ( 0.732,  6.28e+09),
           ( 0.736,  5.64e+09),
           ( 0.739,  5.90e+09),
           ( 0.743,  6.43e+09),
           ( 0.746,  6.64e+09),
           ( 0.749,  6.09e+09),
           ( 0.753,  6.93e+09),
           ( 0.756,  5.55e+09),
           ( 0.759,  5.84e+09),
           ( 0.763,  5.48e+09),
           ( 0.766,  5.10e+09),
           ( 0.770,  4.24e+09),
           ( 0.773,  3.03e+09),
           ( 0.776,  2.70e+09),
           ( 0.780,  3.40e+09),
           ( 0.783,  3.34e+09),
           ( 0.786,  1.98e+09),
           ( 0.790,  3.24e+09),
           ( 0.793,  3.54e+09),
           ( 0.796,  4.43e+09),
           ( 0.800,  5.33e+09),
           ( 0.803,  4.81e+09),
           ( 0.807,  3.96e+09),
           ( 0.810,  2.97e+09),
           ( 0.813,  1.12e+09),
           ( 0.817, -1.13e+08),
           ( 0.820,  6.72e+08),
           ( 0.824,  1.15e+08),
           ( 0.827,  1.00e+09),
           ( 0.830,  1.64e+09),
           ( 0.834,  2.01e+09),
           ( 0.837,  2.23e+09),
           ( 0.840,  3.91e+09),
           ( 0.844,  3.25e+09),
           ( 0.847,  1.95e+09),
           ( 0.850,  2.50e+09),
           ( 0.854,  3.17e+09),
           ( 0.857,  3.04e+09),
           ( 0.861,  3.40e+09),
           ( 0.864,  3.47e+09),
           ( 0.867,  3.75e+09),
           ( 0.871,  4.84e+09),
           ( 0.874,  4.47e+09),
           ( 0.878,  3.96e+09),
           ( 0.881,  5.22e+09),
           ( 0.884,  4.39e+09),
           ( 0.888,  4.06e+09),
           ( 0.891,  3.01e+09),
           ( 0.894,  2.28e+09),
           ( 0.898,  1.56e+09),
           ( 0.901,  2.30e+09),
           ( 0.905,  3.30e+09),
           ( 0.908,  4.04e+09),
           ( 0.911,  4.01e+09),
           ( 0.915,  4.62e+09),
           ( 0.918,  4.60e+09),
           ( 0.921,  4.02e+09),
           ( 0.925,  2.95e+09),
           ( 0.928,  3.40e+09),
           ( 0.931,  3.67e+09),
           ( 0.935,  1.87e+09),
           ( 0.938,  5.89e+08),
           ( 0.942,  1.28e+09),
           ( 0.945,  1.26e+09),
           ( 0.948,  1.00e+09),
           ( 0.952,  1.15e+09),
           ( 0.955,  4.76e+08),
           ( 0.959,  2.98e+08),
           ( 0.962,  6.04e+08),
           ( 0.965,  9.40e+08),
           ( 0.969,  2.43e+09),
           ( 0.972,  2.22e+09),
           ( 0.975,  1.17e+09),
           ( 0.979,  3.51e+08),
           ( 0.982,  9.64e+08),
           ( 0.985, -6.14e+08),
           ( 0.989, -2.07e+09),
           ( 0.992, -1.80e+09),
           ( 0.996, -6.21e+08),
           ( 0.999, -1.20e+09),
           ( 1.002, -7.01e+08),
           ( 1.006,  5.61e+08),
           ( 1.009,  2.22e+08),
           ( 1.013, -9.28e+08),
           ( 1.016, -7.28e+07),
           ( 1.019, -5.81e+07),
           ( 1.023,  1.68e+08),
           ( 1.026,  1.15e+09),
           ( 1.029,  3.65e+08),
           ( 1.033,  2.67e+08),
           ( 1.036,  1.11e+09),
           ( 1.040, -1.54e+08),
           ( 1.043,  1.71e+07),
           ( 1.046,  2.35e+09),
           ( 1.050,  2.33e+09),
           ( 1.053,  1.27e+09),
           ( 1.056,  1.01e+09),
           ( 1.060,  6.28e+08),
           ( 1.063,  3.20e+08),
           ( 1.066,  6.57e+08),
           ( 1.070,  3.01e+08),
           ( 1.073,  4.82e+07),
           ( 1.077,  1.27e+09),
           ( 1.080,  1.09e+09),
           ( 1.083,  5.79e+08),
           ( 1.087,  2.07e+08),
           ( 1.090,  4.37e+08),
           ( 1.094,  8.03e+08),
           ( 1.097,  1.18e+08),
           ( 1.100,  6.60e+08),
           ( 1.104,  1.86e+09),
           ( 1.107,  5.68e+08),
           ( 1.110,  5.30e+08),
           ( 1.114, -3.85e+07),
           ( 1.117, -2.15e+08),
           ( 1.120, -2.24e+08),
           ( 1.124,  1.83e+08),
           ( 1.127, -8.58e+08),
           ( 1.131, -5.95e+08),
           ( 1.134, -1.23e+09),
           ( 1.137, -1.34e+09),
           ( 1.141, -4.90e+08),
           ( 1.144, -3.07e+08),
           ( 1.148, -3.27e+08),
           ( 1.151,  3.33e+08),
           ( 1.154, -1.10e+08),
           ( 1.158,  3.81e+08),
           ( 1.161, -4.99e+08),
           ( 1.164, -1.21e+09),
           ( 1.168, -1.60e+09),
           ( 1.171, -1.61e+09),
           ( 1.175, -2.33e+08),
           ( 1.178,  7.30e+07),
           ( 1.181, -2.70e+07),
           ( 1.185, -2.38e+08),
           ( 1.188,  3.38e+08),
           ( 1.191, -1.95e+08),
           ( 1.195,  7.13e+07),
           ( 1.198,  8.65e+08),
           ( 1.201,  7.79e+08),
           ( 1.205,  1.14e+09),
           ( 1.208,  1.13e+09),
           ( 1.212,  1.33e+09),
           ( 1.215,  1.97e+09),
           ( 1.218,  2.53e+09),
           ( 1.222,  8.59e+08),
           ( 1.225, -4.12e+08),
           ( 1.229,  1.07e+08),
           ( 1.232,  6.64e+07),
           ( 1.235,  1.55e+08),
           ( 1.239,  1.28e+09),
           ( 1.242,  3.03e+08),
           ( 1.245, -6.60e+08),
           ( 1.249, -3.38e+08),
           ( 1.252,  2.45e+08),
           ( 1.255, -4.17e+08),
           ( 1.259, -9.31e+08),
           ( 1.262, -1.04e+09),
           ( 1.266, -8.71e+08),
           ( 1.269, -6.21e+08),
           ( 1.272, -5.31e+08),
           ( 1.276, -2.91e+08),
           ( 1.279, -5.55e+08),
           ( 1.283, -8.57e+07),
           ( 1.286,  1.52e+09),
           ( 1.289,  5.79e+08),
           ( 1.293,  9.82e+07),
           ( 1.296, -4.40e+08),
           ( 1.299, -7.15e+08),
           ( 1.303, -8.40e+07),
           ( 1.306,  5.67e+08),
           ( 1.310,  1.42e+09),
           ( 1.313,  6.94e+08),
           ( 1.316,  1.24e+08),
           ( 1.320,  6.27e+08),
           ( 1.323,  8.23e+08),
           ( 1.326,  8.15e+08),
           ( 1.330, -4.06e+08),
           ( 1.333, -5.92e+07),
           ( 1.336, -9.38e+08),
           ( 1.340, -1.35e+09),
           ( 1.343,  1.33e+08),
           ( 1.347,  1.16e+08),
           ( 1.350,  7.79e+08),
           ( 1.353,  8.56e+08),
           ( 1.357,  2.44e+08),
           ( 1.360,  6.24e+08),
           ( 1.364, -4.03e+08),
           ( 1.367, -4.54e+08),
           ( 1.370, -4.31e+08),
           ( 1.374, -7.17e+07),
           ( 1.377,  2.61e+08),
           ( 1.380, -1.03e+08),
           ( 1.384, -2.73e+08),
           ( 1.387, -8.80e+08),
           ( 1.390, -1.66e+08),
           ( 1.394, -3.04e+08),
           ( 1.397, -8.96e+08),
           ( 1.401, -2.84e+08),
           ( 1.404,  8.20e+08),
           ( 1.407, -8.54e+07),
           ( 1.411, -6.13e+07),
           ( 1.414,  6.60e+08),
           ( 1.418,  1.24e+09),
           ( 1.421,  6.30e+08),
           ( 1.424, -1.75e+08),
           ( 1.428,  4.57e+07),
           ( 1.431,  1.81e+07),
           ( 1.434, -3.24e+08),
           ( 1.438,  4.21e+08),
           ( 1.441,  7.06e+08),
           ( 1.445,  4.09e+08),
           ( 1.448, -3.50e+08),
           ( 1.451, -1.47e+09),
           ( 1.455, -1.17e+09),
           ( 1.458, -1.10e+09),
           ( 1.461, -1.68e+09),
           ( 1.465, -1.12e+09),
           ( 1.468, -6.91e+08),
           ( 1.471, -7.40e+08),
           ( 1.475,  7.58e+08),
           ( 1.478,  6.51e+08),
           ( 1.482,  2.64e+08),
           ( 1.485,  5.06e+08),
           ( 1.488,  7.94e+08),
           ( 1.492,  9.92e+08),
           ( 1.495,  2.62e+08),
           ( 1.499, -3.06e+08),
           ( 1.502, -8.78e+07),
           ( 1.505,  8.07e+07),
           ( 1.509,  1.20e+08),
           ( 1.512,  1.28e+09),
           ( 1.515,  1.43e+09),
           ( 1.519,  1.36e+09),
           ( 1.522,  4.71e+08),
           ( 1.525,  4.66e+08),
           ( 1.529,  2.68e+08),
           ( 1.532, -5.25e+08),
           ( 1.536, -1.50e+09),
           ( 1.539, -1.07e+09),
           ( 1.542, -1.06e+09),
           ( 1.546,  1.46e+09),
           ( 1.549,  1.36e+09),
           ( 1.553,  6.18e+08),
           ( 1.556,  4.75e+08),
           ( 1.559,  9.95e+08),
           ( 1.563,  5.81e+08),
           ( 1.566,  1.19e+09),
           ( 1.569,  2.36e+09),
           ( 1.573,  6.26e+08),
           ( 1.576,  3.61e+08),
           ( 1.580,  1.07e+09),
           ( 1.583,  4.82e+08),
           ( 1.586,  3.80e+08),
           ( 1.590,  1.77e+08),
           ( 1.593, -4.73e+08),
           ( 1.596, -1.07e+09),
           ( 1.600, -2.15e+09),
           ( 1.603, -2.49e+09),
           ( 1.606, -1.35e+09),
           ( 1.610, -4.73e+08),
           ( 1.613,  1.26e+08),
           ( 1.617, -3.06e+08),
           ( 1.620, -4.63e+08),
           ( 1.623,  2.03e+06),
           ( 1.627, -3.61e+07),
           ( 1.630,  3.02e+08),
           ( 1.634,  1.94e+08),
           ( 1.637,  3.44e+08),
           ( 1.640,  2.43e+08),
           ( 1.644, -8.29e+07),
           ( 1.647, -3.56e+08),
           ( 1.650, -6.00e+08),
           ( 1.654, -1.17e+08),
           ( 1.657,  3.36e+08),
           ( 1.660,  3.56e+08),
           ( 1.664, -1.62e+08),
           ( 1.667,  3.26e+08),
           ( 1.671,  3.48e+08),
           ( 1.674, -1.70e+08),
           ( 1.677, -3.51e+08),
           ( 1.681, -6.90e+08),
           ( 1.684, -1.96e+08),
           ( 1.688,  5.97e+08),
           ( 1.691,  7.86e+08),
           ( 1.694,  1.73e+09),
           ( 1.698,  5.49e+08),
           ( 1.701,  5.02e+08),
           ( 1.704,  9.69e+08),
           ( 1.708,  8.50e+08),
           ( 1.711,  1.02e+09),
           ( 1.715,  9.82e+08),
           ( 1.718,  7.77e+08),
           ( 1.721,  5.61e+08),
           ( 1.725,  7.14e+08),
           ( 1.728,  1.40e+09),
           ( 1.731,  1.56e+09),
           ( 1.735,  1.66e+09),
           ( 1.738,  2.50e+09),
           ( 1.741,  2.77e+09),
           ( 1.745,  3.08e+09),
           ( 1.748,  2.49e+09),
           ( 1.752,  1.76e+09),
           ( 1.755,  1.92e+09),
           ( 1.758,  2.19e+09),
           ( 1.762,  2.11e+09),
           ( 1.765,  2.39e+09),
           ( 1.769,  3.08e+09),
           ( 1.772,  4.14e+09),
           ( 1.775,  3.76e+09),
           ( 1.779,  3.66e+09),
           ( 1.782,  3.29e+09),
           ( 1.785,  3.53e+09),
           ( 1.789,  4.37e+09),
           ( 1.792,  4.03e+09),
           ( 1.795,  4.41e+09),
           ( 1.799,  3.65e+09),
           ( 1.802,  3.63e+09),
           ( 1.806,  3.16e+09),
           ( 1.809,  3.21e+09),
           ( 1.812,  2.64e+09),
           ( 1.816,  1.89e+09),
           ( 1.819,  3.34e+09),
           ( 1.823,  2.56e+09),
           ( 1.826,  2.41e+09),
           ( 1.829,  2.61e+09),
           ( 1.833,  2.58e+09),
           ( 1.836,  3.31e+09),
           ( 1.839,  3.17e+09),
           ( 1.843,  2.69e+09),
           ( 1.846,  1.64e+09),
           ( 1.850,  1.76e+09),
           ( 1.853,  2.11e+09),
           ( 1.856,  2.94e+09),
           ( 1.860,  4.12e+09),
           ( 1.863,  3.84e+09),
           ( 1.866,  2.63e+09),
           ( 1.870,  1.65e+09),
           ( 1.873,  2.11e+09),
           ( 1.876,  1.47e+09),
           ( 1.880,  5.21e+08),
           ( 1.883,  1.25e+08),
           ( 1.887,  4.49e+08),
           ( 1.890,  2.63e+08),
           ( 1.893,  2.30e+07),
           ( 1.897, -3.30e+08),
           ( 1.900,  9.63e+08),
           ( 1.904,  6.65e+08),
           ( 1.907,  7.13e+08),
           ( 1.910,  1.29e+09),
           ( 1.914,  2.00e+09),
           ( 1.917,  1.04e+09),
           ( 1.920,  1.50e+09),
           ( 1.924,  1.61e+09),
           ( 1.927,  1.54e+09),
           ( 1.930,  3.35e+09),
           ( 1.934,  4.33e+09),
           ( 1.937,  3.87e+09),
           ( 1.941,  3.95e+09),
           ( 1.944,  3.53e+09),
           ( 1.947,  2.34e+09),
           ( 1.951,  7.03e+08),
           ( 1.954,  2.00e+08),
           ( 1.958,  7.41e+08),
           ( 1.961,  1.73e+09),
           ( 1.964,  1.32e+09),
           ( 1.968,  1.70e+09),
           ( 1.971,  9.43e+08),
           ( 1.974,  1.26e+09),
           ( 1.978,  1.50e+09),
           ( 1.981,  2.92e+09),
           ( 1.984,  4.11e+09),
           ( 1.988,  4.32e+09),
           ( 1.991,  3.23e+09),
           ( 1.995,  3.24e+09),
           ( 1.998,  3.05e+09),
           ( 2.001,  3.21e+09),
           ( 2.005,  3.41e+09),
           ( 2.008,  2.85e+09),
           ( 2.011,  2.52e+09),
           ( 2.015,  1.38e+09),
           ( 2.018,  1.53e+09),
           ( 2.022,  2.04e+09),
           ( 2.025,  3.19e+09),
           ( 2.028,  3.25e+09),
           ( 2.032,  2.59e+09),
           ( 2.035,  2.22e+09),
           ( 2.039,  2.19e+09),
           ( 2.042,  2.79e+09),
           ( 2.045,  4.01e+09),
           ( 2.049,  4.46e+09),
           ( 2.052,  3.72e+09),
           ( 2.055,  3.50e+09),
           ( 2.059,  2.78e+09),
           ( 2.062,  2.42e+09),
           ( 2.065,  2.05e+09),
           ( 2.069,  1.43e+09),
           ( 2.072,  1.87e+09),
           ( 2.076,  1.61e+09),
           ( 2.079,  1.47e+09),
           ( 2.082,  2.41e+09),
           ( 2.086,  1.44e+09),
           ( 2.089,  1.33e+06),
           ( 2.093, -4.64e+08),
           ( 2.096, -6.32e+08),
           ( 2.099, -1.17e+09),
           ( 2.103, -7.28e+08),
           ( 2.106, -6.26e+08),
           ( 2.109, -2.60e+08),
           ( 2.113,  1.35e+09),
           ( 2.116,  2.23e+09),
           ( 2.119,  2.80e+09),
           ( 2.123,  2.95e+09),
           ( 2.126,  3.23e+09),
           ( 2.130,  2.59e+09),
           ( 2.133,  1.89e+09),
           ( 2.136,  1.31e+09),
           ( 2.140,  4.65e+08),
           ( 2.143,  1.67e+08),
           ( 2.146,  2.15e+08),
           ( 2.150,  1.23e+09),
           ( 2.153,  8.71e+08),
           ( 2.157,  5.67e+08),
           ( 2.160, -4.11e+08),
           ( 2.163, -1.10e+09),
           ( 2.167, -1.28e+09),
           ( 2.170, -1.26e+09),
           ( 2.174, -1.44e+09),
           ( 2.177, -1.61e+09),
           ( 2.180, -7.39e+08),
           ( 2.184, -1.13e+09),
           ( 2.187, -1.83e+09),
           ( 2.190, -5.21e+08),
           ( 2.194,  3.78e+06),
           ( 2.197,  8.09e+08),
           ( 2.200,  1.21e+09),
           ( 2.204,  9.38e+08),
           ( 2.207,  9.40e+08),
           ( 2.211,  4.84e+08),
           ( 2.214,  1.69e+08),
           ( 2.217, -5.83e+08),
           ( 2.221, -4.56e+08),
           ( 2.224, -3.62e+08),
           ( 2.228,  2.27e+07),
           ( 2.231,  5.96e+08),
           ( 2.234,  5.18e+08),
           ( 2.238,  5.32e+08),
           ( 2.241,  1.18e+09),
           ( 2.244,  1.41e+09),
           ( 2.248,  1.83e+08),
           ( 2.251, -8.11e+08),
           ( 2.254, -5.53e+08),
           ( 2.258, -3.06e+08),
           ( 2.261, -2.49e+08),
           ( 2.265, -6.82e+08),
           ( 2.268, -1.34e+09),
           ( 2.271, -1.66e+09),
           ( 2.275, -2.58e+09),
           ( 2.278, -3.00e+09),
           ( 2.281, -3.14e+09),
           ( 2.285, -1.82e+09),
           ( 2.288, -1.79e+09),
           ( 2.292, -2.40e+09),
           ( 2.295, -2.23e+09),
           ( 2.298, -1.80e+09),
           ( 2.302, -1.21e+09),
           ( 2.305, -1.69e+08),
           ( 2.309, -5.96e+08),
           ( 2.312, -1.25e+08),
           ( 2.315,  9.02e+06),
           ( 2.319, -4.95e+08),
           ( 2.322, -3.32e+08),
           ( 2.325,  4.30e+08),
           ( 2.329,  1.87e+09),
           ( 2.332,  3.02e+09),
           ( 2.335,  2.97e+09),
           ( 2.339,  3.28e+09),
           ( 2.342,  3.31e+09),
           ( 2.346,  3.77e+09),
           ( 2.349,  2.26e+09),
           ( 2.352,  1.77e+09),
           ( 2.356,  6.58e+08),
           ( 2.359,  1.63e+08),
           ( 2.363, -4.54e+08),
           ( 2.366, -4.04e+08),
           ( 2.369, -3.08e+08),
           ( 2.373,  2.93e+07),
           ( 2.376,  1.16e+09),
           ( 2.379,  1.02e+09),
           ( 2.383,  4.10e+08),
           ( 2.386,  1.04e+09),
           ( 2.389,  3.57e+08),
           ( 2.393,  1.44e+09),
           ( 2.396,  1.33e+09),
           ( 2.400,  8.00e+08),
           ( 2.403,  5.09e+08),
           ( 2.406,  2.46e+08),
           ( 2.410, -5.57e+08),
           ( 2.413, -3.70e+08),
           ( 2.416,  8.10e+08),
           ( 2.420,  1.32e+09),
           ( 2.423,  1.16e+09),
           ( 2.427,  1.69e+09),
           ( 2.430,  2.47e+09),
           ( 2.433,  1.02e+09),
           ( 2.437,  8.00e+08),
           ( 2.440,  1.59e+09),
           ( 2.444,  2.68e+09),
           ( 2.447,  2.58e+09),
           ( 2.450,  2.01e+09),
           ( 2.454,  9.04e+08),
           ( 2.457,  5.06e+08),
           ( 2.460, -1.73e+08),
           ( 2.464, -1.16e+09),
           ( 2.467, -1.40e+09),
           ( 2.470, -1.56e+09),
           ( 2.474, -1.09e+09),
           ( 2.477, -7.16e+08),
           ( 2.481, -3.29e+08),
           ( 2.484,  1.51e+08),
           ( 2.487,  9.94e+08),
           ( 2.491,  1.30e+09),
           ( 2.494,  8.75e+08),
           ( 2.498,  8.57e+08),
           ( 2.501,  5.82e+08),
           ( 2.504,  3.94e+08),
           ( 2.508, -4.56e+08),
           ( 2.511, -1.30e+09),
           ( 2.514,  1.09e+08),
           ( 2.518,  1.35e+09),
           ( 2.521,  1.14e+09),
           ( 2.524,  9.26e+08),
           ( 2.528,  7.26e+08),
           ( 2.531,  1.41e+09),
           ( 2.535,  2.08e+09),
           ( 2.538,  2.11e+09),
           ( 2.541,  1.94e+09),
           ( 2.545,  2.04e+09),
           ( 2.548,  1.73e+09),
           ( 2.551,  1.58e+09),
           ( 2.555,  1.40e+09),
           ( 2.558,  1.34e+09),
           ( 2.562,  5.97e+08),
           ( 2.565, -3.91e+08),
           ( 2.568, -7.06e+08),
           ( 2.572, -5.06e+08),
           ( 2.575, -1.40e+09),
           ( 2.579, -1.31e+09),
           ( 2.582, -1.31e+09),
           ( 2.585, -6.40e+08),
           ( 2.589,  1.44e+08),
           ( 2.592, -2.47e+08),
           ( 2.595, -7.54e+08),
           ( 2.599, -7.11e+08),
           ( 2.602, -1.02e+09),
           ( 2.605, -9.34e+08),
           ( 2.609, -6.02e+07),
           ( 2.612,  4.35e+08),
           ( 2.616, -4.21e+08),
           ( 2.619, -1.31e+09),
           ( 2.622, -1.41e+08),
           ( 2.626,  1.96e+08),
           ( 2.629,  1.54e+09),
           ( 2.633,  1.80e+09),
           ( 2.636,  1.43e+09),
           ( 2.639,  1.12e+09),
           ( 2.643,  9.52e+08),
           ( 2.646,  1.07e+09),
           ( 2.649,  7.58e+08),
           ( 2.653,  1.04e+09),
           ( 2.656,  1.24e+09),
           ( 2.659,  1.55e+09),
           ( 2.663,  8.78e+08),
           ( 2.666,  1.54e+09),
           ( 2.670,  1.68e+09),
           ( 2.673,  1.65e+09),
           ( 2.676,  2.44e+09),
           ( 2.680,  3.61e+09),
           ( 2.683,  2.83e+09),
           ( 2.686,  1.41e+09),
           ( 2.690,  6.14e+08),
           ( 2.693, -3.25e+08),
           ( 2.697, -3.37e+08),
           ( 2.700, -1.48e+09),
           ( 2.703, -9.64e+08),
           ( 2.707, -1.03e+09),
           ( 2.710, -1.36e+08),
           ( 2.714, -2.61e+08),
           ( 2.717, -5.71e+07),
           ( 2.720, -3.53e+08),
           ( 2.724,  9.82e+08),
           ( 2.727,  1.93e+09),
           ( 2.730,  1.57e+09),
           ( 2.734,  2.30e+09),
           ( 2.737,  2.55e+09),
           ( 2.740,  1.99e+09),
           ( 2.744,  2.09e+09),
           ( 2.747,  2.37e+09),
           ( 2.751,  1.64e+09),
           ( 2.754,  1.55e+09),
           ( 2.757,  9.79e+08),
           ( 2.761,  6.52e+08),
           ( 2.764,  1.14e+09),
           ( 2.768,  9.87e+08),
           ( 2.771,  1.02e+09),
           ( 2.774,  3.36e+08),
           ( 2.778,  5.59e+07),
           ( 2.781,  8.13e+08),
           ( 2.784,  6.26e+08),
           ( 2.788,  4.49e+08),
           ( 2.791,  6.78e+08),
           ( 2.794,  1.69e+09),
           ( 2.798,  6.86e+08),
           ( 2.801,  3.85e+08),
           ( 2.805,  5.92e+08),
           ( 2.808,  9.25e+08),
           ( 2.811,  7.47e+08),
           ( 2.815,  8.89e+08),
           ( 2.818,  1.30e+09),
           ( 2.821,  5.71e+08),
           ( 2.825,  1.74e+07),
           ( 2.828, -4.22e+08),
           ( 2.832, -1.59e+09),
           ( 2.835, -1.58e+09),
           ( 2.838, -3.11e+08),
           ( 2.842,  1.79e+08),
           ( 2.845, -1.07e+09),
           ( 2.849, -2.85e+08),
           ( 2.852, -7.13e+08),
           ( 2.855, -5.74e+08),
           ( 2.859, -5.60e+08),
           ( 2.862, -1.56e+09),
           ( 2.865, -1.55e+09),
           ( 2.869, -1.09e+09),
           ( 2.872, -4.35e+08),
           ( 2.875,  3.24e+08),
           ( 2.879,  3.58e+08),
           ( 2.882,  3.43e+08),
           ( 2.886,  8.97e+08),
           ( 2.889,  5.73e+08),
           ( 2.892,  2.48e+08),
           ( 2.896,  2.54e+08),
           ( 2.899,  2.58e+08),
           ( 2.903,  5.69e+08),
           ( 2.906,  1.02e+09),
           ( 2.909,  1.12e+09),
           ( 2.913,  8.65e+08),
           ( 2.916,  6.61e+08),
           ( 2.919,  1.13e+09),
           ( 2.923,  1.38e+09),
           ( 2.926,  1.27e+09),
           ( 2.930,  8.43e+08),
           ( 2.933,  1.03e+09),
           ( 2.936,  2.73e+08),
           ( 2.940, -5.64e+08),
           ( 2.943, -2.66e+08),
           ( 2.946, -8.12e+08),
           ( 2.950, -8.64e+08),
           ( 2.953, -9.01e+08),
           ( 2.956, -1.43e+09),
           ( 2.960, -1.49e+09),
           ( 2.963, -1.43e+09),
           ( 2.967, -1.27e+08),
           ( 2.970, -2.14e+07),
           ( 2.973,  5.52e+06),
           ( 2.977,  4.68e+08),
           ( 2.980,  7.39e+08),
           ( 2.984,  1.56e+09),
           ( 2.987,  1.02e+09),
           ( 2.990,  4.36e+07),
           ( 2.994, -3.13e+08),
           ( 2.997, -1.59e+09)]
