Bolide Detection Notification: 2011-230

At 14:55:45 UT on 18 Aug 2011, sensors aboard U. S. Government satellites recorded
the flash signature of a large meteoroid entry into the atmosphere. Location of the
flash was not determined.

Based upon the visible-light intensity-time signature, peak brightness of the flash
was determined to be approximately 1.20e+10 watts/steradian, and total radiated flash
energy 2.46e+10 joules (6000K blackbody model).

Columns: time, intensity (w/sr)
Intensity=[(-0.597,  1.54e+09),
           (-0.591, -3.92e+07),
           (-0.587, -3.75e+08),
           (-0.584, -1.61e+09),
           (-0.580,  6.20e+07),
           (-0.577, -2.30e+09),
           (-0.574, -2.26e+09),
           (-0.570, -1.02e+08),
           (-0.567, -1.50e+08),
           (-0.564, -3.05e+08),
           (-0.560,  4.14e+08),
           (-0.557, -9.79e+08),
           (-0.550,  3.13e+08),
           (-0.547, -1.01e+09),
           (-0.543, -6.17e+08),
           (-0.540,  5.69e+08),
           (-0.537, -6.61e+08),
           (-0.533, -1.68e+09),
           (-0.530,  4.93e+08),
           (-0.526, -2.50e+08),
           (-0.523,  1.34e+09),
           (-0.520,  6.02e+08),
           (-0.516, -1.96e+09),
           (-0.513, -2.83e+08),
           (-0.510, -3.74e+08),
           (-0.506,  2.60e+08),
           (-0.503, -1.50e+09),
           (-0.499, -2.75e+08),
           (-0.496,  3.81e+08),
           (-0.493,  9.80e+07),
           (-0.489, -7.52e+08),
           (-0.486,  4.94e+08),
           (-0.483, -1.18e+09),
           (-0.479, -3.82e+08),
           (-0.476, -3.93e+08),
           (-0.472, -1.37e+09),
           (-0.469, -2.72e+08),
           (-0.466, -1.31e+09),
           (-0.459,  6.14e+08),
           (-0.456, -4.47e+08),
           (-0.452, -8.96e+08),
           (-0.449, -5.73e+08),
           (-0.445, -1.44e+08),
           (-0.442, -1.37e+08),
           (-0.439, -1.90e+09),
           (-0.435, -5.69e+08),
           (-0.432, -3.96e+08),
           (-0.429, -1.16e+09),
           (-0.425, -1.68e+08),
           (-0.422, -1.04e+08),
           (-0.418, -1.83e+08),
           (-0.415, -1.53e+09),
           (-0.408, -4.46e+08),
           (-0.405, -4.47e+08),
           (-0.402, -8.34e+08),
           (-0.398, -2.07e+09),
           (-0.395, -8.86e+08),
           (-0.391, -3.46e+08),
           (-0.388,  8.90e+08),
           (-0.385, -1.23e+09),
           (-0.381, -9.45e+08),
           (-0.378,  3.09e+08),
           (-0.375,  8.25e+08),
           (-0.371, -8.11e+08),
           (-0.368, -4.00e+08),
           (-0.364, -9.76e+08),
           (-0.361, -5.83e+08),
           (-0.358,  1.58e+09),
           (-0.354, -7.17e+08),
           (-0.351, -9.41e+08),
           (-0.348, -1.02e+09),
           (-0.344, -6.65e+08),
           (-0.341, -2.47e+09),
           (-0.337,  7.35e+08),
           (-0.334, -1.48e+09),
           (-0.331, -1.12e+09),
           (-0.327, -2.17e+09),
           (-0.324, -7.65e+08),
           (-0.321,  2.79e+08),
           (-0.317, -5.83e+08),
           (-0.314, -4.00e+07),
           (-0.310, -1.81e+09),
           (-0.307, -7.46e+08),
           (-0.304, -6.80e+08),
           (-0.300, -2.30e+09),
           (-0.297,  2.75e+08),
           (-0.294,  6.50e+08),
           (-0.287, -2.06e+09),
           (-0.283, -4.51e+08),
           (-0.280, -4.58e+08),
           (-0.277,  7.89e+08),
           (-0.273, -1.43e+09),
           (-0.270, -1.70e+09),
           (-0.267, -3.88e+08),
           (-0.263,  5.35e+08),
           (-0.260,  6.05e+07),
           (-0.256, -1.18e+09),
           (-0.253,  9.90e+08),
           (-0.250, -1.85e+09),
           (-0.246, -1.83e+09),
           (-0.243, -6.51e+08),
           (-0.240, -1.78e+09),
           (-0.236, -1.42e+09),
           (-0.233, -2.07e+09),
           (-0.229,  1.31e+09),
           (-0.226, -1.78e+09),
           (-0.223,  1.09e+08),
           (-0.219, -1.03e+09),
           (-0.216, -1.58e+09),
           (-0.213, -8.97e+08),
           (-0.209, -1.36e+09),
           (-0.206,  7.16e+08),
           (-0.202, -1.48e+08),
           (-0.199, -1.77e+09),
           (-0.196, -2.00e+09),
           (-0.192, -1.07e+09),
           (-0.189,  3.76e+08),
           (-0.186, -1.54e+09),
           (-0.179, -2.14e+07),
           (-0.175, -1.44e+09),
           (-0.172,  9.28e+08),
           (-0.169, -2.10e+09),
           (-0.165, -1.36e+09),
           (-0.162,  1.15e+09),
           (-0.159,  3.38e+07),
           (-0.155, -5.92e+08),
           (-0.152, -1.51e+09),
           (-0.148, -7.25e+08),
           (-0.145, -5.18e+08),
           (-0.142, -6.59e+08),
           (-0.138, -1.11e+09),
           (-0.135,  2.22e+07),
           (-0.132,  2.40e+08),
           (-0.128,  7.82e+08),
           (-0.125, -3.61e+08),
           (-0.121,  1.61e+08),
           (-0.118,  1.09e+09),
           (-0.115,  7.95e+08),
           (-0.111,  1.15e+09),
           (-0.108,  9.13e+08),
           (-0.105, -1.95e+07),
           (-0.101, -5.05e+08),
           (-0.098,  6.73e+08),
           (-0.095,  8.41e+08),
           (-0.091,  1.49e+09),
           (-0.088,  7.11e+08),
           (-0.084,  3.96e+08),
           (-0.081,  6.39e+08),
           (-0.078,  1.21e+09),
           (-0.074,  1.38e+08),
           (-0.071, -3.78e+07),
           (-0.067,  1.80e+09),
           (-0.064,  2.65e+08),
           (-0.061,  6.21e+08),
           (-0.057, -5.32e+08),
           (-0.054, -5.59e+08),
           (-0.051, -1.33e+09),
           (-0.047,  1.01e+09),
           (-0.044,  1.85e+08),
           (-0.040, -4.72e+08),
           (-0.037,  1.72e+09),
           (-0.034, -2.34e+08),
           (-0.030,  2.16e+09),
           (-0.027,  6.23e+08),
           (-0.024,  2.23e+09),
           (-0.020,  2.40e+09),
           (-0.017,  1.23e+09),
           (-0.013,  1.04e+09),
           (-0.010,  1.05e+09),
           (-0.007,  2.47e+09),
           (-0.003,  2.59e+09),
           ( 0.000,  3.01e+09),
           ( 0.003,  3.09e+09),
           ( 0.007,  4.03e+09),
           ( 0.010,  3.23e+09),
           ( 0.014,  4.76e+09),
           ( 0.017,  3.34e+09),
           ( 0.020,  4.71e+09),
           ( 0.024,  4.42e+09),
           ( 0.027,  6.15e+09),
           ( 0.030,  5.90e+09),
           ( 0.034,  5.40e+09),
           ( 0.037,  4.05e+09),
           ( 0.040,  4.28e+09),
           ( 0.044,  6.80e+09),
           ( 0.047,  6.88e+09),
           ( 0.051,  5.02e+09),
           ( 0.054,  6.50e+09),
           ( 0.057,  6.67e+09),
           ( 0.061,  6.47e+09),
           ( 0.064,  7.57e+09),
           ( 0.068,  6.13e+09),
           ( 0.071,  5.79e+09),
           ( 0.074,  9.72e+09),
           ( 0.078,  7.25e+09),
           ( 0.081,  5.54e+09),
           ( 0.084,  6.77e+09),
           ( 0.088,  7.19e+09),
           ( 0.091,  6.66e+09),
           ( 0.095,  7.50e+09),
           ( 0.098,  8.83e+09),
           ( 0.101,  8.88e+09),
           ( 0.105,  8.41e+09),
           ( 0.108,  9.43e+09),
           ( 0.111,  1.03e+10),
           ( 0.115,  8.84e+09),
           ( 0.118,  1.20e+10),
           ( 0.122,  7.30e+09),
           ( 0.125,  8.69e+09),
           ( 0.128,  8.40e+09),
           ( 0.132,  7.80e+09),
           ( 0.135,  6.55e+09),
           ( 0.138,  5.86e+09),
           ( 0.142,  7.17e+09),
           ( 0.145,  6.58e+09),
           ( 0.149,  5.63e+09),
           ( 0.155,  6.36e+09),
           ( 0.159,  5.93e+09),
           ( 0.162,  4.59e+09),
           ( 0.165,  5.09e+09),
           ( 0.169,  6.30e+09),
           ( 0.172,  4.73e+09),
           ( 0.176,  2.22e+09),
           ( 0.179,  4.55e+09),
           ( 0.182,  5.41e+09),
           ( 0.186,  1.83e+09),
           ( 0.189,  4.04e+09),
           ( 0.192,  2.69e+09),
           ( 0.196,  4.52e+09),
           ( 0.199,  1.82e+09),
           ( 0.203,  2.63e+09),
           ( 0.206,  2.43e+09),
           ( 0.209,  1.04e+09),
           ( 0.213,  2.96e+09),
           ( 0.216,  1.55e+09),
           ( 0.219,  2.37e+09),
           ( 0.223,  1.23e+09),
           ( 0.226,  3.82e+09),
           ( 0.230,  2.85e+09),
           ( 0.233,  2.90e+09),
           ( 0.236,  1.28e+09),
           ( 0.240,  1.45e+09),
           ( 0.246,  3.39e+09),
           ( 0.250,  3.48e+08),
           ( 0.253,  1.20e+09),
           ( 0.257,  9.80e+08),
           ( 0.263,  3.01e+09),
           ( 0.267,  1.82e+09),
           ( 0.270,  1.80e+09),
           ( 0.273,  6.24e+08),
           ( 0.277,  1.48e+08),
           ( 0.280, -4.57e+08),
           ( 0.284,  1.21e+09),
           ( 0.287,  6.74e+08),
           ( 0.290, -8.54e+08),
           ( 0.294, -6.20e+08),
           ( 0.297, -1.44e+08),
           ( 0.300,  1.84e+09),
           ( 0.307, -7.36e+08),
           ( 0.311,  1.15e+09),
           ( 0.314,  3.24e+08),
           ( 0.317,  1.24e+09),
           ( 0.321,  2.40e+09),
           ( 0.324,  3.74e+08),
           ( 0.327,  7.66e+08),
           ( 0.331,  6.42e+08),
           ( 0.334,  4.42e+08),
           ( 0.338,  1.38e+09),
           ( 0.341, -6.48e+07),
           ( 0.344,  1.60e+09),
           ( 0.348,  2.68e+09),
           ( 0.351,  9.74e+08),
           ( 0.354,  1.33e+08),
           ( 0.358, -1.10e+09),
           ( 0.361, -2.92e+08),
           ( 0.365,  6.94e+08),
           ( 0.368,  6.32e+08),
           ( 0.371,  8.33e+07),
           ( 0.375,  1.40e+09),
           ( 0.378,  1.55e+09),
           ( 0.381,  2.35e+08),
           ( 0.385,  8.72e+07),
           ( 0.388,  8.37e+08),
           ( 0.392, -7.61e+08),
           ( 0.398,  7.46e+08),
           ( 0.402,  1.12e+09),
           ( 0.405,  7.01e+08),
           ( 0.408,  3.57e+08),
           ( 0.412,  1.84e+09),
           ( 0.415,  1.90e+09),
           ( 0.419,  8.16e+08),
           ( 0.425,  1.13e+09),
           ( 0.429, -9.03e+08),
           ( 0.432,  1.61e+09),
           ( 0.435,  4.14e+08),
           ( 0.439,  3.18e+08),
           ( 0.442,  1.39e+09),
           ( 0.446,  3.60e+08),
           ( 0.449,  8.90e+08),
           ( 0.452,  1.09e+09),
           ( 0.456,  4.55e+08),
           ( 0.459,  1.31e+09),
           ( 0.462, -2.18e+08),
           ( 0.466,  1.82e+09),
           ( 0.469,  9.56e+08),
           ( 0.473,  1.16e+09),
           ( 0.476,  2.27e+09),
           ( 0.479,  7.75e+08),
           ( 0.483,  5.01e+08),
           ( 0.486, -3.30e+08),
           ( 0.489, -5.10e+08),
           ( 0.493,  8.86e+08),
           ( 0.496, -3.79e+08),
           ( 0.500,  1.12e+09),
           ( 0.503, -3.33e+08),
           ( 0.506, -2.78e+08),
           ( 0.510,  3.67e+08),
           ( 0.513, -2.78e+08),
           ( 0.516,  7.92e+08),
           ( 0.520,  3.16e+08),
           ( 0.523,  1.16e+09),
           ( 0.527,  7.55e+08),
           ( 0.530,  4.88e+08),
           ( 0.533,  6.37e+08),
           ( 0.537,  1.07e+09),
           ( 0.540,  2.60e+09),
           ( 0.543,  1.05e+09),
           ( 0.547, -1.64e+08),
           ( 0.550,  1.42e+09),
           ( 0.554,  1.92e+09),
           ( 0.557,  1.35e+09),
           ( 0.560, -7.94e+08),
           ( 0.564, -1.59e+08),
           ( 0.567,  9.70e+07),
           ( 0.570, -3.85e+08),
           ( 0.574, -5.72e+08),
           ( 0.577,  3.73e+08),
           ( 0.581,  2.16e+09),
           ( 0.587,  3.90e+07),
           ( 0.591, -6.85e+08),
           ( 0.594,  8.32e+08),
           ( 0.597,  1.29e+09),
           ( 0.601, -1.82e+08),
           ( 0.604,  1.26e+09),
           ( 0.608,  2.04e+09),
           ( 0.611,  1.03e+09),
           ( 0.614, -4.02e+08),
           ( 0.618,  2.96e+08),
           ( 0.621,  2.21e+08),
           ( 0.628,  1.32e+09),
           ( 0.631,  4.85e+08),
           ( 0.635,  1.16e+09),
           ( 0.638,  9.55e+08),
           ( 0.641,  5.76e+08),
           ( 0.645,  5.69e+08),
           ( 0.648,  1.59e+09),
           ( 0.651, -5.06e+08),
           ( 0.655,  1.88e+07),
           ( 0.658,  1.98e+09),
           ( 0.662,  3.07e+08),
           ( 0.665,  7.36e+07),
           ( 0.668,  1.50e+09),
           ( 0.672,  6.44e+08),
           ( 0.675,  3.94e+08),
           ( 0.678, -3.01e+08),
           ( 0.682,  9.28e+08),
           ( 0.685,  1.15e+09),
           ( 0.689,  1.79e+08),
           ( 0.692,  7.24e+08),
           ( 0.695,  7.01e+08),
           ( 0.699,  7.74e+08),
           ( 0.702, -8.53e+08),
           ( 0.705, -7.74e+08),
           ( 0.709,  7.69e+08),
           ( 0.712,  4.01e+08),
           ( 0.716,  3.14e+09),
           ( 0.719,  1.74e+09),
           ( 0.722,  1.37e+09),
           ( 0.726,  1.96e+09),
           ( 0.729,  1.37e+09),
           ( 0.732, -2.09e+08),
           ( 0.736,  1.50e+08),
           ( 0.739, -1.35e+09),
           ( 0.743,  2.20e+09),
           ( 0.746,  1.12e+08),
           ( 0.749,  3.06e+08),
           ( 0.753,  8.94e+08),
           ( 0.756,  6.42e+08),
           ( 0.759, -4.07e+08),
           ( 0.763, -1.82e+09),
           ( 0.766,  2.58e+09),
           ( 0.770, -1.25e+09),
           ( 0.773, -1.05e+09),
           ( 0.776, -4.85e+08),
           ( 0.780, -6.48e+08),
           ( 0.783,  5.26e+07),
           ( 0.786,  2.24e+08),
           ( 0.790,  6.00e+08),
           ( 0.793, -8.85e+08),
           ( 0.797,  2.97e+08),
           ( 0.800, -1.13e+09),
           ( 0.803,  1.51e+08),
           ( 0.807,  1.85e+09),
           ( 0.810,  1.09e+08),
           ( 0.813,  4.54e+08),
           ( 0.817, -3.06e+08),
           ( 0.820,  1.44e+09),
           ( 0.824,  1.12e+09),
           ( 0.827,  9.57e+08),
           ( 0.830, -1.98e+09),
           ( 0.834,  1.32e+09),
           ( 0.837,  7.20e+07),
           ( 0.840, -8.64e+08),
           ( 0.844, -8.32e+08),
           ( 0.847,  2.30e+09),
           ( 0.851, -6.89e+08),
           ( 0.854, -1.09e+08),
           ( 0.857,  1.05e+09),
           ( 0.861,  1.66e+09),
           ( 0.864, -4.58e+08),
           ( 0.867,  1.17e+09),
           ( 0.871,  9.53e+08),
           ( 0.874,  1.32e+08),
           ( 0.877,  1.01e+09),
           ( 0.881,  1.50e+09),
           ( 0.884, -4.60e+08),
           ( 0.888,  5.23e+08),
           ( 0.891, -1.73e+09),
           ( 0.894, -3.20e+08),
           ( 0.898, -5.01e+08),
           ( 0.901,  1.12e+09),
           ( 0.905, -3.47e+08),
           ( 0.908,  1.57e+09),
           ( 0.911, -1.52e+09),
           ( 0.915, -1.57e+08),
           ( 0.918,  2.68e+09),
           ( 0.921, -2.36e+08),
           ( 0.925, -1.85e+09),
           ( 0.928,  6.09e+07),
           ( 0.932, -1.59e+09),
           ( 0.935, -9.09e+08),
           ( 0.938,  1.74e+07),
           ( 0.942,  7.62e+07),
           ( 0.945,  8.99e+07),
           ( 0.948,  2.37e+08),
           ( 0.952,  9.50e+07),
           ( 0.955,  1.54e+09),
           ( 0.958,  5.63e+08),
           ( 0.962,  7.72e+08),
           ( 0.965,  1.08e+09),
           ( 0.969,  2.15e+09),
           ( 0.972, -2.65e+08),
           ( 0.975, -1.14e+09),
           ( 0.979,  2.02e+09),
           ( 0.982,  5.63e+07),
           ( 0.986,  4.37e+06),
           ( 0.989,  1.94e+09),
           ( 0.992, -2.30e+07),
           ( 0.996, -1.03e+08),
           ( 0.999, -2.82e+08),
           ( 1.002,  6.79e+08),
           ( 1.006,  1.14e+09),
           ( 1.009,  3.68e+08),
           ( 1.013,  7.52e+08),
           ( 1.016,  7.62e+08),
           ( 1.019, -6.26e+07),
           ( 1.023,  1.94e+08),
           ( 1.026,  7.51e+08),
           ( 1.029,  3.86e+08),
           ( 1.033,  1.47e+09),
           ( 1.036,  8.67e+08),
           ( 1.039, -8.35e+08),
           ( 1.043,  6.22e+08),
           ( 1.046, -1.63e+08),
           ( 1.050,  8.96e+08),
           ( 1.053,  4.44e+08),
           ( 1.056, -5.18e+08),
           ( 1.060, -6.93e+08),
           ( 1.063,  6.26e+08),
           ( 1.067,  2.89e+08),
           ( 1.070,  8.04e+08),
           ( 1.073,  9.26e+08),
           ( 1.077,  1.42e+09),
           ( 1.080,  1.75e+09),
           ( 1.087,  2.06e+09),
           ( 1.090,  2.39e+09),
           ( 1.094,  1.04e+09),
           ( 1.097,  9.02e+08),
           ( 1.100,  2.59e+08),
           ( 1.104,  1.45e+09),
           ( 1.107,  3.53e+07),
           ( 1.110,  1.55e+09),
           ( 1.114,  1.74e+08),
           ( 1.117,  7.61e+08),
           ( 1.121,  6.49e+08),
           ( 1.124,  8.34e+07),
           ( 1.127,  1.44e+09),
           ( 1.131, -2.25e+08),
           ( 1.134, -1.37e+09),
           ( 1.141,  2.04e+09),
           ( 1.144,  1.70e+09),
           ( 1.147,  4.87e+08),
           ( 1.151,  5.82e+07),
           ( 1.154,  2.57e+08),
           ( 1.158,  1.23e+08),
           ( 1.161, -7.11e+08),
           ( 1.164, -4.52e+08),
           ( 1.168,  9.00e+08),
           ( 1.171,  2.02e+08),
           ( 1.175,  3.45e+08),
           ( 1.178, -1.67e+08),
           ( 1.181, -1.68e+08),
           ( 1.185,  6.47e+08),
           ( 1.188,  4.48e+08),
           ( 1.191, -2.90e+08),
           ( 1.195, -3.99e+08),
           ( 1.198,  4.40e+08),
           ( 1.202,  7.85e+08),
           ( 1.205,  4.86e+08),
           ( 1.208,  1.32e+08),
           ( 1.212,  1.05e+09),
           ( 1.215,  1.13e+09),
           ( 1.218,  6.30e+08),
           ( 1.222,  6.63e+08),
           ( 1.225,  1.89e+09),
           ( 1.232, -9.65e+08),
           ( 1.235,  1.06e+09),
           ( 1.239,  2.09e+08),
           ( 1.242, -3.81e+08),
           ( 1.245, -1.54e+08),
           ( 1.249, -1.31e+09),
           ( 1.252,  7.38e+08),
           ( 1.256, -8.13e+08),
           ( 1.259,  1.02e+08),
           ( 1.262, -3.05e+08),
           ( 1.266,  7.31e+07),
           ( 1.269, -9.48e+08),
           ( 1.272,  6.36e+08),
           ( 1.276,  1.18e+09),
           ( 1.279, -2.18e+08),
           ( 1.283,  8.06e+08),
           ( 1.286, -1.37e+09),
           ( 1.289,  2.50e+09),
           ( 1.293, -2.63e+08),
           ( 1.296, -4.30e+07),
           ( 1.299,  2.24e+08),
           ( 1.303,  2.02e+08),
           ( 1.306, -9.73e+08),
           ( 1.309, -8.07e+08),
           ( 1.313,  6.24e+08),
           ( 1.316,  1.05e+09),
           ( 1.323, -1.30e+09),
           ( 1.326,  8.41e+08),
           ( 1.330,  4.92e+08),
           ( 1.333,  1.45e+09),
           ( 1.337, -5.42e+08),
           ( 1.340,  5.77e+08),
           ( 1.343, -7.63e+08),
           ( 1.347, -2.67e+08),
           ( 1.350, -7.36e+08),
           ( 1.353,  1.34e+09),
           ( 1.357, -1.49e+09),
           ( 1.360, -1.75e+09),
           ( 1.367,  3.43e+09),
           ( 1.370, -1.54e+09),
           ( 1.374,  9.71e+08),
           ( 1.377,  5.55e+08),
           ( 1.380, -2.81e+08),
           ( 1.384, -1.52e+09),
           ( 1.387,  1.12e+09),
           ( 1.394, -2.11e+09),
           ( 1.397,  3.46e+08),
           ( 1.397,  3.46e+08)]
