Bolide Detection Notification: 2012-240

At 06:57:43 UT on 27 Aug 2012, sensors aboard U. S. Government satellites recorded
the flash signature of a large meteoroid entry into the atmosphere. Location of the
flash was Lat 18.3 °S, Lon 64.2 °E.

Based upon the visible-light intensity-time signature, peak brightness of the flash
was determined to be approximately 1.36e+10 watts/steradian, and total radiated flash
energy 9.21e+10 joules (6000K blackbody model).

Columns: time, intensity (w/sr)
Intensity=[(-0.800,  2.97e+08),
           (-0.796,  8.84e+08),
           (-0.790,  2.03e+08),
           (-0.786, -1.08e+09),
           (-0.783,  1.26e+09),
           (-0.780,  6.13e+08),
           (-0.776,  1.01e+09),
           (-0.773,  9.27e+08),
           (-0.769, -1.97e+09),
           (-0.766,  3.18e+08),
           (-0.763,  9.78e+08),
           (-0.759,  3.49e+08),
           (-0.756, -1.41e+09),
           (-0.753, -1.38e+09),
           (-0.749,  8.80e+08),
           (-0.746,  1.45e+09),
           (-0.742,  1.25e+09),
           (-0.739,  1.34e+09),
           (-0.736,  1.35e+09),
           (-0.732, -3.31e+08),
           (-0.729,  1.28e+08),
           (-0.726, -6.48e+08),
           (-0.722,  1.24e+09),
           (-0.719,  1.65e+09),
           (-0.715, -2.18e+08),
           (-0.712, -3.89e+08),
           (-0.709,  2.54e+09),
           (-0.705,  2.50e+09),
           (-0.702,  4.28e+07),
           (-0.699, -5.49e+08),
           (-0.695,  1.45e+08),
           (-0.692, -3.21e+08),
           (-0.688,  1.22e+09),
           (-0.685,  6.66e+08),
           (-0.678, -1.25e+09),
           (-0.675,  5.52e+08),
           (-0.672,  5.48e+08),
           (-0.668,  5.13e+08),
           (-0.665, -9.83e+08),
           (-0.661, -2.27e+08),
           (-0.658,  9.30e+08),
           (-0.655, -4.13e+08),
           (-0.651,  1.74e+09),
           (-0.648,  7.51e+08),
           (-0.645,  1.33e+09),
           (-0.641,  4.68e+08),
           (-0.638,  4.09e+08),
           (-0.634, -5.75e+08),
           (-0.631,  3.68e+08),
           (-0.628,  5.50e+08),
           (-0.624, -6.02e+07),
           (-0.621,  7.83e+08),
           (-0.618, -1.16e+08),
           (-0.614,  1.72e+09),
           (-0.611,  5.62e+08),
           (-0.607,  1.51e+09),
           (-0.604, -5.74e+08),
           (-0.601, -4.32e+07),
           (-0.597,  2.04e+09),
           (-0.594, -3.27e+08),
           (-0.591, -1.07e+09),
           (-0.587,  9.13e+08),
           (-0.584, -1.26e+08),
           (-0.580,  4.49e+08),
           (-0.577,  1.29e+09),
           (-0.570,  2.96e+08),
           (-0.567,  2.34e+09),
           (-0.557, -7.56e+08),
           (-0.553, -5.43e+07),
           (-0.550,  1.41e+09),
           (-0.547,  9.33e+08),
           (-0.543,  1.27e+09),
           (-0.540, -4.73e+08),
           (-0.537,  5.32e+08),
           (-0.533, -4.70e+08),
           (-0.530,  9.60e+08),
           (-0.526,  1.52e+08),
           (-0.523,  2.01e+08),
           (-0.520,  9.12e+08),
           (-0.516,  2.05e+08),
           (-0.513,  2.87e+09),
           (-0.510,  2.77e+08),
           (-0.506,  1.05e+09),
           (-0.503,  1.28e+09),
           (-0.499, -9.82e+08),
           (-0.496, -6.58e+08),
           (-0.493,  2.23e+09),
           (-0.489, -2.74e+08),
           (-0.486, -5.18e+08),
           (-0.483,  1.34e+09),
           (-0.479, -5.53e+08),
           (-0.472,  1.39e+09),
           (-0.469,  2.01e+09),
           (-0.462, -7.48e+08),
           (-0.459,  4.47e+08),
           (-0.456,  1.09e+09),
           (-0.452, -7.34e+08),
           (-0.449, -2.75e+08),
           (-0.445, -7.72e+07),
           (-0.442,  1.45e+09),
           (-0.439, -1.91e+08),
           (-0.435,  1.07e+08),
           (-0.432,  6.04e+07),
           (-0.429,  1.67e+09),
           (-0.425,  9.82e+08),
           (-0.422, -2.54e+09),
           (-0.418,  5.88e+08),
           (-0.415,  3.88e+08),
           (-0.412, -3.40e+08),
           (-0.408, -5.61e+08),
           (-0.405,  8.27e+08),
           (-0.402,  1.49e+09),
           (-0.398, -1.79e+08),
           (-0.395, -6.36e+08),
           (-0.391,  1.80e+08),
           (-0.388,  1.70e+09),
           (-0.385,  5.48e+08),
           (-0.381, -1.54e+09),
           (-0.378,  6.78e+08),
           (-0.375,  1.57e+09),
           (-0.371, -1.39e+09),
           (-0.368, -1.08e+09),
           (-0.364,  3.14e+08),
           (-0.361, -3.75e+08),
           (-0.358, -2.12e+06),
           (-0.354,  9.45e+08),
           (-0.351, -1.16e+09),
           (-0.348,  9.83e+08),
           (-0.344, -3.99e+08),
           (-0.341,  9.24e+08),
           (-0.337, -3.53e+08),
           (-0.334, -5.84e+07),
           (-0.331,  1.19e+09),
           (-0.327,  3.13e+08),
           (-0.324,  3.41e+08),
           (-0.321, -3.00e+08),
           (-0.317,  1.32e+09),
           (-0.314, -1.06e+09),
           (-0.310, -1.48e+09),
           (-0.307,  1.66e+09),
           (-0.304,  9.18e+08),
           (-0.300,  9.64e+08),
           (-0.297,  7.85e+08),
           (-0.294, -2.93e+07),
           (-0.290,  9.00e+07),
           (-0.287, -2.24e+09),
           (-0.283,  9.88e+08),
           (-0.280,  6.66e+07),
           (-0.277,  2.10e+08),
           (-0.273, -2.54e+08),
           (-0.270,  1.24e+09),
           (-0.267,  1.24e+09),
           (-0.263, -9.82e+08),
           (-0.260, -5.28e+08),
           (-0.256,  2.29e+08),
           (-0.253,  1.26e+08),
           (-0.250, -6.93e+08),
           (-0.246,  1.21e+09),
           (-0.243, -5.35e+08),
           (-0.236,  6.66e+08),
           (-0.233,  2.65e+09),
           (-0.229,  1.56e+09),
           (-0.226,  1.53e+09),
           (-0.223,  1.19e+09),
           (-0.219,  5.73e+08),
           (-0.216,  8.93e+08),
           (-0.213,  8.62e+08),
           (-0.209,  1.26e+09),
           (-0.206, -2.56e+06),
           (-0.202,  4.36e+08),
           (-0.196,  6.06e+08),
           (-0.192,  1.60e+09),
           (-0.189,  1.37e+09),
           (-0.182,  1.93e+09),
           (-0.179,  1.49e+09),
           (-0.175,  2.38e+09),
           (-0.172, -6.32e+08),
           (-0.169,  1.55e+09),
           (-0.165,  3.11e+08),
           (-0.162,  2.55e+09),
           (-0.159, -4.93e+08),
           (-0.155,  1.37e+09),
           (-0.152,  5.27e+08),
           (-0.148,  1.11e+09),
           (-0.145,  2.19e+09),
           (-0.142,  5.82e+08),
           (-0.135,  1.96e+09),
           (-0.132,  2.38e+09),
           (-0.128,  1.03e+09),
           (-0.125,  1.16e+09),
           (-0.121,  6.06e+08),
           (-0.118,  3.16e+09),
           (-0.115,  1.59e+09),
           (-0.111,  6.74e+08),
           (-0.108,  1.03e+09),
           (-0.105,  1.01e+09),
           (-0.101,  1.15e+09),
           (-0.098,  5.42e+08),
           (-0.094,  2.93e+08),
           (-0.091,  5.64e+08),
           (-0.088,  2.41e+08),
           (-0.084,  6.18e+08),
           (-0.081,  1.33e+09),
           (-0.078,  5.08e+08),
           (-0.074,  1.47e+09),
           (-0.071,  1.85e+09),
           (-0.064,  1.63e+08),
           (-0.057,  3.04e+09),
           (-0.054,  1.27e+09),
           (-0.051,  2.53e+09),
           (-0.047,  2.14e+09),
           (-0.044,  4.09e+09),
           (-0.040,  1.35e+09),
           (-0.037,  6.59e+08),
           (-0.034,  1.76e+09),
           (-0.030,  1.95e+09),
           (-0.027,  4.48e+09),
           (-0.020,  2.18e+09),
           (-0.014,  6.57e+09),
           (-0.010,  1.73e+09),
           (-0.007,  2.64e+09),
           (-0.003,  3.05e+09),
           ( 0.000,  2.53e+09),
           ( 0.003,  3.12e+09),
           ( 0.007,  2.71e+09),
           ( 0.010,  1.87e+09),
           ( 0.014,  4.03e+09),
           ( 0.020,  2.88e+09),
           ( 0.024,  2.94e+09),
           ( 0.027,  3.99e+09),
           ( 0.030,  3.78e+09),
           ( 0.034,  1.71e+09),
           ( 0.037,  2.35e+09),
           ( 0.041,  2.57e+09),
           ( 0.047,  3.29e+09),
           ( 0.051,  2.55e+09),
           ( 0.054,  8.52e+08),
           ( 0.061,  3.25e+09),
           ( 0.064,  2.07e+09),
           ( 0.068,  3.27e+09),
           ( 0.071,  1.53e+09),
           ( 0.074,  3.57e+09),
           ( 0.078,  4.04e+09),
           ( 0.081,  3.99e+09),
           ( 0.084,  2.74e+09),
           ( 0.088,  2.65e+09),
           ( 0.095,  1.49e+09),
           ( 0.098,  4.22e+09),
           ( 0.101,  3.19e+09),
           ( 0.105,  2.88e+09),
           ( 0.108,  1.58e+09),
           ( 0.111,  3.35e+09),
           ( 0.115,  3.14e+09),
           ( 0.118,  2.35e+09),
           ( 0.122,  3.13e+09),
           ( 0.125,  4.84e+09),
           ( 0.128,  2.34e+09),
           ( 0.132,  2.81e+09),
           ( 0.135,  2.80e+09),
           ( 0.138,  2.65e+09),
           ( 0.142,  3.90e+09),
           ( 0.145,  2.70e+09),
           ( 0.149,  3.86e+09),
           ( 0.152,  2.56e+09),
           ( 0.155,  4.59e+09),
           ( 0.159,  4.97e+09),
           ( 0.162,  2.01e+09),
           ( 0.169,  3.64e+09),
           ( 0.172,  2.64e+09),
           ( 0.179,  4.67e+09),
           ( 0.182,  2.29e+09),
           ( 0.189,  4.92e+09),
           ( 0.192,  4.56e+09),
           ( 0.196,  4.47e+09),
           ( 0.199,  4.55e+09),
           ( 0.203,  2.63e+09),
           ( 0.206,  1.79e+09),
           ( 0.209,  2.33e+09),
           ( 0.213,  4.79e+09),
           ( 0.216,  3.81e+09),
           ( 0.219,  3.39e+09),
           ( 0.223,  3.85e+09),
           ( 0.226,  6.62e+09),
           ( 0.230,  3.82e+09),
           ( 0.233,  5.02e+09),
           ( 0.236,  3.98e+09),
           ( 0.243,  5.68e+09),
           ( 0.246,  3.45e+09),
           ( 0.250,  3.38e+09),
           ( 0.253,  4.35e+09),
           ( 0.257,  4.83e+09),
           ( 0.260,  3.31e+09),
           ( 0.267,  4.24e+09),
           ( 0.273,  3.39e+09),
           ( 0.277,  4.48e+09),
           ( 0.280,  2.77e+09),
           ( 0.287,  4.58e+09),
           ( 0.290,  3.35e+09),
           ( 0.294,  3.82e+09),
           ( 0.297,  4.01e+09),
           ( 0.300,  2.57e+09),
           ( 0.307,  5.06e+09),
           ( 0.311,  5.60e+09),
           ( 0.314,  6.73e+09),
           ( 0.317,  4.59e+09),
           ( 0.321,  3.67e+09),
           ( 0.327,  4.56e+09),
           ( 0.331,  4.98e+09),
           ( 0.334,  4.68e+09),
           ( 0.338,  2.64e+09),
           ( 0.344,  4.15e+09),
           ( 0.348,  4.31e+09),
           ( 0.351,  4.75e+09),
           ( 0.358,  1.50e+09),
           ( 0.361,  5.16e+09),
           ( 0.365,  3.21e+09),
           ( 0.368,  2.73e+09),
           ( 0.371,  4.53e+09),
           ( 0.375,  4.40e+09),
           ( 0.378,  1.92e+09),
           ( 0.381,  4.80e+09),
           ( 0.385,  2.79e+09),
           ( 0.388,  2.86e+09),
           ( 0.392,  2.60e+09),
           ( 0.395,  5.02e+09),
           ( 0.398,  5.30e+09),
           ( 0.402,  3.02e+09),
           ( 0.405,  2.28e+09),
           ( 0.408,  3.89e+09),
           ( 0.412,  3.70e+09),
           ( 0.415,  3.02e+09),
           ( 0.419,  2.80e+09),
           ( 0.422,  4.87e+09),
           ( 0.425,  3.81e+09),
           ( 0.429,  1.87e+09),
           ( 0.432,  4.12e+09),
           ( 0.435,  2.60e+09),
           ( 0.439,  3.96e+09),
           ( 0.442,  3.60e+09),
           ( 0.446,  5.49e+09),
           ( 0.449,  3.74e+09),
           ( 0.452,  5.61e+09),
           ( 0.456,  3.94e+09),
           ( 0.459,  5.47e+09),
           ( 0.462,  2.05e+09),
           ( 0.466,  5.01e+09),
           ( 0.469,  5.13e+09),
           ( 0.473,  4.36e+09),
           ( 0.476,  5.60e+09),
           ( 0.479,  2.88e+09),
           ( 0.483,  4.52e+09),
           ( 0.486,  3.49e+09),
           ( 0.489,  5.21e+09),
           ( 0.493,  4.20e+09),
           ( 0.496,  4.71e+09),
           ( 0.500,  2.90e+09),
           ( 0.503,  2.59e+09),
           ( 0.506,  4.70e+09),
           ( 0.520,  1.92e+09),
           ( 0.523,  4.89e+09),
           ( 0.527,  2.51e+09),
           ( 0.530,  2.51e+09),
           ( 0.533,  2.57e+09),
           ( 0.537,  2.99e+09),
           ( 0.543,  4.04e+09),
           ( 0.547,  2.42e+09),
           ( 0.550,  3.30e+09),
           ( 0.554,  3.61e+09),
           ( 0.557,  9.79e+08),
           ( 0.560,  3.11e+09),
           ( 0.564,  3.52e+09),
           ( 0.567,  3.32e+09),
           ( 0.570,  4.86e+09),
           ( 0.574,  2.12e+09),
           ( 0.581,  4.08e+09),
           ( 0.584,  3.74e+09),
           ( 0.587,  4.16e+09),
           ( 0.591,  2.09e+09),
           ( 0.594,  1.20e+09),
           ( 0.597,  4.64e+09),
           ( 0.601,  3.70e+09),
           ( 0.604,  4.39e+09),
           ( 0.611,  2.45e+09),
           ( 0.614,  3.83e+09),
           ( 0.618,  2.82e+09),
           ( 0.621,  3.05e+09),
           ( 0.624,  3.16e+09),
           ( 0.628,  4.60e+09),
           ( 0.631,  2.61e+09),
           ( 0.635,  4.07e+09),
           ( 0.638,  3.04e+09),
           ( 0.641,  2.51e+09),
           ( 0.645,  2.51e+09),
           ( 0.648,  2.92e+09),
           ( 0.651,  2.57e+09),
           ( 0.655,  4.53e+09),
           ( 0.658,  4.31e+09),
           ( 0.662,  3.50e+09),
           ( 0.665,  3.40e+09),
           ( 0.668,  2.35e+09),
           ( 0.672,  2.03e+09),
           ( 0.675,  3.24e+09),
           ( 0.678,  3.23e+09),
           ( 0.682,  1.75e+09),
           ( 0.685,  4.35e+09),
           ( 0.689,  3.30e+09),
           ( 0.692,  3.91e+09),
           ( 0.695,  2.52e+09),
           ( 0.699,  4.32e+09),
           ( 0.702,  3.99e+09),
           ( 0.705,  2.66e+09),
           ( 0.709,  3.38e+09),
           ( 0.712,  2.30e+09),
           ( 0.716,  2.79e+09),
           ( 0.719,  3.49e+09),
           ( 0.722,  2.63e+09),
           ( 0.726,  3.69e+09),
           ( 0.729,  1.57e+09),
           ( 0.732,  3.20e+09),
           ( 0.736,  3.05e+09),
           ( 0.739,  2.56e+09),
           ( 0.743,  2.62e+09),
           ( 0.746,  2.15e+09),
           ( 0.749,  2.71e+09),
           ( 0.753,  1.30e+09),
           ( 0.756,  2.43e+09),
           ( 0.759,  2.93e+09),
           ( 0.763,  3.12e+09),
           ( 0.766,  4.81e+09),
           ( 0.773,  2.21e+09),
           ( 0.776,  3.26e+09),
           ( 0.780,  5.29e+08),
           ( 0.786,  3.02e+09),
           ( 0.793,  1.94e+09),
           ( 0.797,  2.81e+09),
           ( 0.800,  2.86e+09),
           ( 0.803,  3.39e+09),
           ( 0.807,  1.70e+09),
           ( 0.810,  3.60e+09),
           ( 0.813,  6.31e+08),
           ( 0.817,  1.44e+08),
           ( 0.820,  9.11e+08),
           ( 0.824,  3.15e+09),
           ( 0.827,  2.44e+09),
           ( 0.830,  3.46e+09),
           ( 0.834,  2.61e+09),
           ( 0.837,  3.08e+09),
           ( 0.840,  2.36e+09),
           ( 0.847,  3.40e+09),
           ( 0.851,  9.50e+08),
           ( 0.854,  3.17e+09),
           ( 0.857,  3.59e+09),
           ( 0.861,  1.48e+09),
           ( 0.864,  2.18e+09),
           ( 0.867,  2.22e+09),
           ( 0.871,  2.93e+09),
           ( 0.878,  1.58e+09),
           ( 0.881,  4.13e+09),
           ( 0.884,  3.43e+08),
           ( 0.888,  3.81e+09),
           ( 0.891,  1.59e+09),
           ( 0.894,  2.90e+09),
           ( 0.898,  1.65e+09),
           ( 0.908,  3.08e+09),
           ( 0.911,  2.25e+09),
           ( 0.915,  3.13e+09),
           ( 0.918,  1.08e+09),
           ( 0.921,  3.66e+09),
           ( 0.925,  2.64e+09),
           ( 0.928,  5.04e+08),
           ( 0.932,  4.08e+09),
           ( 0.935,  2.55e+09),
           ( 0.938,  3.45e+09),
           ( 0.942,  3.84e+09),
           ( 0.945,  4.59e+07),
           ( 0.948,  2.86e+09),
           ( 0.952,  3.19e+09),
           ( 0.955,  2.83e+09),
           ( 0.959,  2.07e+09),
           ( 0.962, -1.17e+08),
           ( 0.969,  1.35e+09),
           ( 0.972,  2.42e+09),
           ( 0.975,  2.35e+09),
           ( 0.979,  2.39e+09),
           ( 0.982,  4.95e+08),
           ( 0.986,  3.51e+09),
           ( 0.989,  1.50e+09),
           ( 0.992,  2.26e+09),
           ( 0.996,  1.32e+09),
           ( 0.999,  2.63e+09),
           ( 1.002,  1.76e+09),
           ( 1.006,  1.81e+09),
           ( 1.009,  2.12e+09),
           ( 1.013,  3.75e+09),
           ( 1.016,  3.47e+09),
           ( 1.026,  1.04e+09),
           ( 1.033,  1.92e+09),
           ( 1.036,  4.30e+09),
           ( 1.043,  1.61e+09),
           ( 1.046,  1.68e+09),
           ( 1.050, -2.46e+08),
           ( 1.056,  2.32e+09),
           ( 1.060,  1.69e+09),
           ( 1.063,  2.44e+09),
           ( 1.070,  4.26e+09),
           ( 1.073,  4.10e+09),
           ( 1.077,  5.10e+09),
           ( 1.080,  4.32e+09),
           ( 1.083,  4.49e+09),
           ( 1.090,  3.12e+09),
           ( 1.094,  3.89e+09),
           ( 1.097,  2.79e+09),
           ( 1.100,  5.73e+08),
           ( 1.104,  5.23e+09),
           ( 1.107,  3.50e+09),
           ( 1.110,  2.53e+09),
           ( 1.114,  3.93e+09),
           ( 1.117,  2.96e+09),
           ( 1.121,  5.51e+09),
           ( 1.124,  2.30e+09),
           ( 1.127,  3.53e+09),
           ( 1.131,  1.35e+09),
           ( 1.134,  5.83e+09),
           ( 1.141, -1.52e+08),
           ( 1.148,  2.77e+09),
           ( 1.151,  2.88e+09),
           ( 1.154,  2.20e+09),
           ( 1.158,  4.98e+09),
           ( 1.161,  1.86e+09),
           ( 1.164,  4.85e+09),
           ( 1.168,  2.43e+09),
           ( 1.171,  2.60e+09),
           ( 1.175,  2.41e+09),
           ( 1.181,  2.97e+09),
           ( 1.185,  2.81e+09),
           ( 1.188,  4.68e+09),
           ( 1.191,  2.87e+09),
           ( 1.195,  1.85e+09),
           ( 1.198,  3.36e+09),
           ( 1.202,  1.72e+09),
           ( 1.205,  1.49e+09),
           ( 1.208,  3.28e+09),
           ( 1.212,  4.00e+09),
           ( 1.215,  3.29e+09),
           ( 1.218,  1.38e+09),
           ( 1.222,  4.07e+09),
           ( 1.225,  3.62e+09),
           ( 1.228,  1.89e+09),
           ( 1.232,  3.94e+09),
           ( 1.239,  1.55e+09),
           ( 1.242,  2.15e+09),
           ( 1.245,  3.13e+09),
           ( 1.249,  2.82e+09),
           ( 1.252,  3.07e+09),
           ( 1.259,  9.60e+09),
           ( 1.262,  1.11e+10),
           ( 1.266,  1.02e+10),
           ( 1.269,  1.23e+10),
           ( 1.272,  9.46e+09),
           ( 1.276,  1.00e+10),
           ( 1.279,  1.27e+10),
           ( 1.283,  1.09e+10),
           ( 1.286,  1.19e+10),
           ( 1.289,  7.99e+09),
           ( 1.293,  6.46e+09),
           ( 1.296,  5.75e+09),
           ( 1.299,  5.91e+09),
           ( 1.306,  1.00e+10),
           ( 1.310,  1.10e+10),
           ( 1.313,  1.30e+10),
           ( 1.316,  1.19e+10),
           ( 1.320,  1.02e+10),
           ( 1.323,  1.04e+10),
           ( 1.326,  7.55e+09),
           ( 1.330,  8.56e+09),
           ( 1.337,  6.33e+09),
           ( 1.340,  6.38e+09),
           ( 1.343,  4.29e+09),
           ( 1.347,  4.98e+09),
           ( 1.350,  4.96e+09),
           ( 1.353,  5.12e+09),
           ( 1.357,  3.59e+09),
           ( 1.360,  3.50e+09),
           ( 1.364,  2.69e+09),
           ( 1.367,  5.05e+09),
           ( 1.374,  2.49e+09),
           ( 1.377,  3.50e+09),
           ( 1.380,  3.38e+09),
           ( 1.384,  2.42e+09),
           ( 1.387,  3.80e+09),
           ( 1.391,  1.30e+09),
           ( 1.394,  3.11e+09),
           ( 1.401,  1.71e+09),
           ( 1.404,  2.28e+09),
           ( 1.411,  5.83e+09),
           ( 1.414,  2.07e+09),
           ( 1.417,  2.62e+09),
           ( 1.421,  2.76e+09),
           ( 1.424,  8.70e+08),
           ( 1.434,  4.19e+09),
           ( 1.438,  8.50e+08),
           ( 1.441,  1.19e+09),
           ( 1.445,  3.34e+09),
           ( 1.448,  2.96e+09),
           ( 1.451,  3.75e+09),
           ( 1.455,  8.08e+08),
           ( 1.458,  2.64e+09),
           ( 1.461,  3.13e+09),
           ( 1.465,  2.08e+09),
           ( 1.468,  2.16e+09),
           ( 1.472,  4.27e+09),
           ( 1.478,  1.09e+09),
           ( 1.482,  1.36e+09),
           ( 1.485,  3.29e+09),
           ( 1.488,  2.02e+09),
           ( 1.492,  1.77e+09),
           ( 1.495,  3.51e+09),
           ( 1.499,  2.55e+09),
           ( 1.502,  2.90e+09),
           ( 1.505,  4.33e+09),
           ( 1.509,  2.17e+09),
           ( 1.512,  1.95e+09),
           ( 1.515,  1.89e+09),
           ( 1.519,  2.28e+09),
           ( 1.522,  3.17e+09),
           ( 1.526,  3.21e+09),
           ( 1.532,  1.72e+09),
           ( 1.536,  3.49e+09),
           ( 1.539,  2.68e+09),
           ( 1.542,  2.65e+09),
           ( 1.546,  2.72e+09),
           ( 1.549,  4.03e+09),
           ( 1.553,  3.04e+09),
           ( 1.556,  4.20e+09),
           ( 1.559,  2.34e+09),
           ( 1.563,  1.49e+09),
           ( 1.566,  4.15e+09),
           ( 1.569,  2.63e+09),
           ( 1.573,  4.38e+09),
           ( 1.576,  2.02e+09),
           ( 1.580,  2.54e+09),
           ( 1.583,  2.60e+09),
           ( 1.586,  1.50e+09),
           ( 1.590,  3.44e+09),
           ( 1.596, -9.13e+07),
           ( 1.600,  2.56e+09),
           ( 1.603,  1.58e+09),
           ( 1.607,  3.60e+09),
           ( 1.610,  2.99e+09),
           ( 1.613,  3.43e+09),
           ( 1.617,  3.54e+09),
           ( 1.620,  1.66e+09),
           ( 1.627,  3.87e+09),
           ( 1.630,  3.97e+09),
           ( 1.637,  1.65e+09),
           ( 1.640,  1.16e+09),
           ( 1.644,  2.47e+09),
           ( 1.650,  8.36e+08),
           ( 1.654,  1.56e+09),
           ( 1.657,  1.56e+09),
           ( 1.660,  2.22e+08),
           ( 1.664,  1.98e+09),
           ( 1.667,  2.74e+09),
           ( 1.674,  1.86e+09),
           ( 1.677,  1.08e+09),
           ( 1.681,  1.52e+09),
           ( 1.684,  1.15e+09),
           ( 1.691,  3.48e+09),
           ( 1.694,  1.03e+09),
           ( 1.698,  3.25e+09),
           ( 1.701,  1.91e+09),
           ( 1.704,  2.60e+09),
           ( 1.708,  1.45e+09),
           ( 1.715,  3.89e+09),
           ( 1.718,  2.41e+09),
           ( 1.721,  3.11e+09),
           ( 1.728,  8.68e+08),
           ( 1.735,  1.63e+09),
           ( 1.738,  7.52e+08),
           ( 1.742,  1.16e+09),
           ( 1.745,  1.27e+09),
           ( 1.748,  2.32e+09),
           ( 1.752,  2.14e+09),
           ( 1.755,  2.67e+09),
           ( 1.758,  1.44e+09),
           ( 1.762,  2.09e+09),
           ( 1.765,  1.14e+09),
           ( 1.769,  1.17e+09),
           ( 1.772,  1.75e+09),
           ( 1.775,  6.62e+08),
           ( 1.779,  7.41e+08),
           ( 1.782,  9.64e+08),
           ( 1.785,  3.49e+09),
           ( 1.789,  1.32e+09),
           ( 1.792,  1.10e+09),
           ( 1.796,  2.43e+09),
           ( 1.799,  1.29e+09),
           ( 1.802,  2.03e+09),
           ( 1.806,  1.31e+09),
           ( 1.809,  1.85e+09),
           ( 1.812,  4.00e+08),
           ( 1.816,  2.08e+09),
           ( 1.819,  1.98e+09),
           ( 1.823,  3.77e+09),
           ( 1.826,  3.48e+09),
           ( 1.829,  4.30e+09),
           ( 1.833,  3.04e+09),
           ( 1.836,  9.38e+08),
           ( 1.843,  2.50e+09),
           ( 1.846,  1.29e+09),
           ( 1.849,  1.62e+09),
           ( 1.853,  7.04e+08),
           ( 1.856,  1.78e+09),
           ( 1.860,  1.48e+09),
           ( 1.863, -7.65e+08),
           ( 1.866,  2.63e+09),
           ( 1.870,  2.08e+09),
           ( 1.873,  3.32e+09),
           ( 1.877,  1.81e+09),
           ( 1.880,  2.31e+09),
           ( 1.883,  3.79e+09),
           ( 1.887,  1.61e+09),
           ( 1.890,  1.78e+09),
           ( 1.893,  1.84e+09),
           ( 1.897,  1.85e+09),
           ( 1.900,  6.70e+08),
           ( 1.904,  2.53e+09),
           ( 1.907,  1.32e+09),
           ( 1.910,  2.86e+09),
           ( 1.914,  3.04e+09),
           ( 1.917,  1.43e+09),
           ( 1.920,  2.81e+09),
           ( 1.927,  2.51e+08),
           ( 1.931,  1.39e+09),
           ( 1.934,  1.77e+09),
           ( 1.937,  9.93e+08),
           ( 1.941,  3.00e+09),
           ( 1.947,  6.59e+08),
           ( 1.954,  1.66e+09),
           ( 1.958,  3.27e+09),
           ( 1.961,  7.72e+08),
           ( 1.964,  1.03e+09),
           ( 1.968,  5.94e+08),
           ( 1.971,  2.92e+09),
           ( 1.974,  3.07e+09),
           ( 1.978,  4.88e+08),
           ( 1.981,  2.59e+09),
           ( 1.985,  1.37e+09),
           ( 1.988,  1.28e+09),
           ( 1.991,  2.99e+09),
           ( 1.998,  7.50e+08),
           ( 2.001,  1.17e+09),
           ( 2.005,  1.27e+09),
           ( 2.008,  2.01e+09),
           ( 2.012,  1.92e+09),
           ( 2.015,  5.48e+08),
           ( 2.018,  1.16e+09),
           ( 2.022,  2.40e+09),
           ( 2.025,  2.09e+09),
           ( 2.028,  1.02e+09),
           ( 2.032,  7.09e+08),
           ( 2.035,  2.02e+09),
           ( 2.042, -1.12e+09),
           ( 2.045, -7.76e+08),
           ( 2.049,  1.78e+09),
           ( 2.052,  2.10e+09),
           ( 2.059,  5.52e+08),
           ( 2.062,  2.00e+09),
           ( 2.066,  1.28e+09),
           ( 2.069,  9.44e+08),
           ( 2.072,  2.02e+09),
           ( 2.076,  1.68e+09),
           ( 2.082, -4.26e+08),
           ( 2.086,  2.29e+09),
           ( 2.093, -2.62e+08),
           ( 2.096,  9.69e+08),
           ( 2.099,  8.06e+08),
           ( 2.103,  1.36e+08),
           ( 2.106,  3.66e+06),
           ( 2.109,  2.30e+09),
           ( 2.116, -9.76e+08),
           ( 2.120,  1.58e+09),
           ( 2.123,  1.82e+09),
           ( 2.126,  1.12e+09),
           ( 2.130,  1.29e+09),
           ( 2.136, -3.40e+08),
           ( 2.140,  2.17e+09),
           ( 2.143,  1.85e+09),
           ( 2.147,  7.15e+08),
           ( 2.150,  7.43e+08),
           ( 2.153,  1.59e+09),
           ( 2.157,  1.65e+09),
           ( 2.160,  6.23e+08),
           ( 2.163,  3.19e+09),
           ( 2.167,  1.19e+09),
           ( 2.170,  7.21e+08),
           ( 2.174,  6.70e+08),
           ( 2.177,  6.72e+08),
           ( 2.180, -2.47e+08),
           ( 2.184,  3.23e+09),
           ( 2.187,  6.07e+08),
           ( 2.190,  1.00e+09),
           ( 2.194,  1.64e+09),
           ( 2.197,  1.30e+09),
           ( 2.201, -1.46e+09),
           ( 2.204,  2.37e+09),
           ( 2.207,  2.64e+09),
           ( 2.211,  1.07e+09),
           ( 2.214,  4.47e+08),
           ( 2.217,  1.28e+09),
           ( 2.221,  3.22e+08),
           ( 2.224,  1.58e+08),
           ( 2.228,  2.19e+09),
           ( 2.231,  6.35e+08),
           ( 2.234, -1.83e+09),
           ( 2.238, -1.23e+09),
           ( 2.248,  2.77e+09),
           ( 2.251, -3.72e+08),
           ( 2.255,  2.92e+08),
           ( 2.258,  1.38e+09),
           ( 2.261,  5.81e+08),
           ( 2.265,  1.87e+09),
           ( 2.268,  6.57e+08),
           ( 2.271,  3.80e+08),
           ( 2.275,  3.95e+08),
           ( 2.278,  1.78e+09),
           ( 2.285,  2.68e+08),
           ( 2.288,  1.39e+09),
           ( 2.292, -5.29e+07),
           ( 2.295,  1.24e+09),
           ( 2.298,  1.23e+09),
           ( 2.302,  2.91e+09),
           ( 2.312,  1.36e+09),
           ( 2.315,  2.99e+08),
           ( 2.319,  1.83e+09),
           ( 2.325,  8.71e+08),
           ( 2.329,  2.58e+09),
           ( 2.332,  8.69e+08),
           ( 2.335,  6.07e+08),
           ( 2.339,  2.52e+09),
           ( 2.346, -3.05e+08),
           ( 2.349,  2.47e+08),
           ( 2.352,  2.12e+09),
           ( 2.356,  1.53e+09),
           ( 2.359,  2.14e+09),
           ( 2.363, -8.17e+08),
           ( 2.366,  1.71e+08),
           ( 2.369,  1.50e+08),
           ( 2.373,  1.07e+09),
           ( 2.376,  8.18e+08),
           ( 2.379,  1.16e+09),
           ( 2.383,  1.35e+09),
           ( 2.386,  1.24e+09),
           ( 2.390,  1.50e+09),
           ( 2.393,  1.06e+09),
           ( 2.396,  1.86e+09),
           ( 2.400,  1.52e+09),
           ( 2.403,  5.67e+08),
           ( 2.406,  2.22e+09),
           ( 2.410,  2.23e+09),
           ( 2.413,  6.81e+08),
           ( 2.417,  1.54e+09),
           ( 2.420,  4.22e+09),
           ( 2.423,  6.14e+08),
           ( 2.427,  7.05e+08),
           ( 2.430,  1.68e+09),
           ( 2.433,  1.74e+09),
           ( 2.437,  1.73e+09),
           ( 2.440,  1.51e+09),
           ( 2.444,  1.64e+09),
           ( 2.447,  1.10e+08),
           ( 2.450,  1.88e+09),
           ( 2.454,  1.05e+09),
           ( 2.457,  1.40e+09),
           ( 2.460,  1.01e+09),
           ( 2.464,  1.41e+09),
           ( 2.467,  1.24e+09),
           ( 2.471,  7.96e+08),
           ( 2.474,  1.21e+09),
           ( 2.477,  9.43e+08),
           ( 2.481,  1.05e+09),
           ( 2.484,  4.82e+08),
           ( 2.491,  3.00e+09),
           ( 2.498, -6.38e+08),
           ( 2.504,  3.83e+09),
           ( 2.511,  3.32e+07),
           ( 2.514, -4.67e+08),
           ( 2.518, -3.09e+08),
           ( 2.521,  2.79e+09),
           ( 2.524,  1.74e+09),
           ( 2.528, -1.41e+08),
           ( 2.535,  2.13e+09),
           ( 2.538,  8.36e+08),
           ( 2.541,  2.26e+09),
           ( 2.545,  7.76e+08),
           ( 2.548,  1.28e+09),
           ( 2.555,  1.91e+08),
           ( 2.558,  2.47e+09),
           ( 2.562,  8.47e+08),
           ( 2.565,  5.30e+08),
           ( 2.568,  7.01e+08),
           ( 2.572,  2.47e+09),
           ( 2.575,  4.00e+08),
           ( 2.579,  2.77e+08),
           ( 2.582, -3.41e+08),
           ( 2.585,  1.88e+09),
           ( 2.589, -2.55e+07),
           ( 2.592, -9.13e+07),
           ( 2.595,  1.03e+09),
           ( 2.599, -3.23e+08),
           ( 2.602,  8.39e+06),
           ( 2.606,  1.08e+09),
           ( 2.609, -3.72e+08),
           ( 2.612, -2.16e+08),
           ( 2.616,  1.76e+09),
           ( 2.619, -1.36e+09),
           ( 2.622,  1.18e+09),
           ( 2.626,  1.73e+09),
           ( 2.629,  1.12e+09),
           ( 2.633, -3.07e+08),
           ( 2.636,  5.90e+08),
           ( 2.639,  2.22e+09),
           ( 2.643,  4.46e+08),
           ( 2.646,  2.61e+08),
           ( 2.649,  2.68e+09),
           ( 2.653,  9.05e+07),
           ( 2.656,  2.32e+09),
           ( 2.660,  9.19e+08),
           ( 2.663,  3.07e+09),
           ( 2.666,  2.20e+08),
           ( 2.670,  2.37e+08),
           ( 2.673,  5.16e+08),
           ( 2.676, -5.03e+07),
           ( 2.680,  9.38e+08),
           ( 2.683,  4.32e+08),
           ( 2.687,  8.71e+08),
           ( 2.690,  1.80e+09),
           ( 2.693,  5.89e+07),
           ( 2.697,  1.64e+09),
           ( 2.700,  2.27e+09),
           ( 2.703,  2.79e+08),
           ( 2.707,  1.71e+09),
           ( 2.710,  8.22e+08),
           ( 2.714,  1.47e+09),
           ( 2.717,  4.37e+08),
           ( 2.720,  1.75e+08),
           ( 2.724,  7.66e+08),
           ( 2.727,  3.25e+08),
           ( 2.730,  1.75e+09),
           ( 2.734, -9.58e+08),
           ( 2.737, -2.41e+07),
           ( 2.741,  2.45e+09),
           ( 2.744,  2.13e+09),
           ( 2.747, -4.36e+07),
           ( 2.751,  1.78e+09),
           ( 2.754,  1.70e+09),
           ( 2.757,  1.78e+09),
           ( 2.761,  1.16e+09),
           ( 2.764, -1.07e+08),
           ( 2.768,  6.36e+08),
           ( 2.771, -6.87e+06),
           ( 2.774, -3.71e+08),
           ( 2.778, -1.92e+08),
           ( 2.781,  9.93e+08),
           ( 2.784,  1.63e+09),
           ( 2.788,  5.49e+08),
           ( 2.791,  8.36e+08),
           ( 2.795,  1.91e+09),
           ( 2.798,  1.11e+09),
           ( 2.801,  2.07e+09),
           ( 2.805,  1.75e+09),
           ( 2.808,  1.05e+09),
           ( 2.811,  2.40e+09),
           ( 2.815,  1.21e+09),
           ( 2.818,  1.57e+09),
           ( 2.822, -1.20e+09),
           ( 2.828,  2.27e+09),
           ( 2.832,  1.21e+09),
           ( 2.835,  9.87e+08),
           ( 2.838,  2.10e+09),
           ( 2.842, -3.36e+07),
           ( 2.845,  5.57e+08),
           ( 2.849,  1.46e+09),
           ( 2.852,  9.42e+07),
           ( 2.855,  1.44e+09),
           ( 2.859,  5.56e+08),
           ( 2.862,  1.86e+09),
           ( 2.869, -6.66e+08),
           ( 2.872,  2.02e+09),
           ( 2.876,  2.66e+08),
           ( 2.879,  8.42e+08),
           ( 2.882,  8.19e+08),
           ( 2.886,  8.66e+08),
           ( 2.889,  4.02e+07),
           ( 2.892,  3.08e+08),
           ( 2.896,  2.17e+09),
           ( 2.899,  1.32e+09),
           ( 2.903,  3.78e+09),
           ( 2.906,  9.77e+08),
           ( 2.909,  2.20e+09),
           ( 2.913,  1.24e+09),
           ( 2.916,  1.99e+09),
           ( 2.919,  6.10e+08),
           ( 2.923,  1.92e+09),
           ( 2.926,  1.73e+09),
           ( 2.930,  3.51e+08),
           ( 2.933,  3.47e+08),
           ( 2.936,  8.98e+08),
           ( 2.940, -5.25e+08),
           ( 2.943,  1.99e+09),
           ( 2.946,  5.22e+08),
           ( 2.950,  5.03e+08),
           ( 2.953,  7.04e+08),
           ( 2.957,  8.21e+08),
           ( 2.960,  2.30e+09),
           ( 2.967, -1.46e+09),
           ( 2.970,  5.45e+08),
           ( 2.973,  1.45e+09),
           ( 2.977, -9.81e+07),
           ( 2.980,  1.74e+09),
           ( 2.984, -1.42e+08),
           ( 2.987,  1.19e+09),
           ( 2.990,  1.64e+09),
           ( 2.994, -9.31e+08),
           ( 2.997,  5.21e+08),
           ( 3.004, -1.35e+08),
           ( 3.007,  2.06e+08),
           ( 3.011,  8.19e+08),
           ( 3.014,  2.04e+08),
           ( 3.017,  1.60e+09),
           ( 3.021,  2.12e+09),
           ( 3.024,  1.60e+09),
           ( 3.027, -1.22e+09),
           ( 3.031, -6.98e+08),
           ( 3.034, -7.73e+08),
           ( 3.038, -2.66e+08),
           ( 3.041, -6.02e+08),
           ( 3.048,  6.01e+08),
           ( 3.051, -1.27e+09),
           ( 3.054,  2.01e+09),
           ( 3.061,  1.72e+08),
           ( 3.065,  1.43e+09),
           ( 3.068,  8.06e+08),
           ( 3.071, -2.96e+08),
           ( 3.075, -5.19e+08),
           ( 3.078,  3.09e+08),
           ( 3.081,  4.05e+09),
           ( 3.085,  5.06e+08),
           ( 3.088,  1.89e+09),
           ( 3.092, -6.02e+08),
           ( 3.095,  9.88e+08),
           ( 3.098, -1.58e+09),
           ( 3.102,  1.27e+09),
           ( 3.108, -5.24e+08),
           ( 3.112,  1.19e+09),
           ( 3.115,  4.22e+08),
           ( 3.119,  1.72e+09),
           ( 3.122,  2.14e+09),
           ( 3.125,  2.06e+09),
           ( 3.129, -2.09e+08),
           ( 3.132, -3.71e+08),
           ( 3.135,  1.57e+09),
           ( 3.139,  1.87e+09),
           ( 3.142,  1.34e+09),
           ( 3.146,  2.35e+09),
           ( 3.149,  1.54e+09),
           ( 3.152, -6.52e+08),
           ( 3.156,  1.83e+09),
           ( 3.159, -8.04e+08),
           ( 3.162,  2.21e+09),
           ( 3.166,  1.70e+09),
           ( 3.169, -3.51e+08),
           ( 3.173,  1.85e+09),
           ( 3.176, -3.62e+08),
           ( 3.179,  2.24e+09),
           ( 3.183,  2.50e+09),
           ( 3.186,  2.02e+09),
           ( 3.189,  1.50e+08),
           ( 3.193,  1.29e+09),
           ( 3.200,  3.97e+07),
           ( 3.203,  1.10e+09),
           ( 3.206,  9.36e+08),
           ( 3.210, -9.81e+07),
           ( 3.213,  6.31e+08),
           ( 3.216, -5.28e+08),
           ( 3.220, -4.08e+08),
           ( 3.223, -1.32e+09),
           ( 3.230,  2.09e+09),
           ( 3.233,  9.45e+08),
           ( 3.237,  6.02e+08),
           ( 3.240, -3.09e+08),
           ( 3.243,  2.11e+09),
           ( 3.247,  1.31e+09),
           ( 3.250, -1.14e+09),
           ( 3.257,  2.08e+09),
           ( 3.260, -1.34e+09),
           ( 3.264,  4.36e+08),
           ( 3.267,  8.72e+08),
           ( 3.270,  4.06e+08),
           ( 3.274,  2.48e+08),
           ( 3.277,  8.60e+08),
           ( 3.281, -6.94e+08),
           ( 3.284,  7.54e+08),
           ( 3.287,  8.63e+08),
           ( 3.291, -5.24e+08),
           ( 3.294,  1.02e+09),
           ( 3.297,  8.52e+08),
           ( 3.301,  2.57e+09),
           ( 3.304, -7.51e+07),
           ( 3.308, -1.16e+09),
           ( 3.311,  1.52e+09),
           ( 3.314, -3.66e+08),
           ( 3.318,  1.23e+09),
           ( 3.321,  3.47e+07),
           ( 3.324,  4.69e+08),
           ( 3.328,  5.59e+07),
           ( 3.331,  1.52e+09),
           ( 3.335,  5.50e+08),
           ( 3.338,  8.71e+08),
           ( 3.345,  3.29e+08),
           ( 3.348,  1.64e+09),
           ( 3.351,  2.07e+08),
           ( 3.355, -2.40e+08),
           ( 3.362,  1.96e+09),
           ( 3.365,  8.83e+08),
           ( 3.368,  2.47e+09),
           ( 3.372,  3.08e+09),
           ( 3.375,  2.54e+09),
           ( 3.382,  2.44e+09),
           ( 3.385,  2.76e+09),
           ( 3.389,  5.86e+07),
           ( 3.392, -1.09e+08),
           ( 3.395,  2.81e+09),
           ( 3.399,  3.11e+08),
           ( 3.402,  1.06e+09),
           ( 3.405,  6.07e+08),
           ( 3.409,  1.19e+09),
           ( 3.412,  1.16e+09),
           ( 3.416,  5.38e+08),
           ( 3.419,  7.60e+08),
           ( 3.426, -4.63e+08),
           ( 3.429,  3.12e+09),
           ( 3.432,  3.86e+08),
           ( 3.436,  4.21e+08),
           ( 3.439,  3.89e+08),
           ( 3.442,  2.31e+09),
           ( 3.446, -3.33e+08),
           ( 3.449, -2.69e+08),
           ( 3.453,  1.67e+09),
           ( 3.456,  2.68e+08),
           ( 3.459,  5.30e+08),
           ( 3.463,  1.64e+09),
           ( 3.466, -6.30e+08),
           ( 3.470, -5.93e+08),
           ( 3.473,  1.52e+09),
           ( 3.476,  9.55e+08),
           ( 3.480, -6.76e+08),
           ( 3.483,  1.89e+09),
           ( 3.486,  3.86e+08),
           ( 3.493, -5.98e+08),
           ( 3.497, -1.71e+08),
           ( 3.500,  1.31e+09),
           ( 3.503, -1.40e+09),
           ( 3.507,  8.74e+07),
           ( 3.510,  6.65e+08),
           ( 3.513,  2.15e+09),
           ( 3.517,  2.42e+09),
           ( 3.520,  9.27e+08),
           ( 3.524, -1.92e+09),
           ( 3.527,  1.73e+08),
           ( 3.530,  7.56e+07),
           ( 3.534,  9.85e+08),
           ( 3.537, -7.16e+08),
           ( 3.540,  5.86e+08),
           ( 3.544,  1.11e+09),
           ( 3.547, -1.17e+09),
           ( 3.551, -1.25e+08),
           ( 3.554, -1.95e+09),
           ( 3.561,  5.40e+08),
           ( 3.564, -3.03e+08),
           ( 3.567,  2.21e+09),
           ( 3.571, -1.46e+08),
           ( 3.574, -9.38e+08),
           ( 3.578, -1.27e+08),
           ( 3.581, -8.61e+07),
           ( 3.584,  9.42e+08),
           ( 3.588,  4.09e+08),
           ( 3.591, -6.16e+08),
           ( 3.594,  5.33e+08),
           ( 3.598,  8.77e+08),
           ( 3.601,  1.43e+09),
           ( 3.605, -1.65e+09),
           ( 3.608,  3.50e+08),
           ( 3.611, -8.48e+08),
           ( 3.615, -8.75e+08),
           ( 3.621,  1.09e+09),
           ( 3.625,  6.39e+08),
           ( 3.628, -1.08e+09),
           ( 3.631,  6.60e+08),
           ( 3.635,  9.72e+08),
           ( 3.638,  1.90e+09),
           ( 3.642,  4.41e+08),
           ( 3.645,  7.81e+08),
           ( 3.648,  5.44e+08),
           ( 3.652,  3.48e+09),
           ( 3.655,  5.21e+08),
           ( 3.659,  1.56e+09),
           ( 3.662,  1.87e+09),
           ( 3.665,  1.49e+09),
           ( 3.672,  8.38e+07),
           ( 3.675, -2.53e+08),
           ( 3.679,  2.80e+08),
           ( 3.682,  1.50e+08),
           ( 3.686,  1.48e+08),
           ( 3.689, -5.12e+08),
           ( 3.692,  1.65e+09),
           ( 3.696,  2.58e+09),
           ( 3.699,  1.02e+09),
           ( 3.702,  1.27e+09),
           ( 3.709, -3.19e+08),
           ( 3.716,  1.45e+09),
           ( 3.719,  7.64e+08),
           ( 3.723,  6.30e+08),
           ( 3.726,  8.54e+07),
           ( 3.733,  1.40e+09),
           ( 3.736, -9.52e+08),
           ( 3.740, -7.52e+08),
           ( 3.743,  1.43e+09),
           ( 3.746,  3.25e+08),
           ( 3.753,  1.79e+08),
           ( 3.756,  7.21e+08),
           ( 3.760,  3.38e+08),
           ( 3.763,  8.26e+08),
           ( 3.767, -9.08e+08),
           ( 3.770,  1.58e+09),
           ( 3.773,  1.69e+09),
           ( 3.780, -1.91e+09),
           ( 3.783,  9.42e+08),
           ( 3.787,  8.00e+08),
           ( 3.790,  7.52e+08),
           ( 3.794,  1.00e+09),
           ( 3.797, -1.74e+08),
           ( 3.800,  1.07e+09),
           ( 3.804,  7.72e+08),
           ( 3.807,  1.14e+09),
           ( 3.810,  1.05e+09),
           ( 3.814,  1.48e+09),
           ( 3.817, -1.57e+09),
           ( 3.821, -1.28e+09),
           ( 3.831,  1.69e+09),
           ( 3.834,  1.33e+08),
           ( 3.837,  2.24e+08),
           ( 3.841,  2.41e+08),
           ( 3.848,  1.18e+09),
           ( 3.851,  1.34e+09),
           ( 3.858, -2.17e+08),
           ( 3.861,  3.45e+09),
           ( 3.864,  7.69e+08),
           ( 3.868, -2.15e+08),
           ( 3.871,  3.89e+08),
           ( 3.875, -1.27e+08),
           ( 3.878,  2.17e+09),
           ( 3.881,  9.88e+07),
           ( 3.885,  1.04e+09),
           ( 3.888,  8.39e+08),
           ( 3.891,  3.19e+08),
           ( 3.895, -4.89e+08),
           ( 3.898,  1.22e+09),
           ( 3.902,  9.18e+08),
           ( 3.905,  1.21e+09),
           ( 3.912, -4.06e+08),
           ( 3.915,  1.65e+09),
           ( 3.918, -1.51e+08),
           ( 3.922, -2.56e+08),
           ( 3.925,  4.53e+08),
           ( 3.929,  1.97e+09),
           ( 3.932,  1.27e+09),
           ( 3.935,  1.65e+09),
           ( 3.942, -5.30e+08),
           ( 3.945,  1.31e+09),
           ( 3.949,  1.95e+08),
           ( 3.952,  9.90e+08),
           ( 3.956,  6.92e+07),
           ( 3.959, -1.37e+09),
           ( 3.962,  1.19e+09),
           ( 3.966, -6.26e+08),
           ( 3.969,  2.07e+09),
           ( 3.972,  1.23e+09),
           ( 3.976, -3.01e+08),
           ( 3.979,  2.16e+09),
           ( 3.983,  2.86e+08),
           ( 3.986,  5.55e+08),
           ( 3.989,  1.79e+09),
           ( 3.993, -6.10e+08),
           ( 3.996,  1.85e+09),
           ( 3.999,  2.66e+08),
           ( 4.003,  3.09e+08),
           ( 4.006, -6.98e+08),
           ( 4.010,  6.70e+08),
           ( 4.013,  8.62e+08),
           ( 4.016,  1.26e+09),
           ( 4.020, -2.15e+08),
           ( 4.023, -9.19e+08),
           ( 4.026,  1.42e+09),
           ( 4.030,  1.18e+09),
           ( 4.033,  2.75e+07),
           ( 4.037,  1.19e+09),
           ( 4.040, -1.28e+09),
           ( 4.047,  4.76e+08),
           ( 4.050, -5.43e+08),
           ( 4.053,  4.55e+08),
           ( 4.057, -7.96e+08),
           ( 4.060,  7.92e+08),
           ( 4.064,  6.35e+08),
           ( 4.067,  2.57e+08),
           ( 4.070,  6.22e+08),
           ( 4.077, -1.25e+08),
           ( 4.080,  9.71e+08),
           ( 4.087, -9.21e+08),
           ( 4.091,  2.11e+09),
           ( 4.097, -1.20e+09),
           ( 4.101,  4.44e+08),
           ( 4.104,  7.39e+08),
           ( 4.107,  1.51e+09),
           ( 4.111,  8.30e+06),
           ( 4.114,  1.87e+09),
           ( 4.118,  1.31e+09),
           ( 4.121,  1.78e+09),
           ( 4.124,  9.26e+08),
           ( 4.128,  1.55e+09),
           ( 4.134,  2.00e+09),
           ( 4.141,  4.92e+08),
           ( 4.145,  2.97e+08),
           ( 4.148,  1.24e+09),
           ( 4.151, -3.08e+08),
           ( 4.158, -1.20e+09),
           ( 4.161,  5.51e+08),
           ( 4.165,  1.55e+09),
           ( 4.168, -1.29e+09),
           ( 4.172, -3.97e+08),
           ( 4.178,  4.01e+08),
           ( 4.182,  3.14e+08),
           ( 4.185,  6.11e+07),
           ( 4.188, -2.00e+07),
           ( 4.192,  1.33e+09),
           ( 4.195,  6.45e+08),
           ( 4.199,  2.89e+08),
           ( 4.199,  2.89e+08)]
