Bolide Detection Notification: 2013-357

At 08:30:58 UT on 23 Dec 2013, sensors aboard U. S. Government satellites recorded
the flash signature of a large meteoroid entry into the atmosphere. Location of the
flash  was Lat 39.5N, Lon 2.0E.

 Based upon the visible-light intensity-time signature, peak brightness of the flash
was  determined to be approximately 1.61e10 watts/steradian, and total radiated flash
energy  24.5e10 joules (6000K blackbody model).

Columns: time, intensity (w/sr)
Intensity=[(-1.498, -5.09e+09),
           (-1.495, -3.21e+09),
           (-1.492,  7.94e+08),
           (-1.488,  2.83e+09),
           (-1.485,  1.37e+09),
           (-1.482,  4.09e+08),
           (-1.478,  1.37e+09),
           (-1.475,  1.65e+09),
           (-1.471,  1.59e+09),
           (-1.468, -3.27e+09),
           (-1.465, -3.70e+09),
           (-1.461, -3.72e+09),
           (-1.458, -3.35e+09),
           (-1.455, -1.63e+09),
           (-1.451, -2.10e+08),
           (-1.448, -3.31e+09),
           (-1.445, -1.62e+09),
           (-1.441, -2.13e+09),
           (-1.438, -7.06e+09),
           (-1.434, -4.10e+09),
           (-1.431, -9.43e+08),
           (-1.428, -2.27e+08),
           (-1.424,  3.66e+09),
           (-1.421,  6.26e+08),
           (-1.417,  4.28e+08),
           (-1.414, -3.69e+09),
           (-1.411,  1.48e+09),
           (-1.407, -2.95e+09),
           (-1.404,  2.66e+08),
           (-1.401, -4.85e+09),
           (-1.397, -6.81e+09),
           (-1.394, -2.06e+09),
           (-1.391, -1.77e+09),
           (-1.387, -3.66e+09),
           (-1.384,  6.94e+08),
           (-1.380, -3.88e+08),
           (-1.377,  2.33e+08),
           (-1.374, -2.08e+09),
           (-1.370, -3.89e+09),
           (-1.367,  8.16e+08),
           (-1.363,  1.15e+09),
           (-1.360, -6.83e+08),
           (-1.357, -4.57e+09),
           (-1.353, -5.26e+09),
           (-1.350, -1.61e+09),
           (-1.347, -8.49e+08),
           (-1.343,  7.71e+08),
           (-1.340, -3.36e+09),
           (-1.336, -1.82e+09),
           (-1.333, -4.81e+08),
           (-1.330, -5.24e+09),
           (-1.326, -7.20e+09),
           (-1.323, -2.76e+09),
           (-1.320, -9.32e+08),
           (-1.316, -8.72e+07),
           (-1.313, -2.59e+09),
           (-1.310, -3.34e+08),
           (-1.306, -3.86e+09),
           (-1.303, -2.78e+09),
           (-1.299, -4.34e+09),
           (-1.296, -4.52e+09),
           (-1.293, -5.58e+09),
           (-1.289, -3.84e+09),
           (-1.286, -7.12e+08),
           (-1.282, -2.27e+09),
           (-1.279, -7.42e+08),
           (-1.276, -2.12e+09),
           (-1.272, -7.85e+08),
           (-1.269, -2.24e+09),
           (-1.266,  2.80e+08),
           (-1.262, -2.94e+09),
           (-1.259, -5.36e+08),
           (-1.256, -5.34e+09),
           (-1.252, -5.34e+09),
           (-1.249,  4.35e+09),
           (-1.245, -1.63e+09),
           (-1.242,  9.22e+07),
           (-1.239, -7.19e+08),
           (-1.235,  9.92e+08),
           (-1.232, -3.75e+09),
           (-1.228, -3.15e+09),
           (-1.225, -7.34e+08),
           (-1.222, -1.85e+09),
           (-1.218, -6.12e+09),
           (-1.215, -2.22e+09),
           (-1.212,  2.14e+09),
           (-1.208, -2.31e+09),
           (-1.205, -3.64e+09),
           (-1.201, -4.48e+09),
           (-1.198, -1.43e+09),
           (-1.195, -4.58e+09),
           (-1.191, -1.52e+09),
           (-1.188, -4.15e+09),
           (-1.185, -2.69e+09),
           (-1.181, -4.65e+09),
           (-1.178,  4.50e+08),
           (-1.175, -1.18e+09),
           (-1.171, -1.71e+09),
           (-1.168, -1.03e+09),
           (-1.164, -2.29e+09),
           (-1.161, -3.15e+09),
           (-1.158, -1.11e+09),
           (-1.154,  9.30e+08),
           (-1.151,  2.96e+09),
           (-1.147,  3.41e+08),
           (-1.144, -4.95e+09),
           (-1.141, -3.45e+09),
           (-1.137, -3.68e+09),
           (-1.134, -2.78e+09),
           (-1.131, -4.35e+09),
           (-1.127, -2.76e+09),
           (-1.124, -1.15e+09),
           (-1.121, -5.93e+09),
           (-1.117, -2.12e+09),
           (-1.114, -4.70e+09),
           (-1.110,  7.23e+07),
           (-1.107, -2.15e+09),
           (-1.104, -6.56e+09),
           (-1.100, -2.10e+09),
           (-1.097,  2.04e+09),
           (-1.093, -2.68e+09),
           (-1.090, -4.24e+09),
           (-1.087,  2.82e+09),
           (-1.083, -2.40e+09),
           (-1.080,  3.16e+09),
           (-1.077,  4.77e+09),
           (-1.073,  1.80e+09),
           (-1.070, -5.42e+09),
           (-1.066, -1.83e+09),
           (-1.063, -1.54e+09),
           (-1.060, -6.76e+09),
           (-1.056, -4.90e+09),
           (-1.053, -1.19e+09),
           (-1.050,  2.71e+09),
           (-1.046, -2.46e+09),
           (-1.043, -4.34e+08),
           (-1.040,  1.27e+09),
           (-1.036, -3.16e+09),
           (-1.033, -7.13e+09),
           (-1.029, -2.69e+08),
           (-1.026, -1.48e+08),
           (-1.023, -1.62e+09),
           (-1.019, -8.66e+08),
           (-1.016, -8.50e+06),
           (-1.012, -2.43e+09),
           (-1.009, -2.55e+09),
           (-1.006, -1.19e+09),
           (-1.002, -1.16e+09),
           (-0.999,  4.40e+08),
           (-0.996, -1.81e+09),
           (-0.992, -8.38e+08),
           (-0.989, -2.18e+09),
           (-0.986, -5.32e+09),
           (-0.982, -4.88e+09),
           (-0.979,  1.67e+07),
           (-0.975, -4.77e+09),
           (-0.972, -3.41e+09),
           (-0.969, -3.43e+09),
           (-0.965, -1.40e+09),
           (-0.962,  8.24e+08),
           (-0.958, -1.98e+09),
           (-0.955, -1.75e+09),
           (-0.952, -3.61e+08),
           (-0.948, -5.99e+08),
           (-0.945, -3.29e+09),
           (-0.942, -1.47e+09),
           (-0.938, -5.28e+09),
           (-0.935, -9.58e+08),
           (-0.931, -2.03e+09),
           (-0.928, -1.02e+09),
           (-0.925, -1.10e+09),
           (-0.921, -3.37e+09),
           (-0.918,  6.31e+08),
           (-0.915, -2.34e+09),
           (-0.911, -3.61e+08),
           (-0.908, -2.60e+09),
           (-0.905, -2.10e+08),
           (-0.901, -2.97e+09),
           (-0.898, -2.38e+09),
           (-0.894, -8.42e+08),
           (-0.891, -2.37e+09),
           (-0.888, -2.05e+09),
           (-0.884,  2.50e+08),
           (-0.881,  2.04e+08),
           (-0.877, -2.60e+09),
           (-0.874, -4.64e+09),
           (-0.871, -3.55e+09),
           (-0.867, -1.39e+09),
           (-0.864, -3.21e+09),
           (-0.861,  7.00e+08),
           (-0.857,  1.87e+09),
           (-0.854, -1.75e+09),
           (-0.851,  5.93e+07),
           (-0.847, -4.23e+09),
           (-0.844, -3.99e+09),
           (-0.840,  1.60e+08),
           (-0.837,  2.68e+09),
           (-0.834, -1.24e+09),
           (-0.830, -1.78e+09),
           (-0.827, -5.82e+08),
           (-0.823, -1.45e+09),
           (-0.820,  1.23e+08),
           (-0.817, -3.22e+09),
           (-0.813, -2.96e+09),
           (-0.810, -1.26e+09),
           (-0.807, -1.66e+09),
           (-0.803, -5.51e+09),
           (-0.800, -1.58e+09),
           (-0.796, -1.60e+09),
           (-0.793, -7.10e+09),
           (-0.790,  3.97e+08),
           (-0.786, -1.22e+09),
           (-0.783, -8.04e+05),
           (-0.780,  8.92e+08),
           (-0.776, -3.62e+09),
           (-0.773, -1.63e+09),
           (-0.770, -1.34e+09),
           (-0.766, -5.50e+09),
           (-0.763, -2.31e+09),
           (-0.759, -1.57e+09),
           (-0.756, -1.95e+09),
           (-0.753, -7.04e+07),
           (-0.749, -3.37e+09),
           (-0.746,  8.94e+08),
           (-0.742,  1.91e+09),
           (-0.739, -5.49e+09),
           (-0.736, -4.97e+09),
           (-0.732, -2.32e+09),
           (-0.729, -2.66e+09),
           (-0.726, -1.38e+09),
           (-0.722,  2.73e+09),
           (-0.719, -4.06e+09),
           (-0.716, -1.22e+09),
           (-0.712, -1.24e+09),
           (-0.709,  3.18e+08),
           (-0.705,  1.21e+08),
           (-0.702, -7.33e+08),
           (-0.699, -3.22e+09),
           (-0.695,  1.10e+09),
           (-0.692, -7.49e+08),
           (-0.688, -2.09e+09),
           (-0.685, -2.54e+09),
           (-0.682, -5.49e+09),
           (-0.678, -1.18e+09),
           (-0.675,  9.56e+08),
           (-0.672, -5.83e+08),
           (-0.668, -5.26e+09),
           (-0.665, -4.85e+09),
           (-0.661, -4.90e+09),
           (-0.658, -8.72e+08),
           (-0.655, -2.82e+09),
           (-0.651, -4.82e+09),
           (-0.648, -4.52e+09),
           (-0.645,  5.26e+08),
           (-0.641, -1.70e+09),
           (-0.638, -6.67e+08),
           (-0.635, -5.09e+08),
           (-0.631,  5.15e+08),
           (-0.628, -2.55e+09),
           (-0.624, -1.67e+09),
           (-0.621, -2.66e+09),
           (-0.618, -1.58e+09),
           (-0.614,  2.40e+09),
           (-0.611, -4.94e+09),
           (-0.607, -4.23e+09),
           (-0.604, -1.43e+09),
           (-0.601, -1.99e+09),
           (-0.597, -2.51e+09),
           (-0.594, -2.50e+09),
           (-0.591, -3.35e+09),
           (-0.587, -3.72e+09),
           (-0.584, -3.67e+09),
           (-0.581, -1.09e+09),
           (-0.577, -3.99e+09),
           (-0.574, -6.08e+09),
           (-0.570, -1.08e+09),
           (-0.567, -1.83e+09),
           (-0.564, -4.62e+09),
           (-0.560, -2.35e+09),
           (-0.557, -2.28e+09),
           (-0.553, -3.81e+09),
           (-0.550, -2.70e+09),
           (-0.547,  3.17e+09),
           (-0.543,  8.49e+08),
           (-0.540,  3.50e+08),
           (-0.537, -1.55e+09),
           (-0.533, -1.47e+08),
           (-0.530,  7.05e+08),
           (-0.526,  1.11e+08),
           (-0.523,  9.66e+08),
           (-0.520,  1.98e+09),
           (-0.516,  1.02e+09),
           (-0.513, -4.70e+09),
           (-0.510, -1.06e+09),
           (-0.506, -2.88e+09),
           (-0.503, -1.89e+09),
           (-0.500, -1.55e+09),
           (-0.496,  3.45e+09),
           (-0.493,  4.95e+09),
           (-0.489,  2.32e+09),
           (-0.486,  2.09e+09),
           (-0.483,  2.05e+09),
           (-0.479, -1.54e+09),
           (-0.476, -2.35e+09),
           (-0.472,  2.94e+09),
           (-0.469,  5.71e+09),
           (-0.466,  2.86e+09),
           (-0.462,  3.96e+09),
           (-0.459,  1.69e+09),
           (-0.456,  4.62e+08),
           (-0.452,  7.21e+09),
           (-0.449,  4.40e+09),
           (-0.446, -4.29e+08),
           (-0.442,  2.12e+09),
           (-0.439,  8.76e+08),
           (-0.435,  6.57e+09),
           (-0.432,  6.74e+09),
           (-0.429,  7.24e+09),
           (-0.425,  1.82e+09),
           (-0.422,  3.33e+09),
           (-0.418, -6.46e+08),
           (-0.415,  5.28e+09),
           (-0.412,  2.32e+09),
           (-0.408,  3.61e+09),
           (-0.405,  2.76e+09),
           (-0.402,  5.71e+09),
           (-0.398,  5.16e+09),
           (-0.395,  2.27e+09),
           (-0.391,  5.14e+09),
           (-0.388,  7.94e+09),
           (-0.385,  6.86e+09),
           (-0.381,  3.83e+09),
           (-0.378,  8.16e+09),
           (-0.375,  8.36e+09),
           (-0.371,  7.35e+09),
           (-0.368,  8.08e+09),
           (-0.365,  5.07e+09),
           (-0.361,  5.13e+09),
           (-0.358,  5.48e+09),
           (-0.354,  7.89e+09),
           (-0.351,  8.08e+09),
           (-0.348,  1.04e+10),
           (-0.344,  7.01e+09),
           (-0.341,  8.29e+09),
           (-0.337,  3.01e+09),
           (-0.334,  5.64e+09),
           (-0.331,  9.01e+09),
           (-0.327,  9.25e+09),
           (-0.324,  1.08e+10),
           (-0.321,  1.35e+10),
           (-0.317,  8.40e+09),
           (-0.314,  6.27e+09),
           (-0.311,  6.06e+09),
           (-0.307,  1.26e+10),
           (-0.304,  7.32e+09),
           (-0.300,  1.03e+10),
           (-0.297,  1.07e+10),
           (-0.294,  1.18e+10),
           (-0.290,  1.24e+10),
           (-0.287,  1.40e+10),
           (-0.284,  1.30e+10),
           (-0.280,  1.07e+10),
           (-0.277,  1.13e+10),
           (-0.273,  1.16e+10),
           (-0.270,  1.31e+10),
           (-0.267,  1.74e+10),
           (-0.263,  1.37e+10),
           (-0.260,  1.46e+10),
           (-0.256,  1.62e+10),
           (-0.253,  1.67e+10),
           (-0.250,  1.23e+10),
           (-0.246,  1.51e+10),
           (-0.243,  1.26e+10),
           (-0.240,  1.60e+10),
           (-0.236,  1.62e+10),
           (-0.233,  1.26e+10),
           (-0.230,  1.69e+10),
           (-0.226,  1.42e+10),
           (-0.223,  1.65e+10),
           (-0.219,  1.41e+10),
           (-0.216,  1.66e+10),
           (-0.213,  1.02e+10),
           (-0.209,  1.31e+10),
           (-0.206,  1.52e+10),
           (-0.202,  1.75e+10),
           (-0.199,  1.32e+10),
           (-0.196,  1.64e+10),
           (-0.192,  1.74e+10),
           (-0.189,  1.72e+10),
           (-0.186,  1.51e+10),
           (-0.182,  1.79e+10),
           (-0.179,  1.69e+10),
           (-0.176,  1.34e+10),
           (-0.172,  1.40e+10),
           (-0.169,  1.45e+10),
           (-0.165,  1.53e+10),
           (-0.162,  1.60e+10),
           (-0.159,  1.19e+10),
           (-0.155,  1.46e+10),
           (-0.152,  1.41e+10),
           (-0.148,  1.89e+10),
           (-0.145,  1.42e+10),
           (-0.142,  1.20e+10),
           (-0.138,  1.56e+10),
           (-0.135,  1.57e+10),
           (-0.132,  1.32e+10),
           (-0.128,  1.51e+10),
           (-0.125,  1.57e+10),
           (-0.121,  1.07e+10),
           (-0.118,  1.74e+10),
           (-0.115,  1.30e+10),
           (-0.111,  1.17e+10),
           (-0.108,  1.17e+10),
           (-0.105,  1.22e+10),
           (-0.101,  1.02e+10),
           (-0.098,  1.33e+10),
           (-0.095,  1.03e+10),
           (-0.091,  9.72e+09),
           (-0.088,  8.18e+09),
           (-0.084,  1.04e+10),
           (-0.081,  6.03e+09),
           (-0.078,  1.53e+10),
           (-0.074,  1.49e+10),
           (-0.071,  8.80e+09),
           (-0.067,  7.96e+09),
           (-0.064,  1.69e+10),
           (-0.061,  6.42e+09),
           (-0.057,  9.08e+09),
           (-0.054,  7.22e+09),
           (-0.051,  7.07e+09),
           (-0.047,  7.22e+09),
           (-0.044,  1.07e+10),
           (-0.041,  5.68e+09),
           (-0.037,  3.42e+09),
           (-0.034,  7.63e+09),
           (-0.030,  4.95e+09),
           (-0.027,  8.98e+09),
           (-0.024,  1.04e+10),
           (-0.020,  9.67e+09),
           (-0.017,  7.46e+09),
           (-0.014,  7.01e+09),
           (-0.010,  6.98e+09),
           (-0.007,  8.99e+09),
           (-0.003,  7.49e+09),
           (-0.000,  3.23e+09),
           ( 0.003,  1.68e+09),
           ( 0.007,  4.82e+09),
           ( 0.010,  6.74e+09),
           ( 0.014,  5.04e+09),
           ( 0.017,  7.24e+09),
           ( 0.020,  3.59e+09),
           ( 0.024,  1.70e+09),
           ( 0.027,  8.98e+08),
           ( 0.030,  4.97e+09),
           ( 0.034,  3.39e+09),
           ( 0.037,  4.00e+09),
           ( 0.040,  2.93e+09),
           ( 0.044,  7.16e+09),
           ( 0.047,  5.84e+09),
           ( 0.051,  3.51e+09),
           ( 0.054,  3.44e+09),
           ( 0.057,  6.49e+09),
           ( 0.061,  4.63e+09),
           ( 0.064,  3.05e+09),
           ( 0.068,  6.57e+09),
           ( 0.071,  3.42e+09),
           ( 0.074,  7.71e+09),
           ( 0.078,  8.27e+08),
           ( 0.081,  3.15e+09),
           ( 0.084,  8.01e+09),
           ( 0.088,  4.78e+09),
           ( 0.091,  3.78e+09),
           ( 0.094,  4.77e+09),
           ( 0.098,  7.98e+09),
           ( 0.101,  3.28e+09),
           ( 0.105,  4.53e+09),
           ( 0.108,  1.06e+09),
           ( 0.111,  3.88e+09),
           ( 0.115,  1.82e+09),
           ( 0.118,  3.64e+09),
           ( 0.122,  5.90e+09),
           ( 0.125,  7.25e+09),
           ( 0.128,  3.18e+09),
           ( 0.132,  9.31e+09),
           ( 0.135,  2.08e+09),
           ( 0.138,  2.63e+09),
           ( 0.142,  4.96e+09),
           ( 0.145,  3.26e+09),
           ( 0.149,  4.72e+09),
           ( 0.152,  6.31e+09),
           ( 0.155,  4.60e+09),
           ( 0.159,  4.57e+09),
           ( 0.162,  5.17e+09),
           ( 0.165,  7.05e+09),
           ( 0.169,  3.88e+09),
           ( 0.172,  1.43e+09),
           ( 0.175,  7.30e+09),
           ( 0.179,  5.24e+09),
           ( 0.182,  4.99e+09),
           ( 0.186,  5.28e+09),
           ( 0.189,  3.18e+09),
           ( 0.192,  5.66e+09),
           ( 0.196,  5.61e+09),
           ( 0.199,  3.39e+09),
           ( 0.203,  5.71e+09),
           ( 0.206,  4.58e+09),
           ( 0.209,  5.17e+09),
           ( 0.213,  6.09e+09),
           ( 0.216,  4.99e+09),
           ( 0.219,  7.04e+09),
           ( 0.223,  4.25e+09),
           ( 0.226,  5.08e+09),
           ( 0.229,  8.12e+09),
           ( 0.233,  2.45e+09),
           ( 0.236,  7.55e+09),
           ( 0.240,  5.36e+09),
           ( 0.243,  1.06e+10),
           ( 0.246,  5.97e+09),
           ( 0.250,  7.80e+09),
           ( 0.253,  5.69e+09),
           ( 0.257,  6.99e+09),
           ( 0.260,  2.82e+09),
           ( 0.263,  8.62e+09),
           ( 0.267,  5.26e+09),
           ( 0.270,  8.32e+09),
           ( 0.273,  7.90e+09),
           ( 0.277,  7.88e+09),
           ( 0.280,  9.58e+09),
           ( 0.284,  5.71e+09),
           ( 0.287,  1.19e+10),
           ( 0.290,  1.35e+10),
           ( 0.294,  8.03e+09),
           ( 0.297,  1.09e+10),
           ( 0.300,  8.46e+09),
           ( 0.304,  6.91e+09),
           ( 0.307,  8.83e+09),
           ( 0.310,  9.89e+09),
           ( 0.314,  6.91e+09),
           ( 0.317,  5.85e+09),
           ( 0.321,  6.17e+09),
           ( 0.324,  9.30e+09),
           ( 0.327,  6.52e+09),
           ( 0.331,  9.41e+09),
           ( 0.334,  9.80e+09),
           ( 0.338,  8.01e+09),
           ( 0.341,  3.79e+09),
           ( 0.344,  5.47e+09),
           ( 0.348,  5.58e+09),
           ( 0.351,  7.52e+09),
           ( 0.354,  6.56e+09),
           ( 0.358,  7.75e+09),
           ( 0.361,  9.63e+09),
           ( 0.364,  5.98e+09),
           ( 0.368,  3.99e+09),
           ( 0.371,  9.65e+09),
           ( 0.375,  4.92e+09),
           ( 0.378,  4.84e+09),
           ( 0.381,  6.30e+09),
           ( 0.385,  7.72e+09),
           ( 0.388,  2.32e+09),
           ( 0.392,  4.33e+09),
           ( 0.395,  3.54e+09),
           ( 0.398,  8.83e+09),
           ( 0.402,  8.26e+09),
           ( 0.405,  2.98e+08),
           ( 0.408,  6.53e+09),
           ( 0.412,  2.76e+09),
           ( 0.415,  4.93e+09),
           ( 0.419,  6.62e+08),
           ( 0.422,  4.10e+09),
           ( 0.425,  2.46e+09),
           ( 0.429,  8.82e+09),
           ( 0.432,  4.28e+09),
           ( 0.435,  3.36e+09),
           ( 0.439,  6.56e+09),
           ( 0.442,  5.63e+09),
           ( 0.445,  3.50e+09),
           ( 0.449,  3.85e+09),
           ( 0.452,  4.10e+09),
           ( 0.456,  5.02e+09),
           ( 0.459,  4.72e+09),
           ( 0.462,  2.43e+09),
           ( 0.466,  2.77e+09),
           ( 0.469,  6.25e+09),
           ( 0.473,  7.18e+09),
           ( 0.476,  5.14e+09),
           ( 0.479,  7.34e+09),
           ( 0.483,  5.55e+09),
           ( 0.486,  4.27e+09),
           ( 0.489,  1.67e+09),
           ( 0.493,  7.11e+09),
           ( 0.496,  4.01e+09),
           ( 0.499,  1.09e+09),
           ( 0.503,  5.15e+09),
           ( 0.506,  4.88e+09),
           ( 0.510,  4.88e+09),
           ( 0.513, -4.60e+08),
           ( 0.516, -3.46e+09),
           ( 0.520,  2.56e+09),
           ( 0.523,  3.76e+09),
           ( 0.527,  4.53e+09),
           ( 0.530,  2.58e+08),
           ( 0.533,  1.71e+09),
           ( 0.537, -1.99e+09),
           ( 0.540,  7.79e+08),
           ( 0.543,  3.50e+09),
           ( 0.547,  1.60e+09),
           ( 0.550,  3.93e+09),
           ( 0.554,  2.69e+09),
           ( 0.557,  2.55e+09),
           ( 0.560,  5.10e+09),
           ( 0.564,  3.41e+09),
           ( 0.567, -9.98e+07),
           ( 0.570,  3.88e+09),
           ( 0.574,  3.60e+09),
           ( 0.577,  3.05e+09),
           ( 0.580,  2.58e+09),
           ( 0.584,  2.34e+09),
           ( 0.587,  5.80e+09),
           ( 0.591,  1.63e+09),
           ( 0.594,  6.00e+09),
           ( 0.597,  3.69e+09),
           ( 0.601,  5.30e+09),
           ( 0.604,  6.80e+09),
           ( 0.608,  5.13e+09),
           ( 0.611,  4.78e+09),
           ( 0.614,  4.48e+09),
           ( 0.618,  2.21e+09),
           ( 0.621,  2.95e+09),
           ( 0.624,  4.57e+09),
           ( 0.628,  6.16e+09),
           ( 0.631,  2.12e+09),
           ( 0.634,  3.09e+09),
           ( 0.638,  4.21e+09),
           ( 0.641,  6.44e+09),
           ( 0.645,  7.25e+09),
           ( 0.648,  5.48e+09),
           ( 0.651,  5.58e+09),
           ( 0.655,  2.89e+09),
           ( 0.658,  9.06e+09),
           ( 0.662,  8.04e+09),
           ( 0.665,  7.98e+09),
           ( 0.668,  8.89e+09),
           ( 0.672,  8.00e+09),
           ( 0.675,  6.64e+09),
           ( 0.678,  4.98e+09),
           ( 0.682,  7.26e+09),
           ( 0.685,  1.76e+09),
           ( 0.689,  2.41e+09),
           ( 0.692,  1.18e+10),
           ( 0.695,  4.82e+09),
           ( 0.699,  6.11e+09),
           ( 0.702,  7.36e+09),
           ( 0.705,  3.80e+09),
           ( 0.709,  6.31e+09),
           ( 0.712,  6.18e+09),
           ( 0.715,  5.44e+08),
           ( 0.719, -3.74e+08),
           ( 0.722,  5.85e+08),
           ( 0.726, -3.27e+09),
           ( 0.729,  3.73e+09),
           ( 0.732,  1.43e+09),
           ( 0.736,  9.37e+09),
           ( 0.739,  3.65e+09),
           ( 0.743,  3.78e+09),
           ( 0.746,  7.95e+08),
           ( 0.749,  2.04e+09),
           ( 0.753,  3.68e+09),
           ( 0.756,  2.48e+09),
           ( 0.759,  1.84e+09),
           ( 0.763,  2.98e+09),
           ( 0.766,  4.42e+09),
           ( 0.769, -1.46e+09),
           ( 0.773,  3.00e+09),
           ( 0.776,  1.78e+09),
           ( 0.780,  3.22e+09),
           ( 0.783,  3.18e+09),
           ( 0.786,  2.54e+09),
           ( 0.790,  1.41e+09),
           ( 0.793,  3.99e+09),
           ( 0.797,  7.45e+08),
           ( 0.800, -2.15e+09),
           ( 0.803,  2.14e+09),
           ( 0.807, -7.29e+08),
           ( 0.810, -7.45e+08),
           ( 0.813,  2.42e+09),
           ( 0.817,  4.62e+08),
           ( 0.820,  1.00e+09),
           ( 0.824,  4.97e+09),
           ( 0.827,  3.06e+09),
           ( 0.830,  3.07e+09),
           ( 0.834,  5.51e+07),
           ( 0.837, -9.70e+08),
           ( 0.840,  2.85e+09),
           ( 0.844,  2.99e+09),
           ( 0.847,  1.39e+09),
           ( 0.850,  1.44e+09),
           ( 0.854,  2.14e+09),
           ( 0.857,  4.53e+09),
           ( 0.861,  1.49e+09),
           ( 0.864,  4.76e+08),
           ( 0.867, -7.31e+08),
           ( 0.871,  1.23e+09),
           ( 0.874, -6.77e+08),
           ( 0.878,  1.75e+09),
           ( 0.881,  3.07e+09),
           ( 0.884,  2.03e+09),
           ( 0.888, -3.54e+08),
           ( 0.891,  3.08e+09),
           ( 0.894,  1.71e+08),
           ( 0.898,  4.23e+09),
           ( 0.901,  1.50e+08),
           ( 0.904,  4.45e+08),
           ( 0.908,  1.45e+09),
           ( 0.911, -1.08e+09),
           ( 0.915,  2.98e+09),
           ( 0.918,  3.89e+09),
           ( 0.921,  6.17e+08),
           ( 0.925, -6.53e+08),
           ( 0.928, -1.09e+08),
           ( 0.931, -6.88e+08),
           ( 0.935,  1.60e+08),
           ( 0.938,  6.06e+09),
           ( 0.942, -9.84e+07),
           ( 0.945,  2.04e+08),
           ( 0.948,  2.79e+09),
           ( 0.952,  2.66e+09),
           ( 0.955, -1.57e+09),
           ( 0.959,  3.97e+09),
           ( 0.962,  4.83e+09),
           ( 0.965,  4.44e+09),
           ( 0.969,  1.33e+09),
           ( 0.972,  2.46e+09),
           ( 0.975,  3.86e+09),
           ( 0.979,  8.17e+09),
           ( 0.982,  4.47e+09),
           ( 0.985, -4.00e+08),
           ( 0.989,  5.27e+09),
           ( 0.992,  3.44e+09),
           ( 0.996,  3.51e+09),
           ( 0.999,  4.19e+09),
           ( 1.002,  1.87e+09),
           ( 1.006,  1.60e+09),
           ( 1.009,  4.22e+09),
           ( 1.013,  3.55e+09),
           ( 1.016,  5.64e+09),
           ( 1.019,  3.43e+09),
           ( 1.023,  3.19e+09),
           ( 1.026,  1.80e+09),
           ( 1.029, -1.16e+09),
           ( 1.033,  3.00e+09),
           ( 1.036,  1.94e+09),
           ( 1.039,  2.37e+09),
           ( 1.043,  3.98e+09),
           ( 1.046, -1.22e+09),
           ( 1.050,  7.70e+08),
           ( 1.053,  2.83e+09),
           ( 1.056,  3.00e+09),
           ( 1.060,  1.03e+10),
           ( 1.063,  8.82e+09),
           ( 1.067,  3.23e+09),
           ( 1.070,  4.90e+09),
           ( 1.073,  9.40e+09),
           ( 1.077,  9.79e+09),
           ( 1.080,  1.27e+10),
           ( 1.083,  1.30e+10),
           ( 1.087,  8.25e+09),
           ( 1.090,  1.02e+10),
           ( 1.094,  1.04e+10),
           ( 1.097,  1.21e+10),
           ( 1.100,  1.67e+10),
           ( 1.104,  1.63e+10),
           ( 1.107,  1.75e+10),
           ( 1.110,  1.13e+10),
           ( 1.114,  1.70e+10),
           ( 1.117,  1.76e+10),
           ( 1.120,  1.57e+10),
           ( 1.124,  1.99e+10),
           ( 1.127,  1.93e+10),
           ( 1.131,  1.64e+10),
           ( 1.134,  2.27e+10),
           ( 1.137,  2.35e+10),
           ( 1.141,  2.09e+10),
           ( 1.144,  2.42e+10),
           ( 1.148,  2.68e+10),
           ( 1.151,  2.21e+10),
           ( 1.154,  2.36e+10),
           ( 1.158,  2.15e+10),
           ( 1.161,  2.82e+10),
           ( 1.164,  2.62e+10),
           ( 1.168,  2.52e+10),
           ( 1.171,  2.77e+10),
           ( 1.174,  2.63e+10),
           ( 1.178,  2.73e+10),
           ( 1.181,  2.66e+10),
           ( 1.185,  2.54e+10),
           ( 1.188,  2.60e+10),
           ( 1.191,  2.74e+10),
           ( 1.195,  2.87e+10),
           ( 1.198,  2.57e+10),
           ( 1.202,  2.26e+10),
           ( 1.205,  2.62e+10),
           ( 1.208,  2.59e+10),
           ( 1.212,  2.57e+10),
           ( 1.215,  2.92e+10),
           ( 1.218,  2.72e+10),
           ( 1.222,  2.56e+10),
           ( 1.225,  2.68e+10),
           ( 1.229,  2.42e+10),
           ( 1.232,  2.22e+10),
           ( 1.235,  2.33e+10),
           ( 1.239,  2.61e+10),
           ( 1.242,  2.15e+10),
           ( 1.245,  2.22e+10),
           ( 1.249,  1.86e+10),
           ( 1.252,  1.73e+10),
           ( 1.255,  2.27e+10),
           ( 1.259,  2.51e+10),
           ( 1.262,  1.93e+10),
           ( 1.266,  2.34e+10),
           ( 1.269,  2.32e+10),
           ( 1.272,  2.38e+10),
           ( 1.276,  1.78e+10),
           ( 1.279,  2.18e+10),
           ( 1.283,  2.19e+10),
           ( 1.286,  2.25e+10),
           ( 1.289,  2.16e+10),
           ( 1.293,  1.62e+10),
           ( 1.296,  2.22e+10),
           ( 1.299,  2.02e+10),
           ( 1.303,  2.02e+10),
           ( 1.306,  1.64e+10),
           ( 1.309,  1.64e+10),
           ( 1.313,  1.57e+10),
           ( 1.316,  1.72e+10),
           ( 1.320,  1.65e+10),
           ( 1.323,  2.12e+10),
           ( 1.326,  1.35e+10),
           ( 1.330,  1.65e+10),
           ( 1.333,  1.36e+10),
           ( 1.337,  1.61e+10),
           ( 1.340,  1.71e+10),
           ( 1.343,  1.72e+10),
           ( 1.347,  1.40e+10),
           ( 1.350,  1.20e+10),
           ( 1.353,  1.26e+10),
           ( 1.357,  1.20e+10),
           ( 1.360,  1.39e+10),
           ( 1.364,  2.02e+10),
           ( 1.367,  1.89e+10),
           ( 1.370,  1.45e+10),
           ( 1.374,  1.38e+10),
           ( 1.377,  1.11e+10),
           ( 1.380,  1.30e+10),
           ( 1.384,  9.37e+09),
           ( 1.387,  9.34e+09),
           ( 1.390,  9.87e+09),
           ( 1.394,  1.13e+10),
           ( 1.397,  1.09e+10),
           ( 1.401,  1.15e+10),
           ( 1.404,  8.76e+09),
           ( 1.407,  1.01e+10),
           ( 1.411,  8.62e+09),
           ( 1.414,  4.89e+09),
           ( 1.418,  5.17e+09),
           ( 1.421,  6.55e+09),
           ( 1.424,  8.45e+09),
           ( 1.428,  1.06e+10),
           ( 1.431,  8.36e+09),
           ( 1.434,  8.89e+09),
           ( 1.438,  1.19e+10),
           ( 1.441,  8.44e+09),
           ( 1.444,  9.15e+09),
           ( 1.448,  9.29e+09),
           ( 1.451,  7.72e+09),
           ( 1.455,  1.02e+10),
           ( 1.458,  1.04e+10),
           ( 1.461,  1.14e+10),
           ( 1.465,  4.13e+09),
           ( 1.468,  1.00e+10),
           ( 1.471,  1.07e+10),
           ( 1.475,  6.68e+09),
           ( 1.478,  9.84e+09),
           ( 1.482,  1.12e+10),
           ( 1.485,  6.76e+09),
           ( 1.488,  9.79e+09),
           ( 1.492,  1.06e+10),
           ( 1.495,  1.18e+10),
           ( 1.499,  8.81e+09),
           ( 1.502,  9.90e+09),
           ( 1.505,  1.24e+10),
           ( 1.509,  8.00e+09),
           ( 1.512,  6.65e+09),
           ( 1.515,  7.60e+09),
           ( 1.519,  7.62e+09),
           ( 1.522,  8.27e+09),
           ( 1.525,  6.69e+09),
           ( 1.529,  6.82e+09),
           ( 1.532,  7.80e+09),
           ( 1.536,  4.28e+09),
           ( 1.539,  6.19e+09),
           ( 1.542,  5.71e+09),
           ( 1.546,  6.24e+09),
           ( 1.549,  4.43e+09),
           ( 1.553,  1.14e+10),
           ( 1.556,  6.86e+09),
           ( 1.559,  1.00e+10),
           ( 1.563,  1.08e+10),
           ( 1.566,  6.64e+09),
           ( 1.569,  7.03e+09),
           ( 1.573,  7.29e+09),
           ( 1.576,  5.72e+09),
           ( 1.579,  6.62e+09),
           ( 1.583,  4.94e+09),
           ( 1.586,  4.51e+09),
           ( 1.590,  4.68e+09),
           ( 1.593,  5.43e+09),
           ( 1.596,  7.82e+09),
           ( 1.600,  7.20e+09),
           ( 1.603,  6.42e+09),
           ( 1.607,  1.00e+10),
           ( 1.610,  1.08e+10),
           ( 1.613,  9.25e+09),
           ( 1.617,  8.21e+09),
           ( 1.620,  7.58e+09),
           ( 1.623,  4.51e+09),
           ( 1.627,  7.81e+09),
           ( 1.630,  5.97e+09),
           ( 1.634,  9.31e+09),
           ( 1.637,  6.38e+09),
           ( 1.640,  6.82e+09),
           ( 1.644,  8.73e+09),
           ( 1.647,  6.70e+09),
           ( 1.650,  6.09e+09),
           ( 1.654,  5.90e+09),
           ( 1.657,  7.03e+09),
           ( 1.660,  4.62e+09),
           ( 1.664,  6.31e+09),
           ( 1.667,  5.14e+09),
           ( 1.671,  7.57e+09),
           ( 1.674,  5.09e+09),
           ( 1.677,  7.78e+09),
           ( 1.681,  4.91e+09),
           ( 1.684,  5.63e+09),
           ( 1.688,  5.22e+09),
           ( 1.691,  7.51e+09),
           ( 1.694,  8.19e+09),
           ( 1.698,  2.67e+09),
           ( 1.701,  4.58e+09),
           ( 1.704,  5.65e+09),
           ( 1.708,  4.47e+09),
           ( 1.711,  4.59e+09),
           ( 1.714,  7.39e+09),
           ( 1.718,  5.57e+09),
           ( 1.721,  5.36e+09),
           ( 1.725,  2.45e+09),
           ( 1.728,  5.41e+09),
           ( 1.731,  5.19e+09),
           ( 1.735,  3.38e+09),
           ( 1.738,  8.63e+09),
           ( 1.742,  8.53e+09),
           ( 1.745,  7.24e+09),
           ( 1.748,  4.74e+09),
           ( 1.752,  2.63e+09),
           ( 1.755,  4.93e+09),
           ( 1.758,  4.25e+09),
           ( 1.762,  5.40e+09),
           ( 1.765,  7.31e+09),
           ( 1.769,  5.43e+09),
           ( 1.772,  3.00e+08),
           ( 1.775,  3.76e+09),
           ( 1.779,  4.20e+08),
           ( 1.782,  6.85e+09),
           ( 1.785,  6.24e+09),
           ( 1.789,  8.62e+09),
           ( 1.792,  5.06e+09),
           ( 1.795,  2.66e+09),
           ( 1.799,  3.57e+09),
           ( 1.802,  6.18e+09),
           ( 1.806,  7.93e+09),
           ( 1.809,  6.30e+09),
           ( 1.812,  6.80e+09),
           ( 1.816,  5.02e+09),
           ( 1.819,  8.91e+09),
           ( 1.823,  3.61e+09),
           ( 1.826,  4.14e+09),
           ( 1.829,  3.37e+09),
           ( 1.833,  4.49e+09),
           ( 1.836,  7.78e+09),
           ( 1.839,  4.38e+09),
           ( 1.843,  3.96e+09),
           ( 1.846,  5.87e+09),
           ( 1.849,  3.00e+09),
           ( 1.853,  5.30e+09),
           ( 1.856,  5.81e+09),
           ( 1.860,  3.97e+09),
           ( 1.863,  4.30e+09),
           ( 1.866,  6.34e+09),
           ( 1.870,  3.26e+09),
           ( 1.873,  1.98e+09),
           ( 1.877,  3.52e+09),
           ( 1.880,  5.89e+09),
           ( 1.883,  6.60e+09),
           ( 1.887,  1.15e+09),
           ( 1.890, -2.46e+07),
           ( 1.893,  5.80e+09),
           ( 1.897,  5.01e+09),
           ( 1.900,  2.53e+08),
           ( 1.904, -3.81e+09),
           ( 1.907,  3.18e+09),
           ( 1.910,  4.35e+09),
           ( 1.914, -6.09e+08),
           ( 1.917,  1.89e+09),
           ( 1.920,  3.47e+09),
           ( 1.924,  3.14e+09),
           ( 1.927,  1.81e+09),
           ( 1.930,  3.18e+09),
           ( 1.934,  6.27e+08),
           ( 1.937,  4.63e+09),
           ( 1.941,  1.26e+09),
           ( 1.944,  1.51e+09),
           ( 1.947,  2.21e+09),
           ( 1.951,  4.58e+09),
           ( 1.954, -8.20e+08),
           ( 1.958,  2.59e+09),
           ( 1.961,  1.00e+09),
           ( 1.964, -4.00e+07),
           ( 1.968,  1.85e+09),
           ( 1.971,  1.88e+09),
           ( 1.974,  1.78e+09),
           ( 1.978,  4.05e+08),
           ( 1.981,  4.06e+09),
           ( 1.984, -2.74e+07),
           ( 1.988,  1.76e+09),
           ( 1.991, -1.95e+08),
           ( 1.995, -5.28e+08),
           ( 1.998,  2.37e+09),
           ( 2.001,  1.04e+08),
           ( 2.005,  2.42e+09),
           ( 2.008,  6.61e+08),
           ( 2.011,  4.98e+09),
           ( 2.015, -3.23e+09),
           ( 2.018,  3.50e+09),
           ( 2.022,  9.26e+08),
           ( 2.025,  1.80e+09),
           ( 2.028, -1.12e+09),
           ( 2.032, -2.00e+09),
           ( 2.035,  3.31e+07),
           ( 2.039,  2.05e+09),
           ( 2.042,  2.05e+08),
           ( 2.045,  3.39e+09),
           ( 2.049,  7.82e+08),
           ( 2.052,  2.61e+07),
           ( 2.055,  2.68e+09),
           ( 2.059,  1.33e+09),
           ( 2.062, -1.56e+09),
           ( 2.065,  5.72e+08),
           ( 2.069,  2.46e+09),
           ( 2.072,  2.42e+08),
           ( 2.076, -2.65e+09),
           ( 2.079,  2.45e+09),
           ( 2.082,  7.17e+08),
           ( 2.086, -2.36e+09),
           ( 2.089,  9.98e+08),
           ( 2.093,  2.55e+09),
           ( 2.096, -9.69e+08),
           ( 2.099,  2.30e+07),
           ( 2.103,  3.36e+09),
           ( 2.106,  3.43e+09),
           ( 2.109, -6.67e+08),
           ( 2.113, -1.97e+07),
           ( 2.116,  5.79e+07),
           ( 2.119,  5.50e+08),
           ( 2.123,  1.33e+09),
           ( 2.126,  1.33e+09),
           ( 2.130, -7.14e+07),
           ( 2.133,  4.79e+09),
           ( 2.136,  2.74e+09),
           ( 2.140,  4.31e+09),
           ( 2.143, -5.54e+08),
           ( 2.147,  2.95e+09),
           ( 2.150,  1.98e+09),
           ( 2.153,  3.42e+09),
           ( 2.157,  2.73e+09),
           ( 2.160,  1.81e+09),
           ( 2.163,  2.53e+09),
           ( 2.167,  5.03e+08),
           ( 2.170,  2.87e+09),
           ( 2.174, -9.57e+08),
           ( 2.177, -1.58e+09),
           ( 2.180,  8.17e+08),
           ( 2.184, -2.07e+08),
           ( 2.187,  4.35e+08),
           ( 2.190,  6.06e+08),
           ( 2.194, -2.05e+08),
           ( 2.197,  1.41e+09),
           ( 2.200, -1.21e+09),
           ( 2.204,  2.44e+09),
           ( 2.207,  5.03e+09),
           ( 2.211,  1.26e+09),
           ( 2.214,  2.78e+09),
           ( 2.217, -1.37e+09),
           ( 2.221,  1.35e+07),
           ( 2.224,  2.31e+09),
           ( 2.228, -3.18e+09),
           ( 2.231, -5.47e+07),
           ( 2.234, -2.47e+08),
           ( 2.238, -9.68e+08),
           ( 2.241, -1.22e+09),
           ( 2.244,  1.05e+09),
           ( 2.248,  1.93e+09),
           ( 2.251,  2.27e+09),
           ( 2.254, -1.53e+09),
           ( 2.258, -7.19e+08),
           ( 2.261,  2.14e+08),
           ( 2.265,  4.45e+09),
           ( 2.268, -1.07e+09),
           ( 2.271, -5.90e+09),
           ( 2.275, -1.80e+09),
           ( 2.278,  2.38e+09),
           ( 2.282,  2.43e+09),
           ( 2.285, -2.56e+09),
           ( 2.288, -1.14e+09),
           ( 2.292,  2.71e+09),
           ( 2.295, -1.97e+09),
           ( 2.298, -1.66e+09),
           ( 2.302,  1.87e+09),
           ( 2.305, -6.11e+08),
           ( 2.309, -1.44e+09),
           ( 2.312,  1.13e+09),
           ( 2.315, -1.49e+09),
           ( 2.319,  1.97e+09),
           ( 2.322,  2.07e+09),
           ( 2.325,  4.44e+09),
           ( 2.329,  3.75e+09),
           ( 2.332,  4.16e+08),
           ( 2.335,  4.23e+09),
           ( 2.339,  5.54e+08),
           ( 2.342,  2.05e+09),
           ( 2.346,  7.04e+08),
           ( 2.349,  5.55e+07),
           ( 2.352, -3.24e+09),
           ( 2.356,  2.96e+08),
           ( 2.359, -2.07e+09),
           ( 2.363, -1.44e+09),
           ( 2.366,  2.51e+07),
           ( 2.369,  3.80e+09),
           ( 2.373,  8.60e+08),
           ( 2.376,  3.14e+09),
           ( 2.379, -3.50e+08),
           ( 2.383,  6.86e+08),
           ( 2.386,  2.41e+09),
           ( 2.389,  7.11e+08),
           ( 2.393, -1.24e+09),
           ( 2.396, -2.12e+09),
           ( 2.400,  1.97e+09),
           ( 2.403, -2.73e+09),
           ( 2.406, -1.25e+08),
           ( 2.410, -1.34e+09),
           ( 2.413, -1.38e+09),
           ( 2.417, -5.52e+08),
           ( 2.420,  3.29e+08),
           ( 2.423,  9.01e+08),
           ( 2.427, -3.34e+08),
           ( 2.430,  1.34e+09),
           ( 2.433, -9.40e+08),
           ( 2.437, -2.20e+08),
           ( 2.440,  1.67e+09),
           ( 2.444,  4.48e+09),
           ( 2.447,  3.78e+09),
           ( 2.450,  2.02e+09),
           ( 2.454, -6.71e+08),
           ( 2.457,  5.11e+09),
           ( 2.460,  2.91e+09),
           ( 2.464,  1.71e+09),
           ( 2.467, -7.24e+08),
           ( 2.470,  2.33e+09),
           ( 2.474,  1.18e+09),
           ( 2.477,  2.27e+09),
           ( 2.481, -4.80e+08),
           ( 2.484,  2.00e+09),
           ( 2.487,  3.85e+09),
           ( 2.491,  7.96e+07),
           ( 2.494,  9.84e+08),
           ( 2.498,  3.18e+09),
           ( 2.501,  5.99e+09),
           ( 2.504,  5.23e+09),
           ( 2.508,  7.48e+09),
           ( 2.511,  2.89e+09),
           ( 2.514,  3.93e+08),
           ( 2.518,  6.14e+09),
           ( 2.521,  4.19e+09),
           ( 2.524,  7.12e+09),
           ( 2.528,  6.25e+09),
           ( 2.531,  6.60e+09),
           ( 2.535,  4.16e+09),
           ( 2.538,  3.80e+09),
           ( 2.541,  4.24e+09),
           ( 2.545,  3.49e+09),
           ( 2.548,  3.91e+09),
           ( 2.552, -7.15e+08),
           ( 2.555, -3.57e+08),
           ( 2.558,  4.50e+09),
           ( 2.562,  3.53e+09),
           ( 2.565,  3.44e+09),
           ( 2.568,  2.33e+08),
           ( 2.572,  3.93e+09),
           ( 2.575,  4.98e+09),
           ( 2.579,  2.59e+09),
           ( 2.582, -4.72e+08),
           ( 2.585,  8.04e+08),
           ( 2.589, -2.52e+09),
           ( 2.592,  2.71e+09),
           ( 2.595,  8.67e+08),
           ( 2.599,  1.18e+08),
           ( 2.602,  5.40e+08),
           ( 2.605,  2.09e+09),
           ( 2.609, -2.34e+09),
           ( 2.612,  1.28e+09),
           ( 2.616,  2.18e+08),
           ( 2.619, -1.15e+09),
           ( 2.622,  1.32e+08),
           ( 2.626,  1.41e+09),
           ( 2.629,  2.94e+09),
           ( 2.633,  5.47e+09),
           ( 2.636,  1.03e+09),
           ( 2.639,  4.47e+09),
           ( 2.643,  3.25e+09),
           ( 2.646,  4.13e+09),
           ( 2.649,  7.06e+09),
           ( 2.653,  7.40e+09),
           ( 2.656,  3.37e+09),
           ( 2.659,  1.09e+09),
           ( 2.663,  3.90e+09),
           ( 2.666,  2.21e+09),
           ( 2.670,  1.51e+09),
           ( 2.673,  6.52e+08),
           ( 2.676, -3.44e+08),
           ( 2.680, -1.40e+09),
           ( 2.683,  3.64e+09),
           ( 2.687,  2.78e+09),
           ( 2.690, -3.91e+08),
           ( 2.693, -2.41e+09),
           ( 2.697, -8.45e+08),
           ( 2.700,  1.14e+09),
           ( 2.703,  3.00e+09),
           ( 2.707,  3.28e+08),
           ( 2.710,  1.04e+09),
           ( 2.714,  1.02e+08),
           ( 2.717,  9.59e+08),
           ( 2.720, -6.11e+08),
           ( 2.724,  4.14e+09),
           ( 2.727, -4.37e+09),
           ( 2.730, -2.27e+09),
           ( 2.734,  1.81e+09),
           ( 2.737,  1.75e+09),
           ( 2.740,  7.84e+08),
           ( 2.744,  1.19e+09),
           ( 2.747, -1.89e+09),
           ( 2.751,  1.21e+09),
           ( 2.754,  1.11e+08),
           ( 2.757,  8.80e+08),
           ( 2.761,  2.13e+09),
           ( 2.764, -2.59e+09),
           ( 2.768,  1.84e+09),
           ( 2.771, -1.06e+09),
           ( 2.774,  2.32e+08),
           ( 2.778,  1.06e+08),
           ( 2.781,  6.33e+09),
           ( 2.784, -6.54e+08),
           ( 2.788,  1.47e+09),
           ( 2.791,  4.48e+09),
           ( 2.794,  1.06e+09),
           ( 2.798,  2.29e+08),
           ( 2.801,  5.25e+08),
           ( 2.805, -1.60e+09),
           ( 2.808,  1.83e+09),
           ( 2.811, -1.32e+09),
           ( 2.815, -3.06e+08),
           ( 2.818,  4.07e+08),
           ( 2.822, -2.98e+09),
           ( 2.825,  1.23e+09),
           ( 2.828,  4.64e+07),
           ( 2.832,  6.26e+08),
           ( 2.835,  4.83e+08),
           ( 2.838, -7.68e+08),
           ( 2.842, -7.35e+07),
           ( 2.845,  1.06e+09),
           ( 2.849,  1.91e+09),
           ( 2.852, -8.98e+08),
           ( 2.855,  1.36e+09),
           ( 2.859, -1.62e+09),
           ( 2.862, -1.31e+09),
           ( 2.865,  2.29e+09),
           ( 2.869, -1.42e+09),
           ( 2.872, -4.36e+08),
           ( 2.875,  1.01e+09),
           ( 2.879, -3.78e+09),
           ( 2.882, -1.48e+09),
           ( 2.886,  8.54e+08),
           ( 2.889, -7.25e+08),
           ( 2.892,  9.85e+08),
           ( 2.896,  1.62e+09),
           ( 2.899,  1.18e+09),
           ( 2.903,  1.19e+09),
           ( 2.906, -1.09e+09),
           ( 2.909, -2.73e+09),
           ( 2.913,  2.33e+09),
           ( 2.916,  3.51e+08),
           ( 2.919, -4.34e+09),
           ( 2.923, -6.40e+08),
           ( 2.926, -1.29e+09),
           ( 2.929, -2.52e+09),
           ( 2.933,  3.32e+09),
           ( 2.936, -2.11e+09),
           ( 2.940,  2.40e+09),
           ( 2.943, -2.60e+09),
           ( 2.946,  5.32e+08),
           ( 2.950, -1.06e+08),
           ( 2.953, -2.77e+09),
           ( 2.957, -4.77e+08),
           ( 2.960, -2.62e+09),
           ( 2.963,  3.67e+09),
           ( 2.967, -5.61e+08),
           ( 2.970,  3.06e+09),
           ( 2.973, -1.38e+09),
           ( 2.977, -3.69e+09),
           ( 2.980,  1.71e+09),
           ( 2.984, -3.71e+09),
           ( 2.987, -3.08e+09),
           ( 2.990, -8.61e+07),
           ( 2.994, -3.30e+09),
           ( 2.997,  1.38e+08),
           ( 3.000,  4.81e+08),
           ( 3.004, -7.59e+08),
           ( 3.007, -1.49e+08),
           ( 3.010,  9.38e+08),
           ( 3.014, -1.14e+09),
           ( 3.017, -1.91e+09),
           ( 3.021, -4.62e+08),
           ( 3.024, -1.24e+09),
           ( 3.027, -4.79e+09),
           ( 3.031, -3.93e+09),
           ( 3.034, -1.74e+08),
           ( 3.038, -4.59e+09),
           ( 3.041, -3.20e+09),
           ( 3.044, -6.00e+08),
           ( 3.048,  1.62e+09),
           ( 3.051, -2.92e+09),
           ( 3.054, -2.54e+09),
           ( 3.058, -6.05e+06),
           ( 3.061, -1.41e+09),
           ( 3.064, -4.97e+09),
           ( 3.068, -3.56e+09),
           ( 3.071,  7.05e+07),
           ( 3.075, -3.10e+09),
           ( 3.078, -5.16e+08),
           ( 3.081, -5.02e+09),
           ( 3.085, -3.27e+09),
           ( 3.088,  5.89e+08),
           ( 3.092, -2.45e+09),
           ( 3.095, -1.28e+09),
           ( 3.098, -2.96e+09),
           ( 3.102, -3.67e+09),
           ( 3.105,  8.52e+08),
           ( 3.108, -4.97e+08),
           ( 3.112, -1.93e+08),
           ( 3.115, -2.55e+09),
           ( 3.119, -7.41e+08),
           ( 3.122,  1.05e+09),
           ( 3.125, -1.13e+09),
           ( 3.129, -2.57e+09),
           ( 3.132, -3.87e+09),
           ( 3.135, -2.37e+09),
           ( 3.139, -1.87e+09),
           ( 3.142,  2.36e+09),
           ( 3.145, -4.51e+09),
           ( 3.149, -6.97e+09),
           ( 3.152,  3.61e+08),
           ( 3.156, -2.40e+09),
           ( 3.159,  9.73e+08),
           ( 3.162, -2.38e+09),
           ( 3.166, -2.88e+09),
           ( 3.169, -2.37e+09),
           ( 3.173, -3.00e+09),
           ( 3.176, -2.44e+09),
           ( 3.179, -4.47e+09),
           ( 3.183, -3.22e+09),
           ( 3.186, -1.83e+09),
           ( 3.189,  1.55e+09),
           ( 3.193, -4.82e+09),
           ( 3.196, -6.62e+09),
           ( 3.199, -1.29e+09),
           ( 3.203, -2.97e+09),
           ( 3.206, -4.43e+09),
           ( 3.210, -2.84e+09),
           ( 3.213, -1.65e+09),
           ( 3.216, -1.41e+09),
           ( 3.220, -1.07e+09),
           ( 3.223, -5.05e+09),
           ( 3.226,  1.23e+08),
           ( 3.230, -1.99e+09),
           ( 3.233, -3.82e+09),
           ( 3.237, -2.48e+09),
           ( 3.240, -3.87e+09),
           ( 3.243,  1.10e+08),
           ( 3.247, -3.34e+09),
           ( 3.250, -3.14e+09),
           ( 3.254, -4.35e+09),
           ( 3.257, -1.30e+09),
           ( 3.260, -6.23e+09),
           ( 3.264, -3.39e+09),
           ( 3.267, -4.63e+08),
           ( 3.270, -5.22e+09),
           ( 3.274, -5.02e+09),
           ( 3.277, -2.85e+09),
           ( 3.280, -2.49e+09),
           ( 3.284, -4.36e+09),
           ( 3.287, -3.22e+09),
           ( 3.291, -2.52e+09),
           ( 3.294, -3.38e+09),
           ( 3.297, -4.45e+09),
           ( 3.301, -2.76e+09),
           ( 3.304, -3.16e+09),
           ( 3.308, -3.56e+09),
           ( 3.311, -1.50e+09),
           ( 3.314, -4.53e+09),
           ( 3.318, -2.39e+09),
           ( 3.321, -5.73e+09),
           ( 3.324, -3.98e+09),
           ( 3.328, -3.75e+09),
           ( 3.331, -5.88e+09),
           ( 3.334, -4.03e+09),
           ( 3.338, -2.95e+09),
           ( 3.341, -2.98e+09),
           ( 3.345, -3.12e+09),
           ( 3.348, -6.15e+08),
           ( 3.351, -4.71e+09),
           ( 3.355, -1.49e+09),
           ( 3.358, -1.38e+09),
           ( 3.362, -2.65e+09),
           ( 3.365, -5.39e+09),
           ( 3.368, -1.36e+09),
           ( 3.372, -4.66e+09),
           ( 3.375, -5.48e+09),
           ( 3.378, -2.77e+09),
           ( 3.382, -3.77e+09),
           ( 3.385, -2.81e+09),
           ( 3.389, -3.78e+09),
           ( 3.392, -4.80e+09),
           ( 3.395, -1.11e+09),
           ( 3.399, -6.01e+09),
           ( 3.402, -4.83e+09),
           ( 3.405, -4.53e+09),
           ( 3.409, -6.08e+09),
           ( 3.412, -4.97e+09),
           ( 3.415, -1.81e+09),
           ( 3.419, -4.52e+09),
           ( 3.422, -4.93e+09),
           ( 3.426, -2.46e+09),
           ( 3.429, -6.03e+09),
           ( 3.432, -9.89e+09),
           ( 3.436, -4.48e+09),
           ( 3.439, -5.30e+09),
           ( 3.443, -7.89e+09),
           ( 3.446, -5.29e+09),
           ( 3.449, -6.64e+09),
           ( 3.453, -5.60e+09),
           ( 3.456, -4.19e+09),
           ( 3.459, -3.76e+09),
           ( 3.463, -3.26e+09),
           ( 3.466, -4.14e+09),
           ( 3.469, -3.25e+09),
           ( 3.473, -7.00e+09),
           ( 3.476, -4.97e+09),
           ( 3.480, -7.26e+09),
           ( 3.483, -3.98e+09),
           ( 3.486, -2.35e+09),
           ( 3.490, -5.13e+09),
           ( 3.493, -5.26e+09),
           ( 3.497, -4.18e+09),
           ( 3.500, -3.60e+09)]
