Bolide Detection Notification: 2015-303

At 07:07:12 UT on 30 Oct 2015, sensors aboard U. S. Government satellites recorded
the flash signature of a large meteoroid entry into the atmosphere. Location of the
flash was Lat 85.0S, Lon 161.7W.

Based upon the visible-light intensity-time signature, peak brightness of the flash
was determined to be approximately 2.33e+10 watts/steradian, and total radiated flash
energy 2.42e+11 joules (6000K blackbody model).

Columns: time, intensity (w/sr)
Intensity=[(-2.400,  2.52e+08),
           (-2.396,  1.39e+09),
           (-2.393,  1.52e+09),
           (-2.383, -2.97e+09),
           (-2.373,  1.97e+09),
           (-2.369, -1.07e+09),
           (-2.366, -5.83e+08),
           (-2.363,  1.10e+09),
           (-2.359, -2.09e+09),
           (-2.356, -3.61e+09),
           (-2.352, -2.10e+09),
           (-2.349,  1.22e+09),
           (-2.346, -5.30e+08),
           (-2.342,  9.26e+07),
           (-2.339,  1.21e+08),
           (-2.332, -2.59e+09),
           (-2.325,  9.53e+08),
           (-2.319, -1.37e+09),
           (-2.315, -6.38e+08),
           (-2.312,  5.11e+08),
           (-2.305, -1.39e+09),
           (-2.302, -6.58e+08),
           (-2.298, -1.56e+09),
           (-2.295, -1.75e+09),
           (-2.292, -2.05e+09),
           (-2.288,  1.43e+09),
           (-2.282, -1.57e+09),
           (-2.278, -9.90e+08),
           (-2.275, -9.14e+08),
           (-2.268,  1.05e+09),
           (-2.265,  6.54e+08),
           (-2.261,  9.28e+08),
           (-2.258,  5.18e+08),
           (-2.255, -1.16e+09),
           (-2.251, -1.30e+09),
           (-2.248, -9.60e+08),
           (-2.244,  6.48e+08),
           (-2.241, -1.66e+09),
           (-2.238,  4.29e+08),
           (-2.234, -1.06e+09),
           (-2.231, -1.30e+09),
           (-2.228, -2.29e+09),
           (-2.224, -2.53e+09),
           (-2.221,  2.83e+08),
           (-2.217, -7.00e+08),
           (-2.214, -5.74e+08),
           (-2.211, -1.38e+09),
           (-2.207, -9.01e+08),
           (-2.204,  3.54e+08),
           (-2.201, -4.76e+08),
           (-2.197, -3.68e+08),
           (-2.194, -1.33e+09),
           (-2.190, -9.85e+08),
           (-2.187, -1.75e+09),
           (-2.184, -2.03e+09),
           (-2.180, -3.79e+07),
           (-2.177, -1.65e+09),
           (-2.174,  1.08e+09),
           (-2.170,  8.73e+08),
           (-2.167,  7.74e+08),
           (-2.163,  2.53e+09),
           (-2.157, -3.06e+08),
           (-2.153, -2.37e+08),
           (-2.150,  1.79e+09),
           (-2.147, -1.49e+08),
           (-2.143, -1.66e+08),
           (-2.140, -2.34e+09),
           (-2.133,  8.28e+08),
           (-2.130, -1.00e+09),
           (-2.126,  1.12e+09),
           (-2.123, -1.39e+07),
           (-2.120,  1.78e+09),
           (-2.116,  1.37e+09),
           (-2.113,  1.49e+09),
           (-2.109,  3.08e+08),
           (-2.106,  8.66e+08),
           (-2.103, -5.49e+08),
           (-2.099, -1.39e+08),
           (-2.096, -5.95e+08),
           (-2.093,  1.05e+09),
           (-2.089,  1.57e+09),
           (-2.086,  1.33e+09),
           (-2.082,  2.61e+08),
           (-2.079,  5.09e+08),
           (-2.076, -1.49e+09),
           (-2.072,  1.09e+09),
           (-2.069,  8.34e+08),
           (-2.066,  2.09e+09),
           (-2.062,  1.48e+09),
           (-2.059, -3.72e+08),
           (-2.055, -8.05e+08),
           (-2.052,  1.37e+09),
           (-2.045, -5.75e+08),
           (-2.042,  1.47e+09),
           (-2.039,  1.89e+09),
           (-2.035,  1.07e+09),
           (-2.032,  1.19e+09),
           (-2.028, -4.88e+08),
           (-2.025,  1.01e+09),
           (-2.018,  5.89e+08),
           (-2.015, -5.10e+08),
           (-2.008,  2.01e+09),
           (-2.005,  1.36e+09),
           (-2.001, -2.21e+08),
           (-1.998,  1.20e+09),
           (-1.995, -1.29e+09),
           (-1.988,  3.07e+09),
           (-1.985,  7.27e+08),
           (-1.981,  5.04e+08),
           (-1.974,  1.94e+09),
           (-1.968, -2.41e+08),
           (-1.964, -1.10e+09),
           (-1.961,  1.32e+09),
           (-1.958,  1.84e+09),
           (-1.951, -1.85e+09),
           (-1.944,  5.71e+08),
           (-1.941, -5.90e+08),
           (-1.937,  5.91e+08),
           (-1.934, -1.13e+09),
           (-1.931, -1.56e+09),
           (-1.927,  3.26e+06),
           (-1.920,  9.01e+08),
           (-1.917, -6.58e+08),
           (-1.914,  1.54e+09),
           (-1.910,  1.54e+08),
           (-1.907, -4.34e+08),
           (-1.900,  3.78e+08),
           (-1.897,  2.25e+08),
           (-1.893,  2.09e+09),
           (-1.890,  9.44e+08),
           (-1.887,  8.57e+08),
           (-1.883,  3.48e+09),
           (-1.880,  3.05e+09),
           (-1.877,  3.21e+09),
           (-1.870,  6.19e+08),
           (-1.863,  1.13e+09),
           (-1.860, -6.14e+08),
           (-1.856, -2.19e+08),
           (-1.853, -1.21e+09),
           (-1.850, -3.54e+08),
           (-1.846, -8.21e+07),
           (-1.843,  3.65e+08),
           (-1.839,  1.30e+08),
           (-1.836,  1.93e+08),
           (-1.833, -4.39e+08),
           (-1.829, -1.96e+09),
           (-1.826, -2.33e+09),
           (-1.823, -3.68e+09),
           (-1.816, -1.46e+09),
           (-1.812, -2.18e+09),
           (-1.809, -5.04e+08),
           (-1.806, -6.74e+08),
           (-1.802, -6.26e+08),
           (-1.799,  6.79e+08),
           (-1.789, -2.25e+09),
           (-1.785, -1.10e+08),
           (-1.782, -4.18e+09),
           (-1.779, -2.61e+09),
           (-1.775, -2.16e+09),
           (-1.772, -3.04e+09),
           (-1.769, -1.02e+09),
           (-1.765, -8.72e+08),
           (-1.762, -1.60e+09),
           (-1.758, -1.22e+09),
           (-1.755, -2.39e+09),
           (-1.752, -9.80e+08),
           (-1.748, -1.61e+09),
           (-1.745, -3.02e+09),
           (-1.742, -5.68e+08),
           (-1.735,  3.79e+08),
           (-1.731, -1.96e+09),
           (-1.728, -5.41e+08),
           (-1.725, -2.65e+09),
           (-1.721, -2.26e+09),
           (-1.718, -8.79e+08),
           (-1.715, -1.99e+09),
           (-1.711, -2.05e+09),
           (-1.708, -2.30e+09),
           (-1.704, -1.98e+09),
           (-1.701, -3.01e+09),
           (-1.698, -2.74e+09),
           (-1.691,  5.42e+08),
           (-1.688,  9.07e+07),
           (-1.684, -2.45e+09),
           (-1.674,  1.63e+09),
           (-1.671, -1.79e+09),
           (-1.667,  1.51e+09),
           (-1.664,  1.91e+09),
           (-1.661,  1.06e+07),
           (-1.657,  6.06e+07),
           (-1.650, -5.49e+08),
           (-1.647, -2.64e+08),
           (-1.644,  1.75e+09),
           (-1.640,  1.46e+09),
           (-1.637, -1.45e+09),
           (-1.634, -1.89e+09),
           (-1.630, -7.85e+08),
           (-1.627, -1.11e+09),
           (-1.623, -6.40e+08),
           (-1.620,  6.39e+08),
           (-1.617,  1.31e+08),
           (-1.613, -9.32e+08),
           (-1.610,  5.08e+08),
           (-1.607, -9.17e+08),
           (-1.603, -8.13e+07),
           (-1.600, -2.50e+09),
           (-1.596, -8.11e+08),
           (-1.593, -4.07e+08),
           (-1.590, -3.29e+08),
           (-1.586,  2.04e+08),
           (-1.580, -2.86e+09),
           (-1.576, -6.42e+08),
           (-1.573, -2.34e+09),
           (-1.569, -2.73e+09),
           (-1.566, -2.26e+09),
           (-1.563, -8.39e+08),
           (-1.559, -6.31e+08),
           (-1.556, -8.46e+08),
           (-1.553,  8.17e+08),
           (-1.549, -2.56e+08),
           (-1.546, -2.99e+09),
           (-1.542, -2.10e+09),
           (-1.536,  6.89e+08),
           (-1.529, -2.43e+09),
           (-1.526,  6.61e+08),
           (-1.522, -1.41e+09),
           (-1.515, -5.41e+08),
           (-1.512, -1.40e+09),
           (-1.509, -2.50e+08),
           (-1.502,  1.76e+08),
           (-1.499, -2.11e+09),
           (-1.495, -3.21e+09),
           (-1.492, -6.78e+08),
           (-1.488, -1.40e+09),
           (-1.485,  3.12e+08),
           (-1.482, -4.70e+08),
           (-1.478, -2.27e+07),
           (-1.472, -1.49e+09),
           (-1.468, -1.52e+09),
           (-1.465, -9.39e+08),
           (-1.461,  4.74e+08),
           (-1.458, -1.04e+08),
           (-1.455, -1.38e+09),
           (-1.451, -2.00e+09),
           (-1.448, -7.12e+08),
           (-1.445, -2.63e+09),
           (-1.441, -1.94e+09),
           (-1.438, -1.78e+09),
           (-1.434, -1.27e+09),
           (-1.431, -4.22e+08),
           (-1.428, -1.69e+08),
           (-1.424, -2.72e+09),
           (-1.421, -1.60e+09),
           (-1.418, -1.08e+09),
           (-1.411, -4.08e+09),
           (-1.407, -1.67e+09),
           (-1.404, -1.52e+09),
           (-1.401, -2.23e+08),
           (-1.397, -1.65e+09),
           (-1.394, -4.58e+08),
           (-1.391, -4.50e+08),
           (-1.387, -3.91e+09),
           (-1.380, -7.01e+07),
           (-1.374, -3.55e+09),
           (-1.370, -1.88e+09),
           (-1.367, -2.41e+09),
           (-1.364, -1.66e+09),
           (-1.360, -2.27e+09),
           (-1.357, -2.31e+09),
           (-1.353, -8.68e+08),
           (-1.347, -2.10e+09),
           (-1.343, -4.00e+09),
           (-1.337,  1.93e+09),
           (-1.330, -3.56e+09),
           (-1.326, -2.02e+09),
           (-1.323, -3.20e+09),
           (-1.320, -9.72e+08),
           (-1.316, -6.83e+08),
           (-1.313, -1.29e+09),
           (-1.310,  1.02e+09),
           (-1.306, -2.44e+09),
           (-1.303, -2.18e+09),
           (-1.296, -1.13e+09),
           (-1.293, -2.19e+09),
           (-1.289, -1.54e+09),
           (-1.286, -2.04e+09),
           (-1.283, -3.31e+09),
           (-1.276,  7.40e+08),
           (-1.272, -4.28e+08),
           (-1.269, -2.67e+09),
           (-1.266, -1.32e+09),
           (-1.262, -9.87e+08),
           (-1.259, -1.56e+09),
           (-1.256, -1.56e+09),
           (-1.252, -2.21e+09),
           (-1.249, -1.78e+09),
           (-1.245, -2.50e+09),
           (-1.242, -1.63e+09),
           (-1.239, -1.28e+07),
           (-1.235, -3.16e+09),
           (-1.232, -1.79e+09),
           (-1.229, -2.10e+09),
           (-1.225, -1.73e+08),
           (-1.222, -1.19e+09),
           (-1.218, -1.56e+09),
           (-1.212, -3.02e+09),
           (-1.208, -1.33e+09),
           (-1.205, -1.43e+09),
           (-1.202, -2.02e+09),
           (-1.198, -2.14e+09),
           (-1.195, -2.15e+09),
           (-1.191, -4.07e+08),
           (-1.188, -3.19e+09),
           (-1.185, -2.05e+09),
           (-1.181, -1.55e+09),
           (-1.178, -2.14e+09),
           (-1.171,  1.05e+08),
           (-1.168, -2.32e+09),
           (-1.164, -2.89e+09),
           (-1.158, -6.20e+08),
           (-1.154, -3.32e+09),
           (-1.151, -1.58e+09),
           (-1.148,  1.43e+09),
           (-1.141, -2.50e+09),
           (-1.137, -3.31e+09),
           (-1.134, -2.06e+08),
           (-1.131, -1.78e+09),
           (-1.127, -2.36e+09),
           (-1.124, -2.00e+09),
           (-1.121, -3.03e+08),
           (-1.117, -2.27e+08),
           (-1.110, -1.91e+09),
           (-1.107, -1.16e+09),
           (-1.104,  7.81e+08),
           (-1.100, -3.28e+09),
           (-1.097, -1.58e+09),
           (-1.094, -1.72e+09),
           (-1.090, -2.65e+09),
           (-1.087, -2.00e+09),
           (-1.083, -2.46e+09),
           (-1.080, -1.81e+09),
           (-1.073, -2.82e+09),
           (-1.070, -9.53e+08),
           (-1.067, -3.78e+08),
           (-1.063, -1.08e+09),
           (-1.060, -2.83e+09),
           (-1.056, -2.45e+09),
           (-1.053, -1.08e+09),
           (-1.050, -1.80e+09),
           (-1.046, -1.15e+09),
           (-1.043, -2.65e+09),
           (-1.040, -1.76e+09),
           (-1.036, -2.27e+09),
           (-1.033, -9.74e+08),
           (-1.029, -9.29e+08),
           (-1.026, -1.82e+09),
           (-1.023, -1.63e+09),
           (-1.019, -1.12e+09),
           (-1.016, -6.90e+07),
           (-1.013, -6.68e+08),
           (-1.009, -7.26e+08),
           (-1.006, -2.38e+09),
           (-1.002, -2.54e+09),
           (-0.999, -2.25e+09),
           (-0.996, -4.10e+09),
           (-0.992, -3.99e+09),
           (-0.989, -4.01e+09),
           (-0.986, -3.03e+09),
           (-0.982, -9.23e+08),
           (-0.979, -1.75e+09),
           (-0.975, -4.89e+08),
           (-0.972, -3.23e+09),
           (-0.969, -3.89e+09),
           (-0.965, -5.20e+08),
           (-0.962, -2.02e+09),
           (-0.959, -2.17e+09),
           (-0.955, -1.93e+09),
           (-0.952,  1.61e+08),
           (-0.948, -1.69e+09),
           (-0.945, -2.39e+09),
           (-0.942, -2.26e+08),
           (-0.938,  4.01e+08),
           (-0.935, -3.62e+09),
           (-0.932, -6.80e+08),
           (-0.928, -1.89e+09),
           (-0.925, -2.04e+09),
           (-0.918, -1.12e+09),
           (-0.915, -2.82e+09),
           (-0.911, -6.24e+08),
           (-0.908, -2.62e+09),
           (-0.905, -7.53e+08),
           (-0.901, -1.59e+09),
           (-0.894, -2.18e+09),
           (-0.891, -1.88e+09),
           (-0.888, -2.23e+09),
           (-0.884, -2.28e+09),
           (-0.881, -6.28e+08),
           (-0.874, -2.00e+09),
           (-0.871,  4.70e+08),
           (-0.867, -2.84e+09),
           (-0.864, -1.12e+09),
           (-0.861, -2.48e+09),
           (-0.857, -2.10e+09),
           (-0.854, -2.74e+09),
           (-0.851, -2.59e+09),
           (-0.847, -3.15e+09),
           (-0.844, -1.26e+09),
           (-0.840, -1.11e+09),
           (-0.837, -1.31e+09),
           (-0.834, -1.31e+09),
           (-0.830, -3.40e+09),
           (-0.827, -3.45e+09),
           (-0.824, -2.05e+09),
           (-0.820, -1.75e+09),
           (-0.817, -2.52e+09),
           (-0.813, -2.63e+09),
           (-0.810, -3.36e+09),
           (-0.807, -3.66e+09),
           (-0.800, -2.28e+09),
           (-0.793, -4.44e+09),
           (-0.790, -3.12e+09),
           (-0.786, -3.75e+09),
           (-0.783, -2.58e+09),
           (-0.780, -3.41e+09),
           (-0.776, -1.09e+09),
           (-0.773, -3.50e+09),
           (-0.770, -3.77e+09),
           (-0.766, -2.20e+09),
           (-0.763, -3.84e+09),
           (-0.759, -1.77e+09),
           (-0.756, -2.60e+09),
           (-0.746, -3.22e+09),
           (-0.743, -4.57e+09),
           (-0.739, -4.52e+09),
           (-0.736, -2.71e+09),
           (-0.732, -2.13e+09),
           (-0.729, -1.72e+08),
           (-0.726, -2.44e+09),
           (-0.722, -2.22e+09),
           (-0.719, -2.48e+09),
           (-0.716, -2.07e+09),
           (-0.712, -1.30e+09),
           (-0.709, -2.36e+09),
           (-0.705, -8.48e+08),
           (-0.702, -2.16e+09),
           (-0.699, -1.79e+09),
           (-0.695,  4.00e+08),
           (-0.692, -2.14e+09),
           (-0.689, -2.34e+09),
           (-0.685, -3.34e+09),
           (-0.682, -1.35e+09),
           (-0.678, -1.15e+09),
           (-0.675, -1.83e+09),
           (-0.672, -4.03e+09),
           (-0.668, -3.69e+09),
           (-0.665, -6.61e+08),
           (-0.662, -3.41e+09),
           (-0.658, -2.62e+09),
           (-0.655, -2.81e+09),
           (-0.651, -1.44e+09),
           (-0.648, -8.79e+08),
           (-0.645, -2.99e+09),
           (-0.641, -3.29e+09),
           (-0.638, -2.29e+09),
           (-0.635, -1.90e+09),
           (-0.631, -3.73e+09),
           (-0.628, -3.15e+08),
           (-0.624, -2.55e+09),
           (-0.621, -2.90e+09),
           (-0.618, -2.43e+09),
           (-0.614, -1.48e+09),
           (-0.611, -2.83e+09),
           (-0.608, -2.45e+09),
           (-0.604, -4.11e+09),
           (-0.601, -3.22e+09),
           (-0.597,  2.03e+07),
           (-0.591, -3.72e+09),
           (-0.584, -3.15e+09),
           (-0.581, -4.26e+09),
           (-0.577, -3.43e+09),
           (-0.574, -1.54e+09),
           (-0.570, -3.24e+09),
           (-0.564, -3.54e+09),
           (-0.560, -3.43e+09),
           (-0.557, -2.82e+09),
           (-0.550, -3.63e+09),
           (-0.547, -2.10e+09),
           (-0.543, -2.84e+09),
           (-0.540, -1.70e+09),
           (-0.537, -1.97e+09),
           (-0.533, -3.05e+09),
           (-0.530, -1.66e+09),
           (-0.523, -4.54e+09),
           (-0.516, -1.54e+09),
           (-0.513, -1.55e+09),
           (-0.510, -1.64e+09),
           (-0.506, -1.82e+09),
           (-0.503, -2.13e+09),
           (-0.500, -2.75e+09),
           (-0.496, -1.80e+09),
           (-0.493, -1.70e+09),
           (-0.489, -2.74e+09),
           (-0.486, -2.39e+09),
           (-0.479, -3.01e+09),
           (-0.476, -3.13e+09),
           (-0.469, -6.98e+08),
           (-0.466, -1.99e+09),
           (-0.462, -1.10e+09),
           (-0.459, -1.18e+09),
           (-0.456, -3.87e+09),
           (-0.452, -3.96e+09),
           (-0.449, -3.22e+09),
           (-0.446, -4.03e+09),
           (-0.442, -1.89e+09),
           (-0.439, -2.15e+09),
           (-0.435, -3.18e+09),
           (-0.432, -2.20e+09),
           (-0.429, -2.17e+09),
           (-0.425, -3.35e+09),
           (-0.422, -1.22e+09),
           (-0.415, -3.88e+09),
           (-0.412, -3.85e+09),
           (-0.408, -2.75e+09),
           (-0.405, -3.13e+09),
           (-0.402, -1.13e+09),
           (-0.395, -3.50e+09),
           (-0.392, -2.68e+09),
           (-0.388, -3.87e+09),
           (-0.385, -1.71e+09),
           (-0.381, -1.28e+09),
           (-0.378, -4.57e+08),
           (-0.371, -2.36e+09),
           (-0.368, -6.25e+08),
           (-0.365, -1.92e+09),
           (-0.361, -1.51e+09),
           (-0.358, -1.64e+09),
           (-0.354, -2.84e+09),
           (-0.351, -1.24e+09),
           (-0.348, -4.12e+09),
           (-0.344, -5.10e+09),
           (-0.338, -1.64e+09),
           (-0.334, -1.22e+09),
           (-0.331, -2.09e+09),
           (-0.327, -2.14e+09),
           (-0.324, -2.25e+09),
           (-0.321,  6.01e+07),
           (-0.317, -3.29e+09),
           (-0.314, -3.86e+09),
           (-0.311, -2.08e+09),
           (-0.307, -1.79e+09),
           (-0.304, -2.99e+08),
           (-0.300, -3.46e+09),
           (-0.297, -3.09e+09),
           (-0.294, -4.19e+09),
           (-0.287, -2.21e+09),
           (-0.284, -2.87e+09),
           (-0.280, -2.45e+09),
           (-0.277, -4.36e+09),
           (-0.270, -3.01e+08),
           (-0.263, -7.71e+08),
           (-0.260, -3.04e+09),
           (-0.257, -1.07e+09),
           (-0.253, -1.41e+09),
           (-0.250, -2.98e+09),
           (-0.246, -2.98e+09),
           (-0.243, -2.80e+09),
           (-0.236, -4.53e+09),
           (-0.230, -2.03e+09),
           (-0.226, -2.15e+09),
           (-0.223, -2.49e+09),
           (-0.219, -3.52e+09),
           (-0.213, -1.84e+08),
           (-0.209, -2.18e+09),
           (-0.206, -2.29e+09),
           (-0.203, -3.20e+08),
           (-0.196, -3.50e+09),
           (-0.192, -3.51e+09),
           (-0.189, -2.28e+09),
           (-0.186, -3.77e+09),
           (-0.182, -1.73e+09),
           (-0.179, -1.93e+09),
           (-0.176, -1.24e+09),
           (-0.172, -1.39e+09),
           (-0.169, -6.78e+08),
           (-0.165, -2.92e+09),
           (-0.162, -2.52e+08),
           (-0.159,  2.08e+08),
           (-0.155, -2.53e+09),
           (-0.152, -3.61e+09),
           (-0.149, -3.50e+09),
           (-0.142, -1.05e+09),
           (-0.138, -2.53e+09),
           (-0.135, -2.39e+09),
           (-0.132, -1.28e+09),
           (-0.128, -3.86e+09),
           (-0.125, -2.47e+09),
           (-0.122, -1.97e+09),
           (-0.118, -2.23e+09),
           (-0.115, -2.04e+09),
           (-0.108, -4.04e+09),
           (-0.105, -3.58e+09),
           (-0.101, -3.58e+09),
           (-0.098, -3.49e+09),
           (-0.095, -3.55e+09),
           (-0.091, -2.32e+09),
           (-0.088, -2.34e+09),
           (-0.084, -2.56e+09),
           (-0.081, -2.58e+09),
           (-0.078, -1.19e+09),
           (-0.074, -1.05e+09),
           (-0.071,  5.14e+08),
           (-0.068, -9.07e+07),
           (-0.064, -1.05e+09),
           (-0.061, -5.04e+08),
           (-0.057, -6.37e+08),
           (-0.054, -5.20e+08),
           (-0.051, -4.36e+07),
           (-0.047, -1.00e+08),
           (-0.044, -2.23e+07),
           (-0.041, -1.66e+09),
           (-0.037, -1.04e+09),
           (-0.034,  1.46e+09),
           (-0.030, -6.64e+08),
           (-0.027,  2.28e+09),
           (-0.020,  1.25e+09),
           (-0.017,  2.38e+09),
           (-0.014,  1.69e+09),
           (-0.010,  2.59e+09),
           (-0.007,  4.60e+09),
           (-0.003,  5.03e+09),
           (-0.000,  4.61e+09),
           ( 0.003,  6.93e+09),
           ( 0.010,  5.52e+09),
           ( 0.013,  7.25e+09),
           ( 0.017,  3.84e+09),
           ( 0.020,  3.70e+09),
           ( 0.024,  5.91e+09),
           ( 0.027,  3.49e+09),
           ( 0.030,  3.12e+09),
           ( 0.034,  4.20e+09),
           ( 0.037,  7.02e+07),
           ( 0.040,  1.70e+09),
           ( 0.044,  1.39e+09),
           ( 0.051,  2.80e+09),
           ( 0.054,  5.04e+09),
           ( 0.057,  4.44e+09),
           ( 0.061,  4.92e+09),
           ( 0.064,  5.07e+09),
           ( 0.067,  3.08e+09),
           ( 0.071,  5.41e+09),
           ( 0.074,  5.47e+09),
           ( 0.078,  5.10e+09),
           ( 0.081,  3.64e+09),
           ( 0.084,  6.09e+09),
           ( 0.088,  4.78e+09),
           ( 0.091,  6.31e+09),
           ( 0.094,  5.86e+09),
           ( 0.098,  4.16e+09),
           ( 0.101,  5.93e+09),
           ( 0.105,  9.08e+09),
           ( 0.108,  5.41e+09),
           ( 0.111,  5.73e+09),
           ( 0.115,  5.75e+09),
           ( 0.118,  8.28e+09),
           ( 0.128,  3.91e+09),
           ( 0.135,  4.71e+09),
           ( 0.138,  6.22e+09),
           ( 0.142,  5.72e+09),
           ( 0.145,  5.50e+09),
           ( 0.148,  5.72e+09),
           ( 0.152,  3.42e+09),
           ( 0.155,  3.44e+09),
           ( 0.165,  5.04e+09),
           ( 0.169,  4.32e+09),
           ( 0.172,  5.25e+09),
           ( 0.175,  5.33e+09),
           ( 0.179,  6.28e+09),
           ( 0.182,  4.25e+09),
           ( 0.186,  6.30e+09),
           ( 0.189,  6.21e+09),
           ( 0.192,  1.82e+09),
           ( 0.196,  3.96e+09),
           ( 0.202,  1.29e+09),
           ( 0.206,  1.78e+09),
           ( 0.209,  5.73e+09),
           ( 0.213,  6.09e+09),
           ( 0.216,  2.17e+09),
           ( 0.219,  4.99e+09),
           ( 0.226,  3.39e+09),
           ( 0.229,  6.06e+09),
           ( 0.236,  4.07e+09),
           ( 0.240,  4.42e+09),
           ( 0.243,  3.92e+09),
           ( 0.250,  6.64e+09),
           ( 0.253,  6.59e+09),
           ( 0.256,  8.50e+09),
           ( 0.260,  5.97e+09),
           ( 0.273,  7.54e+09),
           ( 0.277,  7.02e+09),
           ( 0.280,  8.71e+09),
           ( 0.283,  5.07e+09),
           ( 0.287,  6.41e+09),
           ( 0.290,  6.64e+09),
           ( 0.294,  4.55e+09),
           ( 0.297,  3.94e+09),
           ( 0.300,  5.90e+09),
           ( 0.304,  6.33e+09),
           ( 0.310,  4.50e+09),
           ( 0.314,  2.42e+09),
           ( 0.317,  2.19e+09),
           ( 0.321,  3.35e+09),
           ( 0.324,  5.21e+09),
           ( 0.327,  2.74e+09),
           ( 0.331,  6.12e+09),
           ( 0.334,  3.95e+09),
           ( 0.337,  4.24e+09),
           ( 0.341,  3.80e+09),
           ( 0.344,  3.06e+09),
           ( 0.348,  3.33e+09),
           ( 0.351,  4.31e+09),
           ( 0.354,  3.20e+09),
           ( 0.358,  3.67e+09),
           ( 0.361,  3.79e+09),
           ( 0.364,  5.33e+09),
           ( 0.371,  2.98e+09),
           ( 0.375,  3.36e+09),
           ( 0.378,  4.50e+09),
           ( 0.385,  3.10e+09),
           ( 0.388,  4.99e+09),
           ( 0.391,  3.36e+09),
           ( 0.395,  5.33e+09),
           ( 0.398,  3.43e+09),
           ( 0.402,  3.94e+09),
           ( 0.405,  5.61e+09),
           ( 0.408,  4.25e+09),
           ( 0.412,  4.48e+09),
           ( 0.415,  7.00e+09),
           ( 0.422,  2.75e+09),
           ( 0.429,  2.36e+09),
           ( 0.435,  5.16e+09),
           ( 0.439,  3.69e+09),
           ( 0.442,  5.03e+09),
           ( 0.445,  5.20e+09),
           ( 0.452,  1.04e+09),
           ( 0.456,  3.41e+09),
           ( 0.459,  3.23e+09),
           ( 0.462,  2.32e+09),
           ( 0.466,  4.06e+09),
           ( 0.469,  4.56e+09),
           ( 0.472,  2.36e+09),
           ( 0.476,  4.07e+09),
           ( 0.479,  3.74e+09),
           ( 0.483,  4.17e+09),
           ( 0.486,  3.61e+09),
           ( 0.489,  1.35e+09),
           ( 0.493,  3.45e+09),
           ( 0.496,  3.57e+09),
           ( 0.499,  4.71e+09),
           ( 0.503,  3.78e+09),
           ( 0.506,  3.85e+09),
           ( 0.510,  6.49e+09),
           ( 0.513,  5.64e+09),
           ( 0.520,  2.62e+09),
           ( 0.523,  2.44e+09),
           ( 0.526,  4.00e+09),
           ( 0.530,  4.74e+09),
           ( 0.533,  2.19e+09),
           ( 0.537,  1.77e+09),
           ( 0.540,  5.36e+09),
           ( 0.543,  3.30e+09),
           ( 0.547,  2.77e+09),
           ( 0.550,  4.22e+09),
           ( 0.553,  1.82e+09),
           ( 0.557,  2.11e+09),
           ( 0.560,  3.95e+09),
           ( 0.564,  7.25e+08),
           ( 0.574,  2.46e+09),
           ( 0.577,  1.42e+09),
           ( 0.580,  2.91e+09),
           ( 0.584,  5.23e+09),
           ( 0.587,  3.08e+09),
           ( 0.591,  2.22e+09),
           ( 0.594,  4.66e+09),
           ( 0.597,  5.45e+09),
           ( 0.601,  1.59e+09),
           ( 0.604,  2.08e+09),
           ( 0.607,  3.75e+09),
           ( 0.611,  4.08e+09),
           ( 0.618,  2.09e+09),
           ( 0.621,  3.67e+09),
           ( 0.624,  4.10e+09),
           ( 0.628,  5.36e+09),
           ( 0.631,  1.86e+09),
           ( 0.634,  4.69e+09),
           ( 0.641,  4.26e+09),
           ( 0.645,  3.52e+09),
           ( 0.648,  1.47e+09),
           ( 0.658,  2.39e+09),
           ( 0.661,  3.25e+09),
           ( 0.665,  7.89e+08),
           ( 0.668,  1.48e+09),
           ( 0.675,  5.99e+09),
           ( 0.678,  4.68e+09),
           ( 0.682,  5.75e+08),
           ( 0.685,  3.57e+09),
           ( 0.688,  2.91e+09),
           ( 0.692,  3.44e+09),
           ( 0.695,  1.15e+09),
           ( 0.699,  3.22e+09),
           ( 0.702,  1.93e+09),
           ( 0.705,  1.51e+09),
           ( 0.709,  3.55e+09),
           ( 0.712,  3.57e+09),
           ( 0.715,  3.95e+09),
           ( 0.719,  3.18e+09),
           ( 0.722,  3.22e+09),
           ( 0.726,  2.56e+09),
           ( 0.729,  3.41e+09),
           ( 0.732,  2.36e+09),
           ( 0.739,  4.23e+09),
           ( 0.742,  4.42e+09),
           ( 0.746,  4.37e+09),
           ( 0.749,  2.73e+09),
           ( 0.753,  2.98e+09),
           ( 0.756,  3.06e+09),
           ( 0.759,  3.43e+09),
           ( 0.763,  4.62e+09),
           ( 0.766,  3.90e+09),
           ( 0.769,  4.67e+09),
           ( 0.773,  2.45e+09),
           ( 0.776,  3.90e+09),
           ( 0.780,  4.57e+09),
           ( 0.786,  2.58e+09),
           ( 0.790,  4.22e+09),
           ( 0.793,  3.46e+09),
           ( 0.796,  5.96e+09),
           ( 0.800,  5.89e+09),
           ( 0.803,  6.23e+09),
           ( 0.807,  5.39e+09),
           ( 0.810,  5.96e+09),
           ( 0.820,  4.23e+09),
           ( 0.823,  4.98e+09),
           ( 0.830,  3.30e+09),
           ( 0.834,  4.94e+09),
           ( 0.837,  4.40e+09),
           ( 0.840,  7.27e+09),
           ( 0.844,  6.61e+09),
           ( 0.850,  8.06e+09),
           ( 0.854,  7.48e+09),
           ( 0.857,  4.97e+09),
           ( 0.864,  8.37e+09),
           ( 0.867,  8.45e+09),
           ( 0.871,  8.31e+09),
           ( 0.874,  9.69e+09),
           ( 0.877,  6.73e+09),
           ( 0.881,  8.74e+09),
           ( 0.884,  9.39e+09),
           ( 0.888,  6.45e+09),
           ( 0.894,  1.14e+10),
           ( 0.898,  1.08e+10),
           ( 0.908,  1.30e+10),
           ( 0.911,  1.42e+10),
           ( 0.915,  1.35e+10),
           ( 0.918,  1.55e+10),
           ( 0.921,  1.40e+10),
           ( 0.925,  1.43e+10),
           ( 0.928,  1.61e+10),
           ( 0.935,  1.26e+10),
           ( 0.938,  1.43e+10),
           ( 0.942,  1.40e+10),
           ( 0.945,  1.74e+10),
           ( 0.948,  1.87e+10),
           ( 0.952,  1.81e+10),
           ( 0.955,  1.80e+10),
           ( 0.958,  1.75e+10),
           ( 0.965,  2.29e+10),
           ( 0.969,  2.02e+10),
           ( 0.972,  2.03e+10),
           ( 0.975,  2.09e+10),
           ( 0.979,  1.89e+10),
           ( 0.982,  1.84e+10),
           ( 0.985,  2.02e+10),
           ( 0.989,  2.02e+10),
           ( 0.992,  2.02e+10),
           ( 0.996,  2.10e+10),
           ( 0.999,  2.33e+10),
           ( 1.002,  2.08e+10),
           ( 1.006,  2.16e+10),
           ( 1.009,  2.18e+10),
           ( 1.012,  2.12e+10),
           ( 1.016,  2.01e+10),
           ( 1.019,  1.99e+10),
           ( 1.023,  2.14e+10),
           ( 1.026,  2.18e+10),
           ( 1.029,  1.96e+10),
           ( 1.033,  2.07e+10),
           ( 1.036,  2.00e+10),
           ( 1.043,  2.15e+10),
           ( 1.050,  1.92e+10),
           ( 1.056,  2.02e+10),
           ( 1.063,  1.74e+10),
           ( 1.066,  1.84e+10),
           ( 1.070,  1.83e+10),
           ( 1.073,  1.77e+10),
           ( 1.077,  1.95e+10),
           ( 1.080,  1.69e+10),
           ( 1.083,  1.90e+10),
           ( 1.090,  1.50e+10),
           ( 1.097,  1.68e+10),
           ( 1.100,  1.67e+10),
           ( 1.107,  2.15e+10),
           ( 1.114,  1.57e+10),
           ( 1.117,  1.86e+10),
           ( 1.120,  1.62e+10),
           ( 1.124,  1.71e+10),
           ( 1.127,  1.44e+10),
           ( 1.131,  1.39e+10),
           ( 1.134,  1.62e+10),
           ( 1.137,  1.65e+10),
           ( 1.141,  1.45e+10),
           ( 1.144,  1.47e+10),
           ( 1.147,  1.51e+10),
           ( 1.151,  1.44e+10),
           ( 1.154,  1.52e+10),
           ( 1.164,  1.28e+10),
           ( 1.168,  1.36e+10),
           ( 1.171,  1.48e+10),
           ( 1.178,  1.30e+10),
           ( 1.181,  1.36e+10),
           ( 1.185,  1.17e+10),
           ( 1.188,  1.28e+10),
           ( 1.191,  1.51e+10),
           ( 1.195,  1.36e+10),
           ( 1.198,  1.34e+10),
           ( 1.201,  1.24e+10),
           ( 1.205,  1.21e+10),
           ( 1.208,  1.20e+10),
           ( 1.212,  1.08e+10),
           ( 1.215,  1.25e+10),
           ( 1.218,  9.61e+09),
           ( 1.222,  1.32e+10),
           ( 1.225,  1.03e+10),
           ( 1.232,  1.26e+10),
           ( 1.235,  1.24e+10),
           ( 1.239,  1.10e+10),
           ( 1.242,  1.26e+10),
           ( 1.245,  1.32e+10),
           ( 1.249,  1.07e+10),
           ( 1.252,  1.17e+10),
           ( 1.255,  1.09e+10),
           ( 1.259,  1.06e+10),
           ( 1.262,  7.44e+09),
           ( 1.266,  1.01e+10),
           ( 1.269,  8.30e+09),
           ( 1.272,  1.05e+10),
           ( 1.276,  1.13e+10),
           ( 1.279,  1.04e+10),
           ( 1.282,  1.09e+10),
           ( 1.289,  9.42e+09),
           ( 1.293,  8.64e+09),
           ( 1.296,  1.06e+10),
           ( 1.299,  1.03e+10),
           ( 1.303,  1.02e+10),
           ( 1.306,  1.03e+10),
           ( 1.309,  1.10e+10),
           ( 1.313,  9.84e+09),
           ( 1.316,  1.24e+10),
           ( 1.320,  8.70e+09),
           ( 1.323,  8.65e+09),
           ( 1.333,  9.69e+09),
           ( 1.336,  7.19e+09),
           ( 1.340,  7.76e+09),
           ( 1.343,  7.84e+09),
           ( 1.347,  8.58e+09),
           ( 1.350,  6.71e+09),
           ( 1.357,  7.04e+09),
           ( 1.360,  7.54e+09),
           ( 1.363,  9.09e+09),
           ( 1.370,  1.04e+10),
           ( 1.374,  8.54e+09),
           ( 1.377,  8.59e+09),
           ( 1.380,  9.94e+09),
           ( 1.384,  1.05e+10),
           ( 1.387,  9.36e+09),
           ( 1.390,  9.38e+09),
           ( 1.394,  1.08e+10),
           ( 1.397,  1.10e+10),
           ( 1.401,  1.02e+10),
           ( 1.404,  1.01e+10),
           ( 1.407,  1.08e+10),
           ( 1.411,  9.90e+09),
           ( 1.414,  1.12e+10),
           ( 1.417,  9.61e+09),
           ( 1.421,  1.04e+10),
           ( 1.424,  9.79e+09),
           ( 1.428,  1.04e+10),
           ( 1.431,  1.15e+10),
           ( 1.434,  1.10e+10),
           ( 1.441,  8.53e+09),
           ( 1.444,  8.05e+09),
           ( 1.448,  1.06e+10),
           ( 1.451,  1.08e+10),
           ( 1.455,  8.92e+09),
           ( 1.461,  1.13e+10),
           ( 1.468,  8.71e+09),
           ( 1.471,  1.16e+10),
           ( 1.475,  1.13e+10),
           ( 1.478,  1.01e+10),
           ( 1.482,  8.04e+09),
           ( 1.485,  8.52e+09),
           ( 1.492,  1.18e+10),
           ( 1.495,  9.89e+09),
           ( 1.498,  1.09e+10),
           ( 1.502,  1.00e+10),
           ( 1.505,  8.06e+09),
           ( 1.512,  1.17e+10),
           ( 1.515,  1.16e+10),
           ( 1.519,  1.02e+10),
           ( 1.522,  1.08e+10),
           ( 1.525,  1.02e+10),
           ( 1.529,  1.11e+10),
           ( 1.532,  1.14e+10),
           ( 1.536,  1.10e+10),
           ( 1.539,  1.18e+10),
           ( 1.542,  1.16e+10),
           ( 1.549,  9.94e+09),
           ( 1.552,  1.03e+10),
           ( 1.556,  1.04e+10),
           ( 1.559,  1.03e+10),
           ( 1.563,  1.04e+10),
           ( 1.566,  1.13e+10),
           ( 1.569,  8.89e+09),
           ( 1.573,  9.69e+09),
           ( 1.576,  1.14e+10),
           ( 1.586,  8.98e+09),
           ( 1.593,  9.48e+09),
           ( 1.596,  7.78e+09),
           ( 1.603,  1.10e+10),
           ( 1.606,  1.08e+10),
           ( 1.610,  8.69e+09),
           ( 1.613,  1.09e+10),
           ( 1.617,  1.11e+10),
           ( 1.620,  8.85e+09),
           ( 1.623,  8.42e+09),
           ( 1.630,  1.15e+10),
           ( 1.633,  1.08e+10),
           ( 1.637,  1.13e+10),
           ( 1.640,  9.38e+09),
           ( 1.644,  9.24e+09),
           ( 1.647,  1.01e+10),
           ( 1.650,  9.23e+09),
           ( 1.654,  9.24e+09),
           ( 1.657,  9.62e+09),
           ( 1.660,  8.14e+09),
           ( 1.664,  9.38e+09),
           ( 1.667,  8.92e+09),
           ( 1.671,  1.04e+10),
           ( 1.674,  7.82e+09),
           ( 1.677,  9.46e+09),
           ( 1.681,  9.66e+09),
           ( 1.684,  9.22e+09),
           ( 1.687,  7.56e+09),
           ( 1.691,  7.86e+09),
           ( 1.694,  7.53e+09),
           ( 1.698,  8.99e+09),
           ( 1.701,  9.48e+09),
           ( 1.704,  8.65e+09),
           ( 1.708,  9.12e+09),
           ( 1.711,  9.84e+09),
           ( 1.714,  8.37e+09),
           ( 1.718,  7.99e+09),
           ( 1.721,  8.45e+09),
           ( 1.725,  6.96e+09),
           ( 1.728,  8.54e+09),
           ( 1.735,  7.98e+09),
           ( 1.738,  8.31e+09),
           ( 1.741,  6.17e+09),
           ( 1.745,  6.79e+09),
           ( 1.748,  6.06e+09),
           ( 1.752,  7.75e+09),
           ( 1.755,  6.65e+09),
           ( 1.758,  4.95e+09),
           ( 1.762,  6.90e+09),
           ( 1.765,  7.13e+09),
           ( 1.768,  8.47e+09),
           ( 1.772,  7.69e+09),
           ( 1.775,  5.78e+09),
           ( 1.779,  7.15e+09),
           ( 1.782,  5.57e+09),
           ( 1.785,  5.81e+09),
           ( 1.789,  5.69e+09),
           ( 1.792,  6.18e+09),
           ( 1.795,  5.30e+09),
           ( 1.799,  6.98e+09),
           ( 1.802,  6.93e+09),
           ( 1.806,  6.41e+09),
           ( 1.809,  4.70e+09),
           ( 1.812,  6.59e+09),
           ( 1.819,  6.11e+09),
           ( 1.826,  7.11e+09),
           ( 1.829,  5.81e+09),
           ( 1.833,  3.76e+09),
           ( 1.836,  4.52e+09),
           ( 1.839,  6.39e+09),
           ( 1.843,  4.29e+09),
           ( 1.846,  7.35e+09),
           ( 1.853,  5.06e+09),
           ( 1.856,  5.23e+09),
           ( 1.860,  3.73e+09),
           ( 1.863,  5.07e+09),
           ( 1.866,  5.31e+09),
           ( 1.870,  3.30e+09),
           ( 1.873,  6.26e+09),
           ( 1.876,  6.18e+09),
           ( 1.880,  4.83e+09),
           ( 1.883,  6.56e+09),
           ( 1.887,  6.23e+09),
           ( 1.890,  5.70e+09),
           ( 1.893,  6.65e+09),
           ( 1.897,  5.70e+09),
           ( 1.900,  6.55e+09),
           ( 1.903,  4.31e+09),
           ( 1.907,  4.70e+09),
           ( 1.910,  6.19e+09),
           ( 1.914,  5.03e+09),
           ( 1.917,  4.60e+09),
           ( 1.924,  7.21e+09),
           ( 1.930,  3.49e+09),
           ( 1.934,  3.71e+09),
           ( 1.937,  5.09e+09),
           ( 1.941,  4.37e+09),
           ( 1.947,  5.47e+09),
           ( 1.951,  4.28e+09),
           ( 1.954,  4.97e+09),
           ( 1.957,  6.46e+09),
           ( 1.961,  3.85e+09),
           ( 1.964,  4.11e+09),
           ( 1.968,  3.13e+09),
           ( 1.971,  5.22e+09),
           ( 1.974,  2.75e+09),
           ( 1.978,  1.63e+09),
           ( 1.981,  5.08e+09),
           ( 1.984,  6.58e+09),
           ( 1.988,  3.21e+09),
           ( 1.995,  5.63e+09),
           ( 1.998,  5.35e+09),
           ( 2.001,  6.90e+09),
           ( 2.011,  1.50e+09),
           ( 2.015,  2.81e+09),
           ( 2.018,  2.72e+09),
           ( 2.022,  3.93e+09),
           ( 2.025,  2.86e+09),
           ( 2.028,  4.36e+09),
           ( 2.032,  4.34e+09),
           ( 2.035,  3.57e+09),
           ( 2.042,  5.26e+09),
           ( 2.045,  3.96e+09),
           ( 2.049,  3.81e+09),
           ( 2.055,  6.02e+09),
           ( 2.059,  2.93e+09),
           ( 2.062,  3.58e+09),
           ( 2.065,  6.34e+09),
           ( 2.069,  4.37e+09),
           ( 2.072,  4.11e+09),
           ( 2.079,  1.81e+09),
           ( 2.082,  3.33e+09),
           ( 2.086,  3.02e+09),
           ( 2.089,  3.18e+09),
           ( 2.092,  4.59e+09),
           ( 2.096,  2.46e+09),
           ( 2.099,  4.14e+09),
           ( 2.103,  4.69e+09),
           ( 2.109,  2.48e+09),
           ( 2.113,  3.43e+09),
           ( 2.116,  2.90e+09),
           ( 2.119,  3.91e+09),
           ( 2.123,  1.48e+09),
           ( 2.130,  3.35e+09),
           ( 2.136,  5.10e+09),
           ( 2.140,  2.61e+09),
           ( 2.143,  2.48e+09),
           ( 2.146,  2.54e+09),
           ( 2.150,  4.31e+09),
           ( 2.153,  3.63e+09),
           ( 2.157,  1.97e+09),
           ( 2.160,  3.37e+09),
           ( 2.163,  3.47e+09),
           ( 2.167,  2.75e+09),
           ( 2.170,  4.29e+09),
           ( 2.173,  1.52e+09),
           ( 2.177,  4.06e+09),
           ( 2.180,  4.04e+09),
           ( 2.184,  2.63e+09),
           ( 2.187,  3.08e+09),
           ( 2.190,  6.23e+09),
           ( 2.197,  3.26e+09),
           ( 2.204,  4.35e+09),
           ( 2.207,  2.12e+09),
           ( 2.211,  2.93e+09),
           ( 2.214,  2.98e+09),
           ( 2.217,  3.57e+09),
           ( 2.221,  3.75e+09),
           ( 2.224,  1.84e+09),
           ( 2.227,  3.00e+09),
           ( 2.231,  2.81e+09),
           ( 2.234,  2.35e+09),
           ( 2.238,  2.30e+09),
           ( 2.244,  8.62e+08),
           ( 2.248,  4.33e+09),
           ( 2.254,  1.68e+09),
           ( 2.258,  2.69e+09),
           ( 2.261,  2.48e+09),
           ( 2.265,  2.65e+09),
           ( 2.271,  3.33e+09),
           ( 2.275,  1.85e+09),
           ( 2.278,  2.76e+09),
           ( 2.281,  2.06e+09),
           ( 2.285,  2.91e+09),
           ( 2.288,  3.15e+09),
           ( 2.292,  4.38e+09),
           ( 2.298,  2.51e+09),
           ( 2.302,  1.90e+09),
           ( 2.305,  4.65e+09),
           ( 2.308,  3.08e+09),
           ( 2.315,  3.37e+09),
           ( 2.322,  2.62e+09),
           ( 2.325,  3.34e+09),
           ( 2.329,  2.56e+09),
           ( 2.332,  4.06e+09),
           ( 2.335,  3.99e+09),
           ( 2.339,  1.11e+09),
           ( 2.342,  4.00e+09),
           ( 2.346,  5.32e+09),
           ( 2.352,  2.11e+09),
           ( 2.356,  1.89e+09),
           ( 2.362,  3.24e+09),
           ( 2.366,  2.10e+09),
           ( 2.373,  3.43e+09),
           ( 2.376,  2.77e+09),
           ( 2.379,  3.51e+09),
           ( 2.383,  4.70e+09),
           ( 2.386,  3.40e+09),
           ( 2.389,  3.34e+09),
           ( 2.393,  3.35e+09),
           ( 2.400,  2.55e+09),
           ( 2.403,  1.66e+09),
           ( 2.410,  4.22e+09),
           ( 2.416,  3.15e+09),
           ( 2.420,  3.13e+09),
           ( 2.423, -2.47e+08),
           ( 2.430,  2.80e+09),
           ( 2.433,  1.83e+09),
           ( 2.437,  1.92e+09),
           ( 2.440,  1.44e+09),
           ( 2.443,  3.54e+09),
           ( 2.447,  3.08e+09),
           ( 2.450,  1.83e+09),
           ( 2.457,  4.66e+09),
           ( 2.460,  1.45e+09),
           ( 2.464,  2.56e+09),
           ( 2.467,  2.43e+09),
           ( 2.470,  2.48e+09),
           ( 2.474,  2.99e+09),
           ( 2.477,  2.81e+09),
           ( 2.481,  4.23e+09),
           ( 2.484,  2.56e+09),
           ( 2.487,  2.09e+09),
           ( 2.491,  2.99e+09),
           ( 2.494,  5.34e+09),
           ( 2.497,  5.76e+09),
           ( 2.501,  6.54e+09),
           ( 2.504,  5.74e+09),
           ( 2.514,  5.20e+09),
           ( 2.518,  5.53e+09),
           ( 2.521,  5.58e+09),
           ( 2.524,  4.49e+09),
           ( 2.528,  1.16e+09),
           ( 2.531,  4.71e+09),
           ( 2.535,  4.70e+09),
           ( 2.545,  3.18e+09),
           ( 2.548,  3.36e+09),
           ( 2.555,  2.05e+09),
           ( 2.562,  3.46e+09),
           ( 2.565,  3.56e+09),
           ( 2.568,  2.45e+09),
           ( 2.572,  4.09e+09),
           ( 2.575,  3.88e+09),
           ( 2.578,  4.42e+09),
           ( 2.582,  3.39e+09),
           ( 2.585,  3.27e+09),
           ( 2.589,  3.24e+09),
           ( 2.592,  2.35e+09),
           ( 2.595,  3.13e+09),
           ( 2.599,  2.50e+09),
           ( 2.602,  4.94e+09),
           ( 2.605,  3.61e+09),
           ( 2.609,  3.12e+09),
           ( 2.612,  3.12e+09),
           ( 2.616,  4.41e+09),
           ( 2.619,  3.50e+09),
           ( 2.622,  3.62e+09),
           ( 2.626,  3.00e+09),
           ( 2.629,  4.94e+09),
           ( 2.632,  3.84e+09),
           ( 2.636,  4.11e+09),
           ( 2.639,  3.74e+09),
           ( 2.643,  3.93e+09),
           ( 2.646,  3.37e+09),
           ( 2.649,  1.88e+09),
           ( 2.653,  4.31e+09),
           ( 2.656,  2.34e+09),
           ( 2.659,  2.39e+09),
           ( 2.663,  2.00e+09),
           ( 2.666,  2.20e+09),
           ( 2.670,  2.17e+09),
           ( 2.673,  1.74e+09),
           ( 2.676,  1.77e+09),
           ( 2.680,  1.28e+09),
           ( 2.686,  2.51e+09),
           ( 2.690,  1.13e+09),
           ( 2.693,  5.29e+08),
           ( 2.697,  3.25e+08),
           ( 2.700,  2.08e+09),
           ( 2.703,  1.35e+09),
           ( 2.707,  1.74e+09),
           ( 2.710, -2.80e+09),
           ( 2.713,  2.01e+09),
           ( 2.717,  1.94e+09),
           ( 2.720,  3.10e+09),
           ( 2.724,  2.52e+09),
           ( 2.727,  3.83e+09),
           ( 2.730,  2.15e+09),
           ( 2.737,  6.28e+08),
           ( 2.740,  2.39e+09),
           ( 2.744,  2.99e+09),
           ( 2.747,  2.83e+09),
           ( 2.751,  2.09e+09),
           ( 2.754,  2.36e+08),
           ( 2.757,  2.47e+07),
           ( 2.761,  6.67e+08),
           ( 2.767,  2.89e+09),
           ( 2.774,  2.06e+09),
           ( 2.778,  2.28e+09),
           ( 2.781,  2.30e+09),
           ( 2.784, -3.08e+08),
           ( 2.788,  7.90e+08),
           ( 2.791,  6.68e+08),
           ( 2.794,  2.47e+09),
           ( 2.798,  1.86e+09),
           ( 2.801, -5.88e+08),
           ( 2.805, -2.02e+08),
           ( 2.808,  4.11e+08),
           ( 2.811,  3.11e+08),
           ( 2.815,  1.77e+09),
           ( 2.818,  2.03e+09),
           ( 2.825,  1.36e+09),
           ( 2.828,  1.05e+09),
           ( 2.832,  3.47e+09),
           ( 2.835,  1.34e+09),
           ( 2.838,  1.60e+09),
           ( 2.842,  1.42e+09),
           ( 2.845,  2.10e+09),
           ( 2.848,  1.28e+09),
           ( 2.852, -3.35e+08),
           ( 2.855,  1.70e+08),
           ( 2.859,  2.63e+09),
           ( 2.862,  2.29e+09),
           ( 2.865,  1.39e+08),
           ( 2.869,  6.79e+08),
           ( 2.872,  1.86e+09),
           ( 2.875,  7.03e+08),
           ( 2.879,  1.88e+09),
           ( 2.886,  4.58e+08),
           ( 2.889, -5.09e+08),
           ( 2.896,  2.14e+09),
           ( 2.899,  2.41e+09),
           ( 2.902,  2.01e+09),
           ( 2.906,  3.67e+09),
           ( 2.909,  3.16e+09),
           ( 2.913,  9.86e+08),
           ( 2.916,  2.66e+09),
           ( 2.919,  2.41e+09),
           ( 2.923,  2.50e+09),
           ( 2.926,  3.35e+09),
           ( 2.929,  3.76e+09),
           ( 2.933,  2.76e+09),
           ( 2.936,  2.70e+09),
           ( 2.940,  1.63e+09),
           ( 2.943,  2.22e+09),
           ( 2.946,  2.29e+09),
           ( 2.950,  3.00e+09),
           ( 2.953,  1.06e+09),
           ( 2.956,  2.78e+09),
           ( 2.960,  2.46e+09),
           ( 2.963,  1.53e+09),
           ( 2.967,  1.91e+09),
           ( 2.970,  3.35e+09),
           ( 2.973,  3.35e+09),
           ( 2.977,  3.36e+08),
           ( 2.983,  5.05e+09),
           ( 2.987,  3.17e+09),
           ( 2.994,  1.83e+09),
           ( 2.997,  2.92e+09),
           ( 3.000,  2.40e+09),
           ( 3.007,  3.26e+09),
           ( 3.011,  2.46e+09),
           ( 3.014,  1.25e+09),
           ( 3.017,  2.48e+09),
           ( 3.021,  2.97e+09),
           ( 3.024,  1.91e+09),
           ( 3.027,  1.97e+09),
           ( 3.034,  7.50e+08),
           ( 3.038,  1.64e+09),
           ( 3.041,  1.29e+09),
           ( 3.044, -2.90e+08),
           ( 3.048,  2.54e+09),
           ( 3.054,  2.04e+09),
           ( 3.058,  1.13e+09),
           ( 3.061,  2.71e+09),
           ( 3.065,  1.26e+09),
           ( 3.071,  1.70e+09),
           ( 3.075,  2.38e+09),
           ( 3.081,  1.15e+09),
           ( 3.085,  2.71e+09),
           ( 3.088,  3.08e+09),
           ( 3.092,  1.84e+09),
           ( 3.095,  1.72e+09),
           ( 3.102,  2.44e+09),
           ( 3.105,  9.96e+08),
           ( 3.108,  1.69e+09),
           ( 3.112, -1.04e+09),
           ( 3.115,  1.89e+09),
           ( 3.119,  2.86e+09),
           ( 3.122,  2.99e+09),
           ( 3.125,  3.61e+09),
           ( 3.132,  1.42e+09),
           ( 3.135,  3.15e+09),
           ( 3.139,  6.64e+08),
           ( 3.142,  3.88e+09),
           ( 3.149,  1.78e+09),
           ( 3.152,  2.03e+09),
           ( 3.156,  2.56e+09),
           ( 3.159,  1.95e+09),
           ( 3.162,  3.84e+08),
           ( 3.169,  2.11e+09),
           ( 3.173,  7.37e+08),
           ( 3.176,  1.18e+09),
           ( 3.179, -1.84e+08),
           ( 3.183,  1.20e+09),
           ( 3.186,  7.87e+08),
           ( 3.189, -3.57e+08),
           ( 3.193,  3.41e+05),
           ( 3.196,  1.23e+09),
           ( 3.200, -3.50e+08),
           ( 3.203,  1.66e+09),
           ( 3.206,  9.77e+08),
           ( 3.210, -1.18e+09),
           ( 3.213,  1.25e+09),
           ( 3.216, -1.63e+09),
           ( 3.220, -6.84e+08),
           ( 3.223, -1.98e+09),
           ( 3.227, -1.05e+09),
           ( 3.230, -1.79e+09),
           ( 3.233, -4.91e+08),
           ( 3.237, -1.00e+09),
           ( 3.240,  1.05e+08),
           ( 3.243,  1.86e+08),
           ( 3.250, -2.39e+08),
           ( 3.254, -2.23e+09),
           ( 3.260,  2.98e+08),
           ( 3.264,  5.80e+08),
           ( 3.267,  1.15e+09),
           ( 3.270,  1.36e+09),
           ( 3.274, -1.04e+09),
           ( 3.277,  2.20e+09),
           ( 3.284,  3.36e+08),
           ( 3.287,  2.21e+08),
           ( 3.291,  8.76e+08),
           ( 3.294,  1.91e+09),
           ( 3.297,  3.52e+08),
           ( 3.301, -2.65e+08),
           ( 3.304, -5.28e+08),
           ( 3.308,  9.99e+08),
           ( 3.311,  6.24e+08),
           ( 3.318, -1.03e+09),
           ( 3.321,  8.35e+08),
           ( 3.324,  8.88e+08),
           ( 3.328,  1.41e+09),
           ( 3.331,  1.26e+09),
           ( 3.335, -1.88e+08),
           ( 3.338,  1.29e+08),
           ( 3.341,  2.20e+09),
           ( 3.345, -5.03e+08),
           ( 3.348,  9.41e+08),
           ( 3.351,  1.22e+09),
           ( 3.355,  2.89e+08),
           ( 3.358,  1.89e+09),
           ( 3.362,  1.19e+09),
           ( 3.365,  1.19e+09),
           ( 3.368,  5.08e+08),
           ( 3.372,  2.86e+09),
           ( 3.375,  1.38e+09),
           ( 3.378, -1.43e+09),
           ( 3.382, -5.58e+08),
           ( 3.385, -2.08e+09),
           ( 3.389,  4.77e+08),
           ( 3.392,  5.27e+08),
           ( 3.395,  9.73e+08),
           ( 3.399,  2.11e+09),
           ( 3.402,  7.17e+08),
           ( 3.405,  5.28e+08),
           ( 3.409, -1.83e+08),
           ( 3.412,  1.07e+09),
           ( 3.416, -1.81e+08),
           ( 3.419,  1.43e+09),
           ( 3.422,  1.85e+09),
           ( 3.432, -3.65e+08),
           ( 3.436, -7.34e+08),
           ( 3.439,  2.07e+09),
           ( 3.443, -1.19e+09),
           ( 3.446, -8.29e+08),
           ( 3.449, -1.09e+09),
           ( 3.453, -2.02e+08),
           ( 3.456,  1.13e+09),
           ( 3.459,  1.47e+08),
           ( 3.463,  1.26e+09),
           ( 3.466,  1.29e+09),
           ( 3.470, -2.63e+08),
           ( 3.473,  8.66e+08),
           ( 3.476,  4.66e+08),
           ( 3.480,  2.29e+09),
           ( 3.486, -3.07e+08),
           ( 3.490,  3.13e+08),
           ( 3.493, -9.98e+08),
           ( 3.497, -2.84e+07),
           ( 3.500,  1.55e+09),
           ( 3.503,  1.84e+09),
           ( 3.507,  2.80e+08),
           ( 3.510, -2.81e+08),
           ( 3.513,  5.50e+07),
           ( 3.517,  5.35e+07),
           ( 3.520, -7.21e+08),
           ( 3.524,  5.70e+07),
           ( 3.527,  1.85e+09),
           ( 3.530,  1.37e+08),
           ( 3.534,  4.64e+08),
           ( 3.537,  6.08e+08),
           ( 3.540, -7.02e+08),
           ( 3.544,  9.37e+06),
           ( 3.547, -3.09e+09),
           ( 3.551, -8.70e+08),
           ( 3.554, -2.28e+09),
           ( 3.557, -1.59e+09),
           ( 3.561, -3.54e+09),
           ( 3.567, -4.58e+08),
           ( 3.571,  8.79e+07),
           ( 3.574, -2.54e+09),
           ( 3.578,  5.50e+08),
           ( 3.581,  8.27e+08),
           ( 3.584, -1.19e+09),
           ( 3.588,  1.04e+09),
           ( 3.591, -6.13e+08),
           ( 3.598,  1.61e+09),
           ( 3.598,  1.61e+09)]
