Bolide Detection Notification: 2017-296

At 15:31:22 UT on 23 Oct 2017, sensors aboard U. S. Government satellites recorded
the flash signature of a large meteoroid entry into the atmosphere. Location of the
flash was Lat 28.8 °N, Lon 44.6 °E.

Based upon the visible-light intensity-time signature, peak brightness of the flash
was determined to be approximately 7.64e+09 watts/steradian, and total radiated flash
energy 2.51e+10 joules (6000K blackbody model).

Columns: time, intensity (w/sr)
Intensity=[(-0.597, -5.00e+07),
           (-0.594, -1.17e+09),
           (-0.591, -1.92e+09),
           (-0.587,  1.87e+08),
           (-0.584, -7.36e+08),
           (-0.577,  1.45e+09),
           (-0.574, -1.53e+09),
           (-0.570,  9.23e+07),
           (-0.567,  1.14e+09),
           (-0.564,  1.21e+09),
           (-0.560, -3.35e+08),
           (-0.557, -4.08e+08),
           (-0.554,  7.56e+08),
           (-0.550, -9.46e+08),
           (-0.547,  1.61e+09),
           (-0.543,  2.85e+08),
           (-0.540, -5.48e+08),
           (-0.537,  3.56e+08),
           (-0.533, -2.32e+09),
           (-0.530, -6.83e+08),
           (-0.527,  1.32e+09),
           (-0.523, -2.59e+08),
           (-0.520,  5.78e+08),
           (-0.516,  4.36e+07),
           (-0.513, -1.14e+09),
           (-0.510,  1.64e+09),
           (-0.506,  1.51e+09),
           (-0.503, -1.19e+09),
           (-0.500, -1.82e+08),
           (-0.496, -1.53e+09),
           (-0.493, -8.08e+08),
           (-0.489,  3.27e+08),
           (-0.486,  4.47e+08),
           (-0.483,  1.28e+08),
           (-0.479,  1.79e+09),
           (-0.476, -7.18e+08),
           (-0.473,  3.22e+08),
           (-0.469, -3.73e+08),
           (-0.466, -3.13e+08),
           (-0.462, -4.44e+08),
           (-0.459,  1.24e+08),
           (-0.456, -2.44e+09),
           (-0.452, -7.22e+08),
           (-0.449, -2.93e+08),
           (-0.446, -2.46e+08),
           (-0.442, -7.05e+08),
           (-0.439, -8.21e+08),
           (-0.435,  1.57e+09),
           (-0.432,  3.16e+08),
           (-0.425, -5.46e+08),
           (-0.422, -3.74e+08),
           (-0.418,  2.34e+09),
           (-0.415, -5.51e+08),
           (-0.412,  4.07e+08),
           (-0.408,  2.21e+09),
           (-0.405,  1.66e+09),
           (-0.402, -4.62e+08),
           (-0.398,  2.28e+09),
           (-0.395, -3.88e+08),
           (-0.392,  9.63e+08),
           (-0.388,  2.71e+09),
           (-0.385,  2.97e+09),
           (-0.381,  1.62e+09),
           (-0.378,  5.90e+08),
           (-0.375,  8.31e+08),
           (-0.371,  5.34e+08),
           (-0.368,  6.09e+08),
           (-0.365,  1.90e+09),
           (-0.361, -7.62e+08),
           (-0.358, -2.29e+08),
           (-0.354,  1.49e+09),
           (-0.351,  6.06e+08),
           (-0.348,  3.31e+08),
           (-0.344,  6.51e+08),
           (-0.341,  8.87e+08),
           (-0.338,  1.06e+09),
           (-0.334,  5.43e+08),
           (-0.331,  1.97e+09),
           (-0.327, -2.16e+08),
           (-0.324,  6.17e+08),
           (-0.321,  8.36e+08),
           (-0.317,  1.56e+08),
           (-0.314,  7.40e+08),
           (-0.310,  3.84e+08),
           (-0.307, -1.97e+09),
           (-0.304,  1.49e+09),
           (-0.300,  1.97e+09),
           (-0.297, -1.27e+09),
           (-0.294,  6.77e+08),
           (-0.290, -1.40e+08),
           (-0.287,  2.33e+08),
           (-0.283,  2.56e+09),
           (-0.280, -1.52e+09),
           (-0.277, -1.43e+09),
           (-0.273,  1.96e+09),
           (-0.270, -6.22e+08),
           (-0.267,  4.19e+08),
           (-0.263,  6.79e+07),
           (-0.260,  2.06e+09),
           (-0.257,  6.31e+08),
           (-0.253, -2.18e+08),
           (-0.250,  1.21e+09),
           (-0.246, -6.82e+08),
           (-0.243,  8.76e+08),
           (-0.240, -2.36e+08),
           (-0.236, -3.64e+08),
           (-0.233,  1.26e+08),
           (-0.230,  7.01e+08),
           (-0.226,  1.59e+08),
           (-0.223,  8.34e+07),
           (-0.219,  8.62e+08),
           (-0.216,  3.48e+08),
           (-0.213,  1.80e+09),
           (-0.209, -1.54e+09),
           (-0.206, -1.19e+09),
           (-0.203,  7.97e+08),
           (-0.199,  7.49e+08),
           (-0.196,  1.53e+09),
           (-0.192,  1.32e+09),
           (-0.189, -1.03e+09),
           (-0.186, -1.88e+09),
           (-0.182,  3.14e+09),
           (-0.179, -1.67e+09),
           (-0.175, -1.57e+09),
           (-0.172,  1.27e+09),
           (-0.169, -5.53e+08),
           (-0.165, -5.19e+08),
           (-0.162,  6.54e+06),
           (-0.159,  1.05e+08),
           (-0.155,  1.24e+09),
           (-0.152, -8.31e+08),
           (-0.148,  2.33e+08),
           (-0.145,  5.38e+08),
           (-0.142,  7.52e+08),
           (-0.138,  1.59e+09),
           (-0.135, -1.04e+09),
           (-0.132,  9.19e+08),
           (-0.125, -6.33e+08),
           (-0.122, -6.42e+07),
           (-0.118, -3.22e+08),
           (-0.115,  1.13e+09),
           (-0.111, -6.39e+08),
           (-0.108,  1.33e+09),
           (-0.105,  1.33e+09),
           (-0.101,  1.16e+09),
           (-0.098, -6.29e+08),
           (-0.095,  1.50e+09),
           (-0.091,  3.21e+08),
           (-0.088,  2.65e+08),
           (-0.084,  2.82e+09),
           (-0.081,  1.57e+09),
           (-0.078,  1.24e+09),
           (-0.074,  8.19e+08),
           (-0.068,  2.91e+09),
           (-0.064,  3.11e+09),
           (-0.057,  3.35e+08),
           (-0.054,  3.63e+09),
           (-0.051,  9.06e+08),
           (-0.047,  3.10e+09),
           (-0.044,  3.02e+09),
           (-0.037,  1.19e+09),
           (-0.034,  2.79e+09),
           (-0.030, -1.77e+08),
           (-0.027,  4.26e+09),
           (-0.024,  4.16e+09),
           (-0.020,  3.65e+09),
           (-0.017,  4.38e+09),
           (-0.014,  2.32e+09),
           (-0.010,  4.51e+09),
           (-0.007,  1.86e+09),
           (-0.003,  1.83e+09),
           ( 0.000,  2.72e+09),
           ( 0.003,  3.30e+09),
           ( 0.007,  2.18e+09),
           ( 0.010,  2.29e+09),
           ( 0.014,  3.42e+09),
           ( 0.017,  8.42e+08),
           ( 0.020,  2.93e+09),
           ( 0.024,  2.46e+09),
           ( 0.027,  1.48e+09),
           ( 0.030,  3.29e+09),
           ( 0.034,  2.13e+09),
           ( 0.037,  1.61e+09),
           ( 0.040,  3.17e+09),
           ( 0.044,  5.36e+09),
           ( 0.051,  2.68e+09),
           ( 0.054,  2.10e+09),
           ( 0.057,  2.51e+09),
           ( 0.061,  1.55e+09),
           ( 0.064,  2.12e+09),
           ( 0.071,  9.26e+08),
           ( 0.074,  2.81e+09),
           ( 0.078,  6.31e+08),
           ( 0.081,  3.20e+09),
           ( 0.084,  8.66e+08),
           ( 0.088,  2.37e+09),
           ( 0.091, -1.39e+08),
           ( 0.095,  1.40e+09),
           ( 0.098,  2.42e+09),
           ( 0.101,  1.67e+09),
           ( 0.108,  4.18e+09),
           ( 0.111,  5.41e+09),
           ( 0.115,  5.68e+09),
           ( 0.121,  2.55e+09),
           ( 0.125,  1.96e+09),
           ( 0.128,  5.26e+09),
           ( 0.132,  5.05e+09),
           ( 0.135,  2.13e+09),
           ( 0.138,  4.16e+09),
           ( 0.142,  2.57e+09),
           ( 0.145,  1.55e+09),
           ( 0.149,  7.64e+09),
           ( 0.155,  4.09e+09),
           ( 0.159,  6.14e+09),
           ( 0.162,  5.54e+09),
           ( 0.165,  6.41e+09),
           ( 0.169,  4.90e+09),
           ( 0.172,  5.12e+09),
           ( 0.175,  6.42e+09),
           ( 0.179,  6.79e+09),
           ( 0.182,  4.37e+09),
           ( 0.186,  2.88e+09),
           ( 0.189,  4.76e+09),
           ( 0.192,  5.64e+09),
           ( 0.196,  4.07e+09),
           ( 0.199,  3.31e+09),
           ( 0.206,  4.16e+09),
           ( 0.209,  2.60e+09),
           ( 0.213,  6.50e+09),
           ( 0.216,  2.89e+09),
           ( 0.219,  4.47e+09),
           ( 0.223,  4.30e+09),
           ( 0.226,  3.55e+09),
           ( 0.230,  3.82e+09),
           ( 0.233,  4.68e+09),
           ( 0.236,  4.77e+09),
           ( 0.240,  3.74e+09),
           ( 0.243,  5.72e+09),
           ( 0.246,  4.98e+09),
           ( 0.250,  3.96e+09),
           ( 0.253,  5.22e+09),
           ( 0.260,  3.76e+09),
           ( 0.263,  6.36e+09),
           ( 0.267,  7.38e+09),
           ( 0.270,  7.41e+09),
           ( 0.273,  5.38e+09),
           ( 0.277,  6.72e+09),
           ( 0.280,  4.27e+09),
           ( 0.284,  3.47e+09),
           ( 0.287,  3.76e+09),
           ( 0.290,  4.41e+09),
           ( 0.294,  4.12e+09),
           ( 0.297,  7.48e+09),
           ( 0.300,  4.73e+09),
           ( 0.307,  3.89e+09),
           ( 0.310,  4.49e+09),
           ( 0.314,  4.03e+09),
           ( 0.321,  6.24e+09),
           ( 0.324,  4.81e+09),
           ( 0.327,  3.64e+09),
           ( 0.331,  4.73e+09),
           ( 0.334,  2.90e+09),
           ( 0.337,  5.67e+09),
           ( 0.341,  3.52e+09),
           ( 0.344,  3.63e+09),
           ( 0.348,  4.27e+09),
           ( 0.351,  2.37e+09),
           ( 0.354,  4.73e+09),
           ( 0.358,  4.14e+09),
           ( 0.361,  4.92e+09),
           ( 0.365,  3.40e+09),
           ( 0.368,  2.55e+09),
           ( 0.371,  1.57e+09),
           ( 0.375,  2.39e+09),
           ( 0.378,  2.31e+09),
           ( 0.381,  3.80e+09),
           ( 0.385,  4.25e+09),
           ( 0.388,  4.88e+08),
           ( 0.391,  2.29e+09),
           ( 0.395,  1.74e+09),
           ( 0.398,  4.25e+09),
           ( 0.402,  3.44e+09),
           ( 0.405,  2.95e+09),
           ( 0.408,  2.84e+07),
           ( 0.412,  9.99e+08),
           ( 0.415,  1.77e+09),
           ( 0.419,  2.78e+09),
           ( 0.422,  2.71e+09),
           ( 0.425,  2.20e+09),
           ( 0.429,  1.89e+09),
           ( 0.432,  3.43e+09),
           ( 0.435,  2.75e+09),
           ( 0.439,  1.60e+09),
           ( 0.442,  6.77e+08),
           ( 0.446,  4.29e+08),
           ( 0.449,  9.53e+08),
           ( 0.452,  6.14e+08),
           ( 0.456, -2.24e+08),
           ( 0.459, -5.44e+08),
           ( 0.462, -7.14e+08),
           ( 0.466,  7.47e+08),
           ( 0.469,  2.60e+09),
           ( 0.472,  1.88e+09),
           ( 0.476, -1.67e+09),
           ( 0.479,  3.61e+08),
           ( 0.483, -1.15e+09),
           ( 0.486,  3.44e+08),
           ( 0.489,  7.34e+08),
           ( 0.493, -5.29e+08),
           ( 0.496, -6.02e+08),
           ( 0.500,  1.52e+09),
           ( 0.503,  1.09e+08),
           ( 0.506, -2.14e+09),
           ( 0.510,  4.32e+07),
           ( 0.513, -9.15e+08),
           ( 0.516, -9.11e+08),
           ( 0.520,  1.15e+08),
           ( 0.523,  1.83e+09),
           ( 0.526, -1.25e+09),
           ( 0.530, -1.10e+09),
           ( 0.533, -8.80e+07),
           ( 0.537,  1.40e+09),
           ( 0.540, -3.25e+08),
           ( 0.543, -1.47e+09),
           ( 0.547,  6.12e+08),
           ( 0.550, -1.96e+09),
           ( 0.554, -8.06e+08),
           ( 0.557,  2.01e+09),
           ( 0.560,  1.70e+09),
           ( 0.564, -1.57e+09),
           ( 0.567,  1.40e+09),
           ( 0.570,  1.39e+09),
           ( 0.574, -1.23e+08),
           ( 0.577,  3.35e+08),
           ( 0.581,  2.21e+09),
           ( 0.584,  1.07e+09),
           ( 0.587, -1.53e+09),
           ( 0.591,  1.03e+09),
           ( 0.594, -1.07e+09),
           ( 0.597,  6.78e+08),
           ( 0.601, -8.97e+08),
           ( 0.604,  2.86e+08),
           ( 0.607, -1.34e+09),
           ( 0.611, -1.74e+09),
           ( 0.614,  3.72e+08),
           ( 0.618, -8.89e+08),
           ( 0.621, -4.43e+08),
           ( 0.624, -3.90e+08),
           ( 0.628,  7.12e+08),
           ( 0.631, -6.05e+08),
           ( 0.635,  4.81e+08),
           ( 0.638, -3.05e+09),
           ( 0.641, -8.38e+08),
           ( 0.645, -1.43e+09),
           ( 0.648, -7.14e+08),
           ( 0.651, -5.97e+08),
           ( 0.655,  9.12e+08),
           ( 0.658,  9.57e+08),
           ( 0.665, -1.07e+09),
           ( 0.668, -3.07e+09),
           ( 0.672, -1.35e+09),
           ( 0.675, -1.26e+09),
           ( 0.678, -2.05e+09),
           ( 0.682, -1.73e+09),
           ( 0.685, -1.24e+09),
           ( 0.688, -1.20e+09),
           ( 0.692, -6.19e+08),
           ( 0.695, -2.14e+09),
           ( 0.699, -6.53e+07),
           ( 0.702,  2.60e+07),
           ( 0.705, -9.31e+08),
           ( 0.709,  2.62e+09),
           ( 0.712, -8.59e+08),
           ( 0.716,  6.18e+08),
           ( 0.719,  6.49e+08),
           ( 0.722,  2.47e+08),
           ( 0.726,  6.22e+08),
           ( 0.729, -4.18e+08),
           ( 0.732,  2.01e+09),
           ( 0.736, -1.86e+09),
           ( 0.739,  1.00e+09),
           ( 0.742, -2.74e+08),
           ( 0.746,  6.14e+08),
           ( 0.749, -1.45e+09),
           ( 0.753,  7.19e+08),
           ( 0.756,  7.25e+08),
           ( 0.759, -1.12e+09),
           ( 0.763,  4.57e+07),
           ( 0.766,  2.63e+08),
           ( 0.770,  9.10e+08),
           ( 0.773, -6.26e+08),
           ( 0.776,  1.11e+09),
           ( 0.780, -5.58e+08),
           ( 0.783,  1.71e+08),
           ( 0.786,  5.04e+08),
           ( 0.790,  1.14e+09),
           ( 0.793,  7.18e+07),
           ( 0.796,  9.76e+08),
           ( 0.800, -3.70e+08),
           ( 0.803, -3.75e+08),
           ( 0.807,  2.79e+08),
           ( 0.810, -1.14e+09),
           ( 0.813,  7.89e+08),
           ( 0.817, -1.36e+08),
           ( 0.820,  1.64e+09),
           ( 0.823,  3.84e+08),
           ( 0.827, -1.14e+09),
           ( 0.830,  2.21e+09),
           ( 0.834, -9.33e+08),
           ( 0.837, -1.28e+09),
           ( 0.840,  1.79e+08),
           ( 0.844, -3.12e+08),
           ( 0.851,  5.84e+08),
           ( 0.857,  4.16e+08),
           ( 0.861, -1.15e+09),
           ( 0.864,  4.71e+08),
           ( 0.867,  5.89e+08),
           ( 0.871, -2.52e+08),
           ( 0.874, -1.68e+09),
           ( 0.877, -2.47e+09),
           ( 0.881, -6.77e+08),
           ( 0.884,  5.93e+08),
           ( 0.888,  1.37e+09),
           ( 0.891, -1.73e+09),
           ( 0.894, -5.95e+07),
           ( 0.898,  9.60e+07),
           ( 0.901,  1.65e+09),
           ( 0.905,  1.47e+08),
           ( 0.908, -9.02e+08),
           ( 0.911,  2.16e+09),
           ( 0.915,  5.21e+08),
           ( 0.918, -2.02e+09),
           ( 0.921, -9.64e+08),
           ( 0.925, -9.58e+08),
           ( 0.928,  2.03e+08),
           ( 0.931, -5.63e+08),
           ( 0.935,  3.17e+08),
           ( 0.938,  5.18e+08),
           ( 0.942, -2.51e+08),
           ( 0.945, -1.75e+09),
           ( 0.948,  6.93e+08),
           ( 0.952, -3.59e+08),
           ( 0.955,  1.87e+08),
           ( 0.958, -1.04e+09),
           ( 0.962, -4.85e+08),
           ( 0.965, -2.73e+08),
           ( 0.969,  1.47e+09),
           ( 0.972, -2.24e+08),
           ( 0.975, -4.20e+08),
           ( 0.979,  4.01e+08),
           ( 0.982, -3.63e+08),
           ( 0.986, -2.57e+08),
           ( 0.989, -1.14e+09),
           ( 0.992,  9.64e+08),
           ( 0.996,  7.33e+06),
           ( 0.999, -1.35e+09),
           ( 0.999, -1.35e+09)]
