Bolide Detection Notification: 2018-109

At 13:39:39 UT on 19 Apr 2018, sensors aboard U. S. Government satellites recorded
the flash signature of a large meteoroid entry into the atmosphere. Location of the
flash was Lat 22.2S, Lon 72.6E.

Based upon the visible-light intensity-time signature, peak brightness of the flash
was determined to be approximately 4.61e+10 watts/steradian, and total radiated flash
energy 4.80e+11 joules (6000K blackbody model).

Columns: time, intensity (w/sr)
Intensity=[(-1.198,  2.55e+09),
           (-1.195,  1.10e+09),
           (-1.191,  1.50e+09),
           (-1.188, -2.33e+07),
           (-1.181,  1.79e+09),
           (-1.178,  1.25e+09),
           (-1.175,  1.33e+09),
           (-1.171,  7.77e+08),
           (-1.168,  8.73e+08),
           (-1.164,  6.77e+08),
           (-1.161,  2.62e+08),
           (-1.158,  3.15e+09),
           (-1.154,  2.01e+09),
           (-1.151,  1.03e+08),
           (-1.148,  1.29e+09),
           (-1.144,  1.67e+09),
           (-1.141,  1.51e+09),
           (-1.137,  2.90e+09),
           (-1.134,  1.50e+09),
           (-1.131,  7.73e+08),
           (-1.127,  2.21e+09),
           (-1.124,  2.01e+09),
           (-1.121,  1.65e+09),
           (-1.114,  2.21e+09),
           (-1.110,  2.12e+09),
           (-1.107,  2.73e+09),
           (-1.104,  2.11e+09),
           (-1.100,  1.71e+09),
           (-1.097,  1.64e+09),
           (-1.094,  1.66e+09),
           (-1.090,  2.18e+09),
           (-1.087,  3.17e+09),
           (-1.083,  1.69e+09),
           (-1.080,  2.46e+09),
           (-1.077,  6.22e+08),
           (-1.073,  1.67e+09),
           (-1.070,  2.08e+09),
           (-1.067,  2.25e+09),
           (-1.063,  2.01e+09),
           (-1.060,  2.81e+08),
           (-1.056,  1.73e+09),
           (-1.053,  3.82e+09),
           (-1.050,  1.91e+09),
           (-1.046,  2.30e+09),
           (-1.043,  2.08e+09),
           (-1.040,  3.07e+09),
           (-1.036,  2.73e+09),
           (-1.033,  2.49e+09),
           (-1.029,  3.00e+09),
           (-1.026,  1.78e+09),
           (-1.023,  2.00e+09),
           (-1.019,  1.84e+09),
           (-1.016,  8.18e+08),
           (-1.013,  2.00e+09),
           (-1.009,  1.49e+09),
           (-1.006,  2.76e+09),
           (-1.002,  2.90e+09),
           (-0.999,  3.30e+09),
           (-0.996,  2.14e+09),
           (-0.992,  2.48e+09),
           (-0.989,  3.41e+09),
           (-0.982,  1.75e+09),
           (-0.979,  2.38e+09),
           (-0.975,  3.60e+09),
           (-0.972,  1.08e+09),
           (-0.969,  3.12e+09),
           (-0.965,  2.11e+09),
           (-0.962,  3.32e+09),
           (-0.959,  3.05e+09),
           (-0.955,  2.23e+09),
           (-0.952,  2.25e+09),
           (-0.948,  2.14e+09),
           (-0.945,  4.02e+09),
           (-0.942,  2.97e+09),
           (-0.938,  3.22e+09),
           (-0.935,  3.18e+09),
           (-0.932,  2.39e+09),
           (-0.928,  2.86e+09),
           (-0.925,  2.58e+09),
           (-0.921,  1.54e+09),
           (-0.915,  3.56e+09),
           (-0.911,  1.61e+09),
           (-0.908,  2.88e+09),
           (-0.905,  2.72e+09),
           (-0.901,  1.26e+09),
           (-0.898,  2.31e+09),
           (-0.894,  2.28e+09),
           (-0.888,  3.51e+09),
           (-0.881,  1.56e+09),
           (-0.878,  2.48e+09),
           (-0.874,  2.62e+09),
           (-0.871,  2.89e+09),
           (-0.867,  2.05e+09),
           (-0.864,  3.57e+09),
           (-0.861,  2.51e+09),
           (-0.857,  1.90e+09),
           (-0.854,  2.41e+09),
           (-0.851,  3.69e+09),
           (-0.847,  2.65e+09),
           (-0.844,  2.82e+09),
           (-0.840,  3.28e+09),
           (-0.837,  2.87e+09),
           (-0.834,  1.25e+09),
           (-0.830,  8.15e+08),
           (-0.827,  9.51e+08),
           (-0.824,  1.63e+09),
           (-0.820,  1.18e+09),
           (-0.817,  5.03e+08),
           (-0.813,  3.51e+09),
           (-0.810,  3.59e+09),
           (-0.807,  2.40e+09),
           (-0.803,  2.38e+09),
           (-0.800,  3.25e+09),
           (-0.797,  3.56e+09),
           (-0.793,  2.52e+09),
           (-0.790,  2.26e+09),
           (-0.786,  3.66e+09),
           (-0.783,  3.00e+09),
           (-0.780,  3.27e+09),
           (-0.776,  3.26e+09),
           (-0.773,  2.41e+09),
           (-0.770,  3.83e+09),
           (-0.766,  2.70e+09),
           (-0.763,  2.99e+09),
           (-0.759,  2.93e+09),
           (-0.756,  2.56e+09),
           (-0.753,  3.67e+09),
           (-0.749,  3.92e+09),
           (-0.746,  3.69e+09),
           (-0.743,  4.00e+09),
           (-0.739,  3.72e+09),
           (-0.736,  4.23e+09),
           (-0.732,  3.12e+09),
           (-0.729,  3.25e+09),
           (-0.726,  3.73e+09),
           (-0.722,  4.01e+09),
           (-0.719,  3.13e+09),
           (-0.716,  4.11e+09),
           (-0.712,  2.88e+09),
           (-0.709,  2.90e+09),
           (-0.705,  2.97e+09),
           (-0.702,  2.96e+09),
           (-0.699,  2.81e+09),
           (-0.695,  3.60e+09),
           (-0.692,  3.21e+09),
           (-0.689,  3.57e+09),
           (-0.685,  2.38e+09),
           (-0.682,  4.09e+09),
           (-0.678,  4.80e+09),
           (-0.675,  4.18e+09),
           (-0.672,  5.29e+09),
           (-0.668,  3.35e+09),
           (-0.665,  5.01e+09),
           (-0.662,  3.99e+09),
           (-0.658,  3.45e+09),
           (-0.655,  4.42e+09),
           (-0.651,  4.21e+09),
           (-0.648,  5.24e+09),
           (-0.645,  5.12e+09),
           (-0.641,  6.73e+09),
           (-0.638,  6.08e+09),
           (-0.635,  5.18e+09),
           (-0.631,  6.23e+09),
           (-0.628,  4.67e+09),
           (-0.624,  4.20e+09),
           (-0.621,  5.77e+09),
           (-0.618,  5.25e+09),
           (-0.614,  5.38e+09),
           (-0.611,  5.21e+09),
           (-0.608,  5.88e+09),
           (-0.604,  5.13e+09),
           (-0.601,  5.69e+09),
           (-0.597,  3.88e+09),
           (-0.594,  4.49e+09),
           (-0.591,  3.69e+09),
           (-0.587,  3.13e+09),
           (-0.584,  3.59e+09),
           (-0.581,  5.04e+09),
           (-0.577,  5.24e+09),
           (-0.574,  3.65e+09),
           (-0.570,  3.84e+09),
           (-0.567,  3.56e+09),
           (-0.560,  4.22e+09),
           (-0.557,  3.68e+09),
           (-0.554,  4.84e+09),
           (-0.550,  3.59e+09),
           (-0.547,  3.95e+09),
           (-0.543,  5.26e+09),
           (-0.537,  4.79e+09),
           (-0.533,  4.20e+09),
           (-0.530,  4.76e+09),
           (-0.527,  5.08e+09),
           (-0.523,  5.79e+09),
           (-0.520,  5.07e+09),
           (-0.516,  6.90e+09),
           (-0.513,  4.85e+09),
           (-0.510,  5.87e+09),
           (-0.506,  5.60e+09),
           (-0.503,  6.35e+09),
           (-0.500,  5.74e+09),
           (-0.496,  6.28e+09),
           (-0.493,  6.10e+09),
           (-0.489,  5.77e+09),
           (-0.486,  4.63e+09),
           (-0.483,  5.43e+09),
           (-0.479,  7.37e+09),
           (-0.476,  8.22e+09),
           (-0.473,  6.73e+09),
           (-0.469,  8.38e+09),
           (-0.466,  8.14e+09),
           (-0.462,  7.26e+09),
           (-0.459,  6.15e+09),
           (-0.456,  7.98e+09),
           (-0.452,  7.74e+09),
           (-0.449,  8.14e+09),
           (-0.446,  7.40e+09),
           (-0.442,  8.16e+09),
           (-0.439,  7.32e+09),
           (-0.435,  8.21e+09),
           (-0.432,  8.40e+09),
           (-0.429,  7.95e+09),
           (-0.425,  1.03e+10),
           (-0.422,  8.14e+09),
           (-0.419,  9.54e+09),
           (-0.415,  1.05e+10),
           (-0.408,  8.69e+09),
           (-0.405,  4.54e+09),
           (-0.402,  4.10e+09),
           (-0.398,  5.44e+09),
           (-0.395,  4.86e+09),
           (-0.392,  6.34e+09),
           (-0.388,  7.09e+09),
           (-0.385,  7.33e+09),
           (-0.381,  7.28e+09),
           (-0.378,  6.62e+09),
           (-0.375,  7.61e+09),
           (-0.371,  5.76e+09),
           (-0.368,  5.66e+09),
           (-0.365,  7.33e+09),
           (-0.361,  5.92e+09),
           (-0.358,  8.97e+09),
           (-0.354,  7.50e+09),
           (-0.351,  6.82e+09),
           (-0.348,  7.00e+09),
           (-0.344,  5.71e+09),
           (-0.341,  6.05e+09),
           (-0.338,  6.14e+09),
           (-0.334,  6.92e+09),
           (-0.331,  5.41e+09),
           (-0.327,  8.39e+09),
           (-0.324,  7.72e+09),
           (-0.321,  8.47e+09),
           (-0.314,  6.10e+09),
           (-0.311,  5.62e+09),
           (-0.307,  7.02e+09),
           (-0.304,  6.92e+09),
           (-0.300,  7.39e+09),
           (-0.297,  7.21e+09),
           (-0.294,  7.37e+09),
           (-0.290,  8.43e+09),
           (-0.287,  7.21e+09),
           (-0.284,  6.91e+09),
           (-0.280,  7.33e+09),
           (-0.277,  6.77e+09),
           (-0.273,  6.51e+09),
           (-0.270,  7.99e+09),
           (-0.267,  8.10e+09),
           (-0.263,  6.10e+09),
           (-0.260,  6.32e+09),
           (-0.257,  7.71e+09),
           (-0.253,  7.10e+09),
           (-0.250,  6.98e+09),
           (-0.246,  7.44e+09),
           (-0.243,  5.30e+09),
           (-0.240,  6.62e+09),
           (-0.236,  7.09e+09),
           (-0.230,  5.10e+09),
           (-0.226,  5.11e+09),
           (-0.223,  5.18e+09),
           (-0.219,  4.57e+09),
           (-0.216,  5.21e+09),
           (-0.213,  4.89e+09),
           (-0.209,  5.84e+09),
           (-0.206,  5.87e+09),
           (-0.203,  5.32e+09),
           (-0.199,  3.78e+09),
           (-0.196,  6.08e+09),
           (-0.192,  6.60e+09),
           (-0.189,  6.07e+09),
           (-0.186,  6.56e+09),
           (-0.182,  5.43e+09),
           (-0.179,  5.96e+09),
           (-0.176,  5.71e+09),
           (-0.172,  6.38e+09),
           (-0.169,  5.85e+09),
           (-0.165,  6.78e+09),
           (-0.162,  5.71e+09),
           (-0.159,  6.63e+09),
           (-0.152,  5.75e+09),
           (-0.149,  5.60e+09),
           (-0.142,  4.97e+09),
           (-0.138,  4.58e+09),
           (-0.135,  4.57e+09),
           (-0.132,  7.20e+09),
           (-0.128,  7.52e+09),
           (-0.125,  5.85e+09),
           (-0.122,  7.71e+09),
           (-0.118,  7.83e+09),
           (-0.115,  7.33e+09),
           (-0.111,  8.11e+09),
           (-0.108,  7.79e+09),
           (-0.105,  7.88e+09),
           (-0.101,  8.30e+09),
           (-0.098,  7.69e+09),
           (-0.095,  7.50e+09),
           (-0.091,  7.47e+09),
           (-0.088,  7.00e+09),
           (-0.081,  7.68e+09),
           (-0.078,  6.81e+09),
           (-0.074,  7.02e+09),
           (-0.071,  7.49e+09),
           (-0.068,  7.63e+09),
           (-0.064,  7.60e+09),
           (-0.061,  7.64e+09),
           (-0.057,  6.20e+09),
           (-0.054,  6.95e+09),
           (-0.051,  7.01e+09),
           (-0.047,  7.13e+09),
           (-0.044,  7.56e+09),
           (-0.041,  7.25e+09),
           (-0.037,  8.99e+09),
           (-0.034,  8.88e+09),
           (-0.030,  8.87e+09),
           (-0.027,  9.71e+09),
           (-0.024,  9.75e+09),
           (-0.020,  9.15e+09),
           (-0.017,  9.27e+09),
           (-0.014,  9.80e+09),
           (-0.010,  8.44e+09),
           (-0.007,  1.11e+10),
           (-0.003,  1.19e+10),
           (-0.000,  1.17e+10),
           ( 0.003,  1.21e+10),
           ( 0.007,  1.32e+10),
           ( 0.010,  1.30e+10),
           ( 0.013,  1.30e+10),
           ( 0.017,  1.22e+10),
           ( 0.020,  1.40e+10),
           ( 0.024,  1.41e+10),
           ( 0.027,  1.56e+10),
           ( 0.030,  1.49e+10),
           ( 0.034,  1.81e+10),
           ( 0.037,  1.89e+10),
           ( 0.040,  2.02e+10),
           ( 0.044,  2.09e+10),
           ( 0.047,  2.20e+10),
           ( 0.051,  2.26e+10),
           ( 0.054,  2.21e+10),
           ( 0.057,  2.19e+10),
           ( 0.061,  2.20e+10),
           ( 0.064,  2.20e+10),
           ( 0.067,  2.32e+10),
           ( 0.071,  2.31e+10),
           ( 0.074,  2.39e+10),
           ( 0.078,  2.50e+10),
           ( 0.081,  2.41e+10),
           ( 0.084,  2.49e+10),
           ( 0.088,  2.61e+10),
           ( 0.091,  2.58e+10),
           ( 0.101,  2.89e+10),
           ( 0.105,  2.86e+10),
           ( 0.108,  2.80e+10),
           ( 0.111,  2.81e+10),
           ( 0.115,  2.89e+10),
           ( 0.118,  2.94e+10),
           ( 0.121,  2.92e+10),
           ( 0.125,  2.93e+10),
           ( 0.128,  3.09e+10),
           ( 0.132,  3.06e+10),
           ( 0.135,  3.07e+10),
           ( 0.138,  3.12e+10),
           ( 0.142,  3.08e+10),
           ( 0.145,  3.10e+10),
           ( 0.148,  3.20e+10),
           ( 0.152,  3.14e+10),
           ( 0.155,  3.20e+10),
           ( 0.159,  3.16e+10),
           ( 0.162,  3.27e+10),
           ( 0.165,  3.31e+10),
           ( 0.172,  3.20e+10),
           ( 0.175,  3.38e+10),
           ( 0.179,  3.37e+10),
           ( 0.182,  3.40e+10),
           ( 0.186,  3.35e+10),
           ( 0.189,  3.32e+10),
           ( 0.192,  3.35e+10),
           ( 0.196,  3.28e+10),
           ( 0.199,  3.35e+10),
           ( 0.202,  3.33e+10),
           ( 0.206,  3.34e+10),
           ( 0.209,  3.46e+10),
           ( 0.213,  3.25e+10),
           ( 0.216,  3.40e+10),
           ( 0.219,  3.34e+10),
           ( 0.223,  3.31e+10),
           ( 0.226,  3.23e+10),
           ( 0.229,  3.33e+10),
           ( 0.233,  3.38e+10),
           ( 0.236,  3.22e+10),
           ( 0.240,  3.44e+10),
           ( 0.243,  3.32e+10),
           ( 0.246,  3.40e+10),
           ( 0.250,  3.29e+10),
           ( 0.256,  3.19e+10),
           ( 0.263,  2.98e+10),
           ( 0.267,  3.01e+10),
           ( 0.270,  3.08e+10),
           ( 0.273,  2.90e+10),
           ( 0.277,  2.83e+10),
           ( 0.280,  2.84e+10),
           ( 0.283,  2.90e+10),
           ( 0.287,  2.79e+10),
           ( 0.290,  2.80e+10),
           ( 0.294,  2.87e+10),
           ( 0.297,  2.80e+10),
           ( 0.300,  2.81e+10),
           ( 0.304,  2.57e+10),
           ( 0.307,  2.67e+10),
           ( 0.310,  2.75e+10),
           ( 0.314,  2.75e+10),
           ( 0.321,  2.63e+10),
           ( 0.324,  2.64e+10),
           ( 0.327,  2.69e+10),
           ( 0.331,  2.56e+10),
           ( 0.334,  2.56e+10),
           ( 0.337,  2.73e+10),
           ( 0.341,  2.55e+10),
           ( 0.344,  2.49e+10),
           ( 0.348,  2.49e+10),
           ( 0.351,  2.67e+10),
           ( 0.354,  2.63e+10),
           ( 0.358,  2.52e+10),
           ( 0.361,  2.49e+10),
           ( 0.364,  2.32e+10),
           ( 0.368,  2.36e+10),
           ( 0.371,  2.23e+10),
           ( 0.375,  2.28e+10),
           ( 0.378,  2.18e+10),
           ( 0.381,  2.12e+10),
           ( 0.385,  2.21e+10),
           ( 0.388,  2.11e+10),
           ( 0.391,  2.22e+10),
           ( 0.395,  2.27e+10),
           ( 0.398,  2.24e+10),
           ( 0.402,  2.17e+10),
           ( 0.405,  2.06e+10),
           ( 0.408,  2.25e+10),
           ( 0.412,  2.11e+10),
           ( 0.415,  2.16e+10),
           ( 0.418,  2.08e+10),
           ( 0.422,  2.27e+10),
           ( 0.425,  2.23e+10),
           ( 0.429,  2.24e+10),
           ( 0.432,  2.24e+10),
           ( 0.435,  2.40e+10),
           ( 0.439,  2.48e+10),
           ( 0.442,  2.44e+10),
           ( 0.445,  2.48e+10),
           ( 0.449,  2.43e+10),
           ( 0.452,  2.28e+10),
           ( 0.456,  2.48e+10),
           ( 0.459,  2.50e+10),
           ( 0.462,  2.48e+10),
           ( 0.466,  2.68e+10),
           ( 0.469,  2.56e+10),
           ( 0.472,  2.53e+10),
           ( 0.476,  2.51e+10),
           ( 0.479,  2.66e+10),
           ( 0.483,  2.66e+10),
           ( 0.486,  2.61e+10),
           ( 0.489,  2.53e+10),
           ( 0.493,  2.53e+10),
           ( 0.496,  2.47e+10),
           ( 0.499,  2.55e+10),
           ( 0.503,  2.47e+10),
           ( 0.506,  2.46e+10),
           ( 0.510,  2.52e+10),
           ( 0.513,  2.66e+10),
           ( 0.520,  2.37e+10),
           ( 0.526,  2.47e+10),
           ( 0.530,  2.46e+10),
           ( 0.533,  2.45e+10),
           ( 0.537,  2.43e+10),
           ( 0.540,  2.44e+10),
           ( 0.543,  2.35e+10),
           ( 0.547,  2.37e+10),
           ( 0.550,  2.42e+10),
           ( 0.553,  2.39e+10),
           ( 0.557,  2.47e+10),
           ( 0.560,  2.41e+10),
           ( 0.564,  2.40e+10),
           ( 0.567,  2.45e+10),
           ( 0.570,  2.34e+10),
           ( 0.574,  2.38e+10),
           ( 0.577,  2.46e+10),
           ( 0.580,  2.50e+10),
           ( 0.584,  2.51e+10),
           ( 0.587,  2.52e+10),
           ( 0.591,  2.61e+10),
           ( 0.594,  2.65e+10),
           ( 0.597,  2.65e+10),
           ( 0.601,  2.59e+10),
           ( 0.604,  2.60e+10),
           ( 0.607,  2.53e+10),
           ( 0.611,  2.60e+10),
           ( 0.614,  2.50e+10),
           ( 0.618,  2.73e+10),
           ( 0.621,  2.82e+10),
           ( 0.624,  2.82e+10),
           ( 0.628,  2.99e+10),
           ( 0.634,  3.09e+10),
           ( 0.638,  3.11e+10),
           ( 0.641,  3.14e+10),
           ( 0.645,  3.12e+10),
           ( 0.648,  3.19e+10),
           ( 0.651,  3.19e+10),
           ( 0.655,  3.12e+10),
           ( 0.658,  3.13e+10),
           ( 0.661,  2.97e+10),
           ( 0.665,  3.01e+10),
           ( 0.668,  2.96e+10),
           ( 0.672,  2.96e+10),
           ( 0.675,  3.07e+10),
           ( 0.678,  2.93e+10),
           ( 0.682,  3.06e+10),
           ( 0.685,  3.11e+10),
           ( 0.688,  2.97e+10),
           ( 0.692,  3.08e+10),
           ( 0.695,  3.14e+10),
           ( 0.699,  3.10e+10),
           ( 0.702,  3.27e+10),
           ( 0.705,  3.37e+10),
           ( 0.709,  3.07e+10),
           ( 0.712,  3.10e+10),
           ( 0.715,  3.18e+10),
           ( 0.719,  3.16e+10),
           ( 0.722,  3.35e+10),
           ( 0.726,  3.32e+10),
           ( 0.729,  3.33e+10),
           ( 0.732,  3.44e+10),
           ( 0.736,  3.32e+10),
           ( 0.739,  3.47e+10),
           ( 0.742,  3.51e+10),
           ( 0.746,  3.38e+10),
           ( 0.749,  3.53e+10),
           ( 0.753,  3.64e+10),
           ( 0.756,  3.58e+10),
           ( 0.759,  3.60e+10),
           ( 0.763,  3.64e+10),
           ( 0.766,  3.78e+10),
           ( 0.769,  3.74e+10),
           ( 0.773,  3.55e+10),
           ( 0.776,  3.80e+10),
           ( 0.780,  3.77e+10),
           ( 0.783,  3.80e+10),
           ( 0.786,  3.73e+10),
           ( 0.790,  3.74e+10),
           ( 0.793,  3.64e+10),
           ( 0.796,  3.68e+10),
           ( 0.800,  3.77e+10),
           ( 0.803,  3.76e+10),
           ( 0.807,  3.77e+10),
           ( 0.810,  3.79e+10),
           ( 0.813,  3.90e+10),
           ( 0.817,  3.93e+10),
           ( 0.820,  3.91e+10),
           ( 0.823,  4.10e+10),
           ( 0.827,  3.97e+10),
           ( 0.830,  3.97e+10),
           ( 0.834,  4.09e+10),
           ( 0.837,  4.18e+10),
           ( 0.840,  4.37e+10),
           ( 0.844,  4.36e+10),
           ( 0.847,  4.41e+10),
           ( 0.850,  4.37e+10),
           ( 0.854,  4.32e+10),
           ( 0.857,  4.40e+10),
           ( 0.861,  4.52e+10),
           ( 0.864,  4.46e+10),
           ( 0.867,  4.47e+10),
           ( 0.871,  4.48e+10),
           ( 0.874,  4.61e+10),
           ( 0.877,  4.48e+10),
           ( 0.881,  4.47e+10),
           ( 0.884,  4.57e+10),
           ( 0.888,  4.52e+10),
           ( 0.891,  4.58e+10),
           ( 0.894,  4.56e+10),
           ( 0.898,  4.57e+10),
           ( 0.901,  4.56e+10),
           ( 0.904,  4.23e+10),
           ( 0.908,  4.34e+10),
           ( 0.911,  4.31e+10),
           ( 0.915,  4.36e+10),
           ( 0.918,  4.35e+10),
           ( 0.921,  4.19e+10),
           ( 0.928,  3.99e+10),
           ( 0.931,  4.03e+10),
           ( 0.938,  3.90e+10),
           ( 0.942,  3.90e+10),
           ( 0.945,  3.84e+10),
           ( 0.948,  3.93e+10),
           ( 0.955,  3.77e+10),
           ( 0.958,  3.84e+10),
           ( 0.962,  3.83e+10),
           ( 0.965,  3.82e+10),
           ( 0.969,  3.63e+10),
           ( 0.972,  3.70e+10),
           ( 0.975,  3.60e+10),
           ( 0.979,  3.62e+10),
           ( 0.982,  3.57e+10),
           ( 0.989,  3.32e+10),
           ( 0.992,  3.27e+10),
           ( 0.996,  3.41e+10),
           ( 0.999,  3.24e+10),
           ( 1.002,  3.14e+10),
           ( 1.006,  3.10e+10),
           ( 1.009,  2.94e+10),
           ( 1.012,  2.90e+10),
           ( 1.016,  2.71e+10),
           ( 1.019,  2.74e+10),
           ( 1.023,  2.50e+10),
           ( 1.029,  2.31e+10),
           ( 1.033,  2.23e+10),
           ( 1.036,  2.03e+10),
           ( 1.039,  2.01e+10),
           ( 1.043,  1.80e+10),
           ( 1.046,  1.74e+10),
           ( 1.050,  1.75e+10),
           ( 1.053,  1.48e+10),
           ( 1.056,  1.54e+10),
           ( 1.060,  1.62e+10),
           ( 1.063,  1.61e+10),
           ( 1.066,  1.63e+10),
           ( 1.070,  1.61e+10),
           ( 1.073,  1.40e+10),
           ( 1.080,  1.27e+10),
           ( 1.083,  1.35e+10),
           ( 1.090,  1.11e+10),
           ( 1.097,  9.36e+09),
           ( 1.100,  1.07e+10),
           ( 1.104,  1.05e+10),
           ( 1.107,  9.47e+09),
           ( 1.110,  9.23e+09),
           ( 1.114,  7.97e+09),
           ( 1.117,  7.56e+09),
           ( 1.120,  8.19e+09),
           ( 1.124,  6.28e+09),
           ( 1.127,  5.25e+09),
           ( 1.131,  4.97e+09),
           ( 1.134,  5.31e+09),
           ( 1.137,  5.04e+09),
           ( 1.141,  5.42e+09),
           ( 1.144,  3.91e+09),
           ( 1.147,  3.50e+09),
           ( 1.151,  3.74e+09),
           ( 1.154,  2.71e+09),
           ( 1.158,  2.96e+09),
           ( 1.161,  1.67e+09),
           ( 1.164,  2.50e+09),
           ( 1.168,  2.62e+09),
           ( 1.171,  2.29e+09),
           ( 1.174,  2.18e+09),
           ( 1.178,  1.67e+08),
           ( 1.181,  1.21e+09),
           ( 1.185, -4.53e+07),
           ( 1.188, -8.94e+08),
           ( 1.191, -1.42e+08),
           ( 1.195,  9.32e+08),
           ( 1.198, -4.70e+08),
           ( 1.201, -4.15e+07),
           ( 1.205,  5.29e+08),
           ( 1.208,  2.46e+08),
           ( 1.212, -4.53e+08),
           ( 1.215, -1.38e+09),
           ( 1.218,  3.38e+08),
           ( 1.222,  2.76e+08),
           ( 1.225, -3.77e+08),
           ( 1.228, -7.74e+08),
           ( 1.232, -1.51e+09),
           ( 1.235, -1.09e+09),
           ( 1.239, -1.92e+09),
           ( 1.242, -1.36e+09),
           ( 1.245, -4.99e+08),
           ( 1.252, -2.74e+09),
           ( 1.255, -3.28e+09),
           ( 1.259, -1.07e+09),
           ( 1.266, -1.56e+09),
           ( 1.269, -8.74e+08),
           ( 1.272, -1.77e+09),
           ( 1.276, -6.64e+08),
           ( 1.279, -1.75e+09),
           ( 1.282, -1.50e+09),
           ( 1.286, -2.31e+09),
           ( 1.289, -1.89e+09),
           ( 1.293, -1.05e+09),
           ( 1.296, -2.44e+09),
           ( 1.299, -8.96e+08),
           ( 1.303, -1.96e+09),
           ( 1.306, -1.13e+09),
           ( 1.309, -1.33e+09),
           ( 1.313, -1.08e+09),
           ( 1.316, -1.52e+09),
           ( 1.320, -1.11e+09),
           ( 1.323, -2.14e+09),
           ( 1.326, -4.30e+08),
           ( 1.330,  5.04e+08),
           ( 1.333, -9.47e+08),
           ( 1.336,  1.30e+09),
           ( 1.340, -3.57e+08),
           ( 1.343, -1.08e+09),
           ( 1.347, -3.36e+08),
           ( 1.350, -4.31e+08),
           ( 1.353, -7.67e+08),
           ( 1.357, -7.82e+08),
           ( 1.360,  3.99e+08),
           ( 1.363, -4.40e+08),
           ( 1.367,  1.19e+08),
           ( 1.370, -6.03e+08),
           ( 1.374, -1.11e+09),
           ( 1.377, -1.35e+09),
           ( 1.380, -6.73e+08),
           ( 1.384, -8.75e+08),
           ( 1.387, -3.83e+08),
           ( 1.390, -1.37e+09),
           ( 1.394, -5.45e+08),
           ( 1.397, -5.89e+08),
           ( 1.401, -2.87e+09),
           ( 1.404, -1.31e+09),
           ( 1.407, -1.31e+09),
           ( 1.411,  6.03e+08),
           ( 1.414,  2.52e+08),
           ( 1.417,  4.50e+08),
           ( 1.421,  1.01e+09),
           ( 1.424, -7.33e+08),
           ( 1.428, -8.62e+08),
           ( 1.431, -5.07e+08),
           ( 1.434, -6.07e+08),
           ( 1.438, -1.85e+09),
           ( 1.444,  5.04e+07),
           ( 1.448, -8.62e+08),
           ( 1.451,  6.51e+08),
           ( 1.455,  7.86e+08),
           ( 1.458,  1.64e+08),
           ( 1.461,  4.15e+07),
           ( 1.465,  7.44e+08),
           ( 1.468,  3.40e+08),
           ( 1.471,  1.36e+08),
           ( 1.475, -2.55e+08),
           ( 1.478,  6.05e+08),
           ( 1.482, -1.73e+09),
           ( 1.485, -1.79e+09),
           ( 1.488, -2.02e+09),
           ( 1.492, -1.35e+09),
           ( 1.495, -1.47e+09),
           ( 1.498, -7.67e+07),
           ( 1.502,  5.37e+08),
           ( 1.505, -2.58e+08),
           ( 1.509,  4.11e+08),
           ( 1.512,  6.74e+08),
           ( 1.515, -1.27e+08),
           ( 1.519,  2.77e+08),
           ( 1.522,  9.74e+08),
           ( 1.526,  7.45e+08),
           ( 1.529, -3.03e+08),
           ( 1.532,  1.11e+09),
           ( 1.536, -3.92e+07),
           ( 1.539,  8.76e+08),
           ( 1.542,  8.84e+07),
           ( 1.546,  7.01e+07),
           ( 1.549,  3.27e+08),
           ( 1.553,  1.28e+07),
           ( 1.556,  6.06e+08),
           ( 1.559,  7.89e+07),
           ( 1.563, -1.53e+09),
           ( 1.566, -6.70e+08),
           ( 1.569, -1.06e+09),
           ( 1.573,  2.09e+08),
           ( 1.576, -1.99e+09),
           ( 1.580, -1.17e+09),
           ( 1.583, -2.68e+09),
           ( 1.586, -1.33e+09),
           ( 1.590, -1.91e+09),
           ( 1.593, -1.25e+09),
           ( 1.596, -1.41e+09),
           ( 1.600, -1.66e+09),
           ( 1.603, -1.43e+09),
           ( 1.607, -1.54e+09),
           ( 1.613, -2.65e+09),
           ( 1.617, -2.89e+09),
           ( 1.620, -3.25e+09),
           ( 1.623, -2.27e+09),
           ( 1.627, -2.79e+09),
           ( 1.634, -1.02e+09),
           ( 1.640, -2.99e+09),
           ( 1.644, -2.94e+09),
           ( 1.647, -2.59e+09),
           ( 1.650, -7.29e+08),
           ( 1.654,  6.97e+07),
           ( 1.657, -6.15e+08),
           ( 1.661, -1.55e+09),
           ( 1.664, -1.28e+09),
           ( 1.667, -1.16e+09),
           ( 1.671, -1.15e+09),
           ( 1.674, -6.18e+08),
           ( 1.677,  2.02e+08),
           ( 1.681, -6.58e+08),
           ( 1.684, -7.89e+08),
           ( 1.688, -4.87e+08),
           ( 1.691,  1.59e+08),
           ( 1.694, -2.98e+08),
           ( 1.698, -5.42e+08),
           ( 1.701, -1.22e+09),
           ( 1.704, -1.59e+09),
           ( 1.708, -3.28e+07),
           ( 1.711, -4.79e+08),
           ( 1.715, -3.07e+08),
           ( 1.718,  1.35e+08),
           ( 1.721, -1.28e+09),
           ( 1.725,  1.71e+09),
           ( 1.728,  2.29e+08),
           ( 1.731,  3.75e+08),
           ( 1.735,  2.03e+08),
           ( 1.738,  4.39e+08),
           ( 1.742, -2.91e+08),
           ( 1.745, -1.51e+08),
           ( 1.748, -2.48e+08),
           ( 1.752, -9.08e+08),
           ( 1.755, -5.89e+08),
           ( 1.758, -1.49e+08),
           ( 1.762, -2.05e+08),
           ( 1.765,  6.20e+08),
           ( 1.769, -4.79e+08),
           ( 1.772, -5.36e+08),
           ( 1.775,  8.92e+07),
           ( 1.779,  3.39e+07),
           ( 1.782,  2.86e+08),
           ( 1.785, -4.81e+08),
           ( 1.789,  2.69e+08),
           ( 1.792, -1.49e+08),
           ( 1.796,  8.43e+08),
           ( 1.799, -7.24e+08),
           ( 1.799, -7.24e+08)]
