Bolide Detection Notification: 2020-312

At 21:27:04 UT on 07 Nov 2020, sensors aboard U. S. Government satellites recorded
the flash signature of a large meteoroid entry into the atmosphere. Location of the
flash was Lat 59.8N, Lon 16.8E.

Based upon the visible-light intensity-time signature, peak brightness of the flash
was determined to be approximately 6.07e+09 watts/steradian, and total radiated flash
energy 8.53e+10 joules (6000K blackbody model).

Columns: time, intensity (w/sr)
Intensity=[(-2.997, -2.88e+08),
           (-2.994,  8.72e+07),
           (-2.987, -1.35e+09),
           (-2.984,  1.45e+09),
           (-2.980, -2.61e+08),
           (-2.977, -6.68e+08),
           (-2.970,  1.18e+09),
           (-2.967, -3.95e+08),
           (-2.963,  5.63e+08),
           (-2.960,  1.09e+08),
           (-2.953, -2.24e+08),
           (-2.950,  1.45e+09),
           (-2.946,  2.74e+08),
           (-2.943,  1.04e+09),
           (-2.933, -4.46e+07),
           (-2.929,  1.14e+07),
           (-2.926,  6.26e+08),
           (-2.919,  1.78e+08),
           (-2.916,  3.62e+08),
           (-2.913, -4.36e+08),
           (-2.909, -3.32e+08),
           (-2.906,  3.66e+08),
           (-2.903, -6.64e+08),
           (-2.899, -2.81e+08),
           (-2.889,  1.68e+08),
           (-2.886, -6.60e+07),
           (-2.882,  4.15e+08),
           (-2.879, -1.82e+08),
           (-2.876,  6.30e+08),
           (-2.872, -5.88e+08),
           (-2.869,  4.98e+08),
           (-2.865, -2.75e+08),
           (-2.862,  5.21e+08),
           (-2.859,  2.24e+08),
           (-2.855,  4.89e+08),
           (-2.852, -4.43e+08),
           (-2.848, -2.17e+08),
           (-2.845,  4.88e+08),
           (-2.842, -4.00e+08),
           (-2.838, -1.01e+08),
           (-2.835,  1.99e+06),
           (-2.832,  1.33e+09),
           (-2.828,  4.14e+08),
           (-2.825,  6.38e+08),
           (-2.822, -5.50e+07),
           (-2.818,  7.90e+08),
           (-2.815,  3.66e+08),
           (-2.811,  9.42e+08),
           (-2.808, -1.70e+08),
           (-2.805, -5.38e+08),
           (-2.801,  8.02e+08),
           (-2.798, -9.23e+08),
           (-2.794, -5.58e+08),
           (-2.791,  4.10e+08),
           (-2.788,  4.56e+08),
           (-2.781, -6.64e+08),
           (-2.778,  3.35e+08),
           (-2.774,  7.54e+08),
           (-2.771, -7.26e+08),
           (-2.767,  3.46e+08),
           (-2.764, -5.85e+08),
           (-2.761,  2.15e+08),
           (-2.757,  9.59e+07),
           (-2.754, -1.09e+09),
           (-2.751, -2.26e+08),
           (-2.747,  5.21e+07),
           (-2.744,  5.72e+08),
           (-2.737, -5.11e+08),
           (-2.734, -4.68e+08),
           (-2.727,  5.92e+08),
           (-2.724,  8.80e+07),
           (-2.720, -5.64e+07),
           (-2.717, -4.03e+07),
           (-2.713, -3.46e+08),
           (-2.710, -2.74e+08),
           (-2.707, -9.87e+08),
           (-2.700,  9.62e+08),
           (-2.697, -4.04e+08),
           (-2.693, -9.01e+08),
           (-2.690, -3.40e+08),
           (-2.687, -1.41e+09),
           (-2.683, -4.25e+08),
           (-2.680, -1.58e+05),
           (-2.676, -1.06e+09),
           (-2.673,  4.52e+08),
           (-2.670,  9.50e+08),
           (-2.666, -4.80e+08),
           (-2.663, -4.55e+07),
           (-2.660,  1.67e+08),
           (-2.656, -2.72e+08),
           (-2.653,  4.57e+07),
           (-2.649,  5.07e+07),
           (-2.643,  9.09e+08),
           (-2.639,  4.74e+08),
           (-2.636, -7.80e+08),
           (-2.632,  2.08e+07),
           (-2.629,  1.66e+09),
           (-2.626,  5.84e+08),
           (-2.622,  5.42e+08),
           (-2.619,  1.14e+07),
           (-2.616, -2.07e+08),
           (-2.612,  2.63e+08),
           (-2.609, -4.27e+07),
           (-2.606, -1.14e+08),
           (-2.602, -4.64e+07),
           (-2.599,  4.58e+08),
           (-2.595,  4.70e+08),
           (-2.592, -6.11e+08),
           (-2.589,  1.36e+08),
           (-2.585,  3.43e+08),
           (-2.582, -3.94e+08),
           (-2.572,  8.89e+08),
           (-2.568, -3.18e+08),
           (-2.565,  1.60e+08),
           (-2.562, -8.51e+08),
           (-2.558, -1.19e+08),
           (-2.555,  1.04e+09),
           (-2.551,  8.61e+08),
           (-2.548,  4.15e+08),
           (-2.545,  1.84e+08),
           (-2.541, -3.84e+08),
           (-2.535,  9.69e+08),
           (-2.531,  2.24e+07),
           (-2.528,  4.20e+08),
           (-2.525, -9.49e+07),
           (-2.518,  8.88e+08),
           (-2.514,  8.23e+08),
           (-2.508, -4.80e+08),
           (-2.504, -5.95e+08),
           (-2.501,  6.82e+08),
           (-2.497,  1.95e+08),
           (-2.494, -6.21e+08),
           (-2.491, -3.11e+08),
           (-2.487, -6.31e+08),
           (-2.484,  7.07e+08),
           (-2.481,  3.53e+07),
           (-2.477, -8.59e+07),
           (-2.474, -5.09e+08),
           (-2.470,  1.63e+08),
           (-2.467, -1.50e+08),
           (-2.464, -2.58e+08),
           (-2.460,  8.13e+08),
           (-2.457, -1.03e+09),
           (-2.454,  1.90e+08),
           (-2.450, -6.34e+08),
           (-2.447,  5.43e+08),
           (-2.444,  4.03e+08),
           (-2.437, -8.62e+08),
           (-2.433,  1.06e+08),
           (-2.430,  1.05e+08),
           (-2.427, -1.10e+09),
           (-2.423,  9.70e+08),
           (-2.420,  1.95e+08),
           (-2.416,  1.18e+08),
           (-2.413, -7.14e+08),
           (-2.410,  3.97e+08),
           (-2.406, -8.79e+08),
           (-2.403, -1.64e+08),
           (-2.400, -3.97e+08),
           (-2.396,  7.10e+08),
           (-2.390,  8.97e+07),
           (-2.386,  1.99e+08),
           (-2.379, -7.27e+08),
           (-2.376,  6.95e+08),
           (-2.369, -6.71e+08),
           (-2.366,  5.69e+08),
           (-2.363, -4.82e+08),
           (-2.359,  1.29e+08),
           (-2.356, -4.47e+08),
           (-2.352, -1.31e+08),
           (-2.349,  6.05e+08),
           (-2.346,  2.01e+08),
           (-2.342,  5.96e+07),
           (-2.339, -1.25e+09),
           (-2.335,  8.04e+08),
           (-2.332,  1.27e+08),
           (-2.329, -1.72e+08),
           (-2.325,  9.88e+08),
           (-2.322, -4.09e+08),
           (-2.319,  5.07e+08),
           (-2.315,  6.08e+08),
           (-2.312, -1.33e+09),
           (-2.305,  5.97e+08),
           (-2.302, -8.80e+08),
           (-2.298,  8.45e+08),
           (-2.295, -8.58e+08),
           (-2.288, -4.46e+08),
           (-2.285,  1.24e+08),
           (-2.282,  4.07e+08),
           (-2.278, -4.16e+08),
           (-2.275, -3.01e+08),
           (-2.271, -3.63e+08),
           (-2.268,  2.38e+08),
           (-2.265,  3.42e+08),
           (-2.261,  1.09e+09),
           (-2.258,  1.56e+08),
           (-2.254,  8.44e+08),
           (-2.248, -5.82e+08),
           (-2.244, -1.61e+08),
           (-2.241, -8.05e+08),
           (-2.238,  2.01e+08),
           (-2.234, -1.71e+08),
           (-2.231, -1.59e+09),
           (-2.228,  4.50e+08),
           (-2.221, -4.67e+08),
           (-2.217,  2.00e+07),
           (-2.214, -7.96e+07),
           (-2.211,  3.68e+08),
           (-2.207, -5.42e+08),
           (-2.204,  6.24e+08),
           (-2.200, -1.08e+09),
           (-2.197, -7.88e+08),
           (-2.194,  2.49e+07),
           (-2.190, -8.62e+08),
           (-2.187,  5.54e+08),
           (-2.184, -1.20e+09),
           (-2.177, -4.17e+08),
           (-2.173,  4.12e+07),
           (-2.170, -2.36e+07),
           (-2.167, -6.31e+08),
           (-2.160, -1.03e+08),
           (-2.157, -6.46e+08),
           (-2.153,  6.50e+08),
           (-2.150,  9.01e+07),
           (-2.147,  2.60e+08),
           (-2.143, -7.74e+08),
           (-2.140, -3.04e+08),
           (-2.136, -6.01e+08),
           (-2.133,  4.66e+08),
           (-2.130, -3.62e+08),
           (-2.126, -5.32e+08),
           (-2.123, -1.70e+08),
           (-2.119, -1.12e+09),
           (-2.113, -3.75e+08),
           (-2.109,  1.14e+09),
           (-2.106, -1.34e+09),
           (-2.103, -2.66e+08),
           (-2.099, -4.68e+08),
           (-2.096,  1.71e+08),
           (-2.093, -9.50e+08),
           (-2.089,  2.84e+08),
           (-2.082, -3.23e+08),
           (-2.079, -2.74e+08),
           (-2.076,  3.63e+08),
           (-2.072, -1.97e+07),
           (-2.069,  8.32e+08),
           (-2.066,  9.38e+08),
           (-2.062, -3.65e+08),
           (-2.059,  1.99e+09),
           (-2.055, -1.10e+08),
           (-2.052, -5.05e+08),
           (-2.049,  3.10e+08),
           (-2.045, -3.19e+08),
           (-2.042, -4.50e+08),
           (-2.032,  3.52e+08),
           (-2.028,  4.51e+08),
           (-2.025, -6.08e+08),
           (-2.018,  1.79e+08),
           (-2.015, -1.44e+08),
           (-2.012,  9.46e+08),
           (-2.008,  6.39e+08),
           (-2.001,  6.30e+08),
           (-1.998,  6.11e+08),
           (-1.995,  1.49e+09),
           (-1.988, -4.34e+08),
           (-1.981,  8.20e+07),
           (-1.978,  5.14e+08),
           (-1.974,  8.30e+07),
           (-1.971,  1.31e+09),
           (-1.968, -1.08e+08),
           (-1.964, -6.63e+08),
           (-1.961,  1.88e+08),
           (-1.957, -7.01e+08),
           (-1.951,  5.05e+08),
           (-1.947, -4.70e+08),
           (-1.944, -2.79e+08),
           (-1.941, -3.17e+08),
           (-1.937,  4.74e+08),
           (-1.934,  3.72e+08),
           (-1.931, -3.92e+08),
           (-1.927,  4.64e+08),
           (-1.924, -4.59e+08),
           (-1.920,  1.50e+08),
           (-1.917,  4.48e+08),
           (-1.910, -1.10e+09),
           (-1.907,  2.75e+08),
           (-1.903,  3.25e+08),
           (-1.900,  4.04e+08),
           (-1.897,  2.60e+08),
           (-1.893, -4.68e+08),
           (-1.890, -1.44e+08),
           (-1.883,  8.81e+08),
           (-1.880,  2.67e+08),
           (-1.873,  6.51e+08),
           (-1.870, -3.67e+08),
           (-1.863,  7.15e+08),
           (-1.860,  5.40e+07),
           (-1.856,  6.41e+07),
           (-1.853, -4.19e+08),
           (-1.850, -3.82e+08),
           (-1.846, -7.34e+08),
           (-1.843, -5.51e+08),
           (-1.839, -6.58e+07),
           (-1.836, -7.67e+08),
           (-1.833,  8.21e+08),
           (-1.829, -7.00e+08),
           (-1.826, -2.21e+08),
           (-1.822,  1.12e+07),
           (-1.819, -8.08e+08),
           (-1.816,  3.31e+08),
           (-1.812,  8.20e+07),
           (-1.809, -4.02e+08),
           (-1.806, -3.50e+07),
           (-1.802, -8.66e+08),
           (-1.799, -6.07e+08),
           (-1.796,  2.98e+08),
           (-1.792, -7.44e+07),
           (-1.789, -3.76e+07),
           (-1.785,  5.37e+08),
           (-1.782, -1.46e+08),
           (-1.779, -3.00e+08),
           (-1.775,  1.13e+09),
           (-1.772,  1.05e+09),
           (-1.769, -1.31e+08),
           (-1.765,  9.59e+08),
           (-1.762,  7.19e+08),
           (-1.758,  8.08e+08),
           (-1.755, -1.25e+07),
           (-1.752,  2.64e+08),
           (-1.748,  8.59e+08),
           (-1.741, -3.84e+08),
           (-1.738,  6.81e+08),
           (-1.731, -9.99e+08),
           (-1.728,  4.75e+08),
           (-1.725,  1.89e+08),
           (-1.721,  5.74e+08),
           (-1.718, -1.71e+08),
           (-1.715,  2.09e+08),
           (-1.711,  8.79e+08),
           (-1.708, -7.55e+08),
           (-1.704,  1.21e+08),
           (-1.701,  1.83e+08),
           (-1.694, -9.47e+08),
           (-1.691, -1.06e+08),
           (-1.688, -9.73e+08),
           (-1.684,  5.79e+08),
           (-1.681, -5.58e+08),
           (-1.677,  2.12e+08),
           (-1.674, -4.07e+08),
           (-1.671,  1.25e+08),
           (-1.667,  1.55e+09),
           (-1.664,  7.47e+08),
           (-1.660,  3.69e+08),
           (-1.657, -5.88e+08),
           (-1.654,  1.18e+09),
           (-1.650,  4.34e+08),
           (-1.647,  1.09e+09),
           (-1.644, -5.62e+08),
           (-1.640, -4.43e+08),
           (-1.637,  1.07e+09),
           (-1.634, -1.83e+08),
           (-1.630, -5.65e+08),
           (-1.627,  2.50e+08),
           (-1.623,  5.13e+08),
           (-1.620, -1.32e+08),
           (-1.617, -2.58e+08),
           (-1.613,  1.05e+09),
           (-1.606, -2.05e+08),
           (-1.603,  4.26e+07),
           (-1.600,  1.52e+09),
           (-1.593,  1.32e+08),
           (-1.590,  7.03e+08),
           (-1.586,  1.07e+08),
           (-1.583,  4.07e+08),
           (-1.580, -3.98e+08),
           (-1.576,  7.82e+08),
           (-1.573, -3.38e+08),
           (-1.569, -1.92e+08),
           (-1.563,  5.36e+08),
           (-1.559,  6.07e+08),
           (-1.556,  9.09e+08),
           (-1.553,  2.96e+08),
           (-1.549,  1.04e+08),
           (-1.546,  3.34e+08),
           (-1.542, -9.14e+08),
           (-1.539,  6.68e+08),
           (-1.536,  6.12e+08),
           (-1.532,  5.98e+08),
           (-1.529, -1.31e+08),
           (-1.525,  2.59e+08),
           (-1.522,  1.20e+09),
           (-1.519,  3.87e+08),
           (-1.515,  6.88e+08),
           (-1.512,  2.05e+08),
           (-1.509,  6.95e+08),
           (-1.505,  8.97e+08),
           (-1.502, -9.29e+08),
           (-1.495,  1.13e+09),
           (-1.492,  1.15e+09),
           (-1.488,  6.04e+08),
           (-1.485,  5.63e+08),
           (-1.482,  9.65e+07),
           (-1.478,  4.46e+08),
           (-1.472, -5.74e+08),
           (-1.468, -1.94e+08),
           (-1.465,  4.96e+08),
           (-1.461, -5.04e+08),
           (-1.458, -5.31e+08),
           (-1.455, -3.90e+08),
           (-1.451,  1.27e+09),
           (-1.448,  9.12e+08),
           (-1.438, -6.61e+08),
           (-1.434,  3.36e+07),
           (-1.431,  3.58e+08),
           (-1.428,  1.37e+09),
           (-1.424, -9.49e+08),
           (-1.421,  8.12e+08),
           (-1.418, -2.94e+08),
           (-1.414,  7.66e+07),
           (-1.411,  9.55e+08),
           (-1.407,  3.38e+08),
           (-1.404,  4.05e+08),
           (-1.401,  7.34e+08),
           (-1.397,  5.52e+07),
           (-1.394,  2.81e+06),
           (-1.391,  5.16e+08),
           (-1.387, -3.78e+08),
           (-1.384,  2.32e+08),
           (-1.380, -8.69e+07),
           (-1.377,  3.64e+08),
           (-1.374,  3.31e+08),
           (-1.370,  9.19e+08),
           (-1.367,  7.89e+07),
           (-1.363,  7.28e+08),
           (-1.360,  7.66e+08),
           (-1.357,  1.05e+09),
           (-1.353,  5.24e+08),
           (-1.350, -4.25e+08),
           (-1.347,  2.92e+08),
           (-1.343, -7.51e+08),
           (-1.340,  7.30e+08),
           (-1.337,  1.08e+09),
           (-1.333,  3.22e+08),
           (-1.330,  4.76e+08),
           (-1.326,  2.81e+08),
           (-1.323,  1.55e+09),
           (-1.320,  7.91e+08),
           (-1.316,  1.10e+09),
           (-1.313,  8.03e+08),
           (-1.309,  1.05e+09),
           (-1.306,  4.11e+08),
           (-1.303,  9.88e+08),
           (-1.299,  1.30e+09),
           (-1.293,  1.04e+08),
           (-1.289,  8.85e+08),
           (-1.286,  4.64e+08),
           (-1.279,  2.14e+09),
           (-1.276,  3.97e+07),
           (-1.272,  2.28e+08),
           (-1.269,  2.17e+08),
           (-1.266,  7.54e+08),
           (-1.262,  5.72e+08),
           (-1.259, -1.17e+08),
           (-1.256,  9.76e+08),
           (-1.249,  1.25e+09),
           (-1.245, -4.02e+07),
           (-1.239,  3.21e+08),
           (-1.235,  2.16e+07),
           (-1.232,  5.39e+08),
           (-1.228, -4.42e+08),
           (-1.225,  3.33e+08),
           (-1.222,  3.30e+08),
           (-1.218,  2.83e+08),
           (-1.215,  2.67e+08),
           (-1.212,  1.36e+09),
           (-1.208,  5.12e+08),
           (-1.205,  9.36e+08),
           (-1.202,  4.75e+07),
           (-1.198,  1.89e+09),
           (-1.195,  7.60e+08),
           (-1.191,  8.94e+08),
           (-1.185,  5.29e+08),
           (-1.181, -2.60e+06),
           (-1.178,  3.35e+08),
           (-1.175,  1.61e+09),
           (-1.164,  6.00e+08),
           (-1.154,  1.93e+09),
           (-1.151,  8.15e+08),
           (-1.147,  8.40e+08),
           (-1.144, -7.10e+07),
           (-1.141,  1.55e+09),
           (-1.137,  1.22e+09),
           (-1.134,  2.14e+09),
           (-1.131,  2.35e+08),
           (-1.127, -9.06e+07),
           (-1.124,  1.76e+09),
           (-1.121,  1.64e+09),
           (-1.117,  1.12e+09),
           (-1.114,  1.11e+09),
           (-1.110, -1.90e+07),
           (-1.104,  6.96e+08),
           (-1.094, -1.09e+08),
           (-1.090, -4.10e+07),
           (-1.087,  8.73e+08),
           (-1.083,  2.53e+08),
           (-1.080,  4.33e+08),
           (-1.077,  1.98e+08),
           (-1.073,  1.05e+09),
           (-1.070,  9.12e+08),
           (-1.066,  1.67e+09),
           (-1.063,  1.49e+09),
           (-1.060,  2.17e+09),
           (-1.056,  1.42e+09),
           (-1.053,  1.23e+09),
           (-1.050,  1.30e+09),
           (-1.046,  1.96e+09),
           (-1.043,  1.18e+09),
           (-1.040,  2.33e+09),
           (-1.036,  6.16e+08),
           (-1.033, -2.56e+08),
           (-1.026,  2.03e+09),
           (-1.019,  2.80e+08),
           (-1.016,  1.67e+09),
           (-1.012,  1.87e+09),
           (-1.009,  1.61e+09),
           (-1.006,  1.59e+09),
           (-1.002,  1.97e+08),
           (-0.999,  2.07e+07),
           (-0.996,  1.62e+09),
           (-0.992,  3.07e+08),
           (-0.989,  1.84e+09),
           (-0.986,  1.13e+09),
           (-0.982,  1.68e+09),
           (-0.979,  1.11e+09),
           (-0.975,  2.57e+09),
           (-0.972,  1.04e+09),
           (-0.969,  1.36e+09),
           (-0.965,  6.21e+08),
           (-0.962,  1.05e+09),
           (-0.959,  1.22e+08),
           (-0.955,  1.26e+09),
           (-0.952,  9.85e+08),
           (-0.948,  1.24e+09),
           (-0.945,  2.21e+09),
           (-0.942,  1.85e+09),
           (-0.938,  2.22e+08),
           (-0.935,  1.77e+09),
           (-0.931,  2.47e+09),
           (-0.928,  9.94e+08),
           (-0.925,  7.87e+08),
           (-0.921,  8.28e+08),
           (-0.918,  8.32e+08),
           (-0.915,  1.07e+09),
           (-0.911,  5.14e+08),
           (-0.908,  1.73e+09),
           (-0.905,  1.73e+09),
           (-0.901,  8.61e+08),
           (-0.898,  2.26e+09),
           (-0.894,  5.37e+08),
           (-0.891,  1.09e+09),
           (-0.888,  7.28e+08),
           (-0.884,  2.29e+09),
           (-0.881,  1.07e+09),
           (-0.878,  1.51e+09),
           (-0.874,  6.24e+08),
           (-0.871,  1.70e+09),
           (-0.867,  1.14e+09),
           (-0.864,  9.41e+08),
           (-0.861,  4.62e+08),
           (-0.857,  1.08e+09),
           (-0.854, -3.82e+08),
           (-0.850, -1.02e+08),
           (-0.847,  1.65e+09),
           (-0.844,  7.72e+08),
           (-0.837, -6.03e+07),
           (-0.834,  1.42e+09),
           (-0.830,  1.95e+09),
           (-0.827,  4.11e+08),
           (-0.824, -2.43e+08),
           (-0.820,  1.09e+09),
           (-0.817,  1.21e+09),
           (-0.813,  4.67e+08),
           (-0.810,  6.01e+08),
           (-0.807,  9.85e+08),
           (-0.803, -9.53e+08),
           (-0.800,  7.75e+08),
           (-0.797,  7.31e+08),
           (-0.793,  3.39e+08),
           (-0.790,  1.89e+09),
           (-0.786,  1.50e+09),
           (-0.783,  1.59e+08),
           (-0.773,  1.69e+09),
           (-0.769,  9.37e+08),
           (-0.766,  8.50e+08),
           (-0.763,  1.91e+09),
           (-0.759,  2.32e+09),
           (-0.756,  1.22e+09),
           (-0.753,  9.21e+08),
           (-0.749,  1.24e+09),
           (-0.746, -4.17e+07),
           (-0.743,  1.45e+09),
           (-0.739,  1.35e+09),
           (-0.736,  2.36e+09),
           (-0.732,  1.44e+09),
           (-0.726,  9.77e+08),
           (-0.719,  1.89e+09),
           (-0.715,  1.29e+09),
           (-0.712,  1.82e+09),
           (-0.709,  2.95e+09),
           (-0.705,  1.18e+09),
           (-0.702,  7.26e+08),
           (-0.699,  1.27e+09),
           (-0.692,  1.08e+09),
           (-0.689,  1.34e+09),
           (-0.685,  1.34e+09),
           (-0.682,  1.82e+09),
           (-0.678,  6.07e+08),
           (-0.675,  1.29e+09),
           (-0.672,  7.36e+08),
           (-0.668, -8.92e+07),
           (-0.665,  1.63e+08),
           (-0.662,  1.18e+09),
           (-0.658, -1.20e+08),
           (-0.655,  8.25e+08),
           (-0.651,  9.33e+08),
           (-0.648,  1.19e+09),
           (-0.645,  9.72e+08),
           (-0.641,  4.82e+08),
           (-0.638,  8.36e+08),
           (-0.634,  8.94e+08),
           (-0.628, -2.81e+08),
           (-0.624,  2.13e+09),
           (-0.621, -5.75e+08),
           (-0.618,  5.45e+08),
           (-0.614, -4.73e+08),
           (-0.611,  9.97e+08),
           (-0.608, -1.01e+08),
           (-0.604,  9.84e+08),
           (-0.601,  6.07e+08),
           (-0.597,  1.32e+09),
           (-0.594,  1.47e+09),
           (-0.591,  1.48e+09),
           (-0.587,  3.50e+08),
           (-0.581,  9.11e+08),
           (-0.577,  8.73e+08),
           (-0.574,  1.36e+09),
           (-0.570,  9.20e+08),
           (-0.567,  8.81e+08),
           (-0.564,  1.41e+09),
           (-0.560,  9.84e+08),
           (-0.557, -2.03e+07),
           (-0.553,  2.48e+07),
           (-0.550,  9.20e+08),
           (-0.547,  8.60e+08),
           (-0.543,  5.11e+08),
           (-0.540,  9.85e+08),
           (-0.537,  2.28e+08),
           (-0.530,  1.04e+09),
           (-0.527,  1.11e+09),
           (-0.523,  7.61e+07),
           (-0.516,  2.03e+09),
           (-0.513,  2.17e+09),
           (-0.510,  1.81e+09),
           (-0.506,  1.96e+09),
           (-0.503,  1.32e+09),
           (-0.500,  9.91e+08),
           (-0.496,  1.74e+09),
           (-0.493,  1.61e+08),
           (-0.489,  6.07e+08),
           (-0.486,  1.65e+09),
           (-0.483,  1.33e+09),
           (-0.479,  2.00e+09),
           (-0.476,  4.34e+08),
           (-0.473,  1.73e+09),
           (-0.469,  1.95e+09),
           (-0.466,  1.24e+09),
           (-0.462,  1.88e+09),
           (-0.459,  1.67e+09),
           (-0.456,  6.72e+08),
           (-0.452,  1.82e+09),
           (-0.449,  2.29e+09),
           (-0.442,  1.79e+09),
           (-0.439,  3.24e+09),
           (-0.435,  1.79e+09),
           (-0.432,  1.75e+09),
           (-0.429,  1.91e+09),
           (-0.425,  2.35e+09),
           (-0.422,  1.85e+09),
           (-0.418,  1.10e+09),
           (-0.415,  2.47e+09),
           (-0.412,  1.87e+09),
           (-0.408,  2.08e+09),
           (-0.405,  1.17e+09),
           (-0.398,  2.86e+09),
           (-0.395,  1.53e+09),
           (-0.392,  9.80e+08),
           (-0.388,  9.76e+08),
           (-0.385,  2.01e+09),
           (-0.381,  2.07e+09),
           (-0.378,  1.52e+09),
           (-0.375,  1.68e+09),
           (-0.371,  3.39e+09),
           (-0.368,  2.67e+09),
           (-0.365,  1.59e+09),
           (-0.361,  2.02e+09),
           (-0.358,  3.18e+09),
           (-0.351,  1.59e+09),
           (-0.348,  2.07e+09),
           (-0.344,  1.88e+09),
           (-0.341,  2.57e+09),
           (-0.337,  2.01e+09),
           (-0.334,  2.65e+09),
           (-0.331,  2.46e+09),
           (-0.327,  3.62e+09),
           (-0.324,  3.49e+09),
           (-0.317,  2.92e+09),
           (-0.314,  3.56e+09),
           (-0.311,  2.92e+09),
           (-0.307,  1.69e+09),
           (-0.304,  2.33e+09),
           (-0.300,  2.06e+09),
           (-0.297,  2.14e+09),
           (-0.294,  1.97e+09),
           (-0.290,  2.45e+09),
           (-0.287,  1.60e+09),
           (-0.284,  1.39e+09),
           (-0.280,  2.06e+09),
           (-0.277,  1.76e+09),
           (-0.273,  1.77e+09),
           (-0.270,  2.58e+09),
           (-0.267,  2.29e+09),
           (-0.263,  1.12e+09),
           (-0.260,  2.54e+09),
           (-0.256,  2.08e+09),
           (-0.253,  1.22e+09),
           (-0.250,  2.40e+09),
           (-0.246,  1.21e+09),
           (-0.240,  2.58e+09),
           (-0.236,  1.91e+09),
           (-0.233,  2.26e+09),
           (-0.230,  2.13e+09),
           (-0.226,  2.30e+09),
           (-0.223,  2.03e+09),
           (-0.216,  3.88e+09),
           (-0.213,  2.38e+09),
           (-0.209,  2.08e+09),
           (-0.206,  3.65e+09),
           (-0.203,  3.30e+09),
           (-0.199,  3.25e+09),
           (-0.196,  2.35e+09),
           (-0.192,  3.23e+09),
           (-0.189,  3.67e+09),
           (-0.186,  3.19e+09),
           (-0.182,  3.14e+09),
           (-0.179,  2.62e+09),
           (-0.176,  3.52e+09),
           (-0.169,  2.75e+09),
           (-0.165,  4.12e+09),
           (-0.162,  2.83e+09),
           (-0.159,  2.66e+09),
           (-0.155,  2.97e+09),
           (-0.152,  3.89e+09),
           (-0.149,  2.42e+09),
           (-0.145,  3.42e+09),
           (-0.142,  3.01e+09),
           (-0.138,  3.35e+09),
           (-0.135,  2.71e+09),
           (-0.132,  3.21e+09),
           (-0.128,  2.91e+09),
           (-0.125,  1.80e+09),
           (-0.121,  2.48e+09),
           (-0.118,  2.42e+09),
           (-0.115,  3.14e+09),
           (-0.111,  3.41e+09),
           (-0.108,  4.46e+09),
           (-0.105,  3.61e+09),
           (-0.101,  3.19e+09),
           (-0.098,  4.55e+09),
           (-0.095,  3.53e+09),
           (-0.091,  3.47e+09),
           (-0.088,  3.33e+09),
           (-0.084,  3.73e+09),
           (-0.081,  4.32e+09),
           (-0.074,  3.31e+09),
           (-0.071,  3.77e+09),
           (-0.068,  3.76e+09),
           (-0.064,  1.72e+09),
           (-0.061,  4.48e+09),
           (-0.057,  3.21e+09),
           (-0.054,  2.77e+09),
           (-0.051,  1.86e+09),
           (-0.047,  3.51e+09),
           (-0.044,  3.76e+09),
           (-0.040,  3.40e+09),
           (-0.037,  3.54e+09),
           (-0.030,  3.15e+09),
           (-0.027,  3.96e+09),
           (-0.024,  3.68e+09),
           (-0.017,  2.92e+09),
           (-0.014,  5.12e+09),
           (-0.010,  2.21e+09),
           (-0.007,  3.78e+09),
           (-0.003,  3.27e+09),
           (-0.000,  3.40e+09),
           ( 0.003,  4.44e+09),
           ( 0.007,  3.24e+09),
           ( 0.010,  3.46e+09),
           ( 0.017,  4.17e+09),
           ( 0.020,  3.33e+09),
           ( 0.024,  4.08e+09),
           ( 0.027,  4.01e+09),
           ( 0.030,  3.80e+09),
           ( 0.034,  5.38e+09),
           ( 0.037,  4.24e+09),
           ( 0.044,  3.45e+09),
           ( 0.047,  3.84e+09),
           ( 0.051,  4.53e+09),
           ( 0.057,  3.14e+09),
           ( 0.061,  3.96e+09),
           ( 0.064,  5.52e+09),
           ( 0.067,  3.83e+09),
           ( 0.071,  5.09e+09),
           ( 0.074,  5.25e+09),
           ( 0.078,  5.86e+09),
           ( 0.081,  4.13e+09),
           ( 0.084,  4.81e+09),
           ( 0.088,  3.73e+09),
           ( 0.091,  4.99e+09),
           ( 0.094,  3.70e+09),
           ( 0.098,  4.66e+09),
           ( 0.101,  4.80e+09),
           ( 0.105,  3.99e+09),
           ( 0.111,  5.05e+09),
           ( 0.115,  5.26e+09),
           ( 0.118,  4.34e+09),
           ( 0.121,  4.87e+09),
           ( 0.125,  5.05e+09),
           ( 0.128,  4.93e+09),
           ( 0.132,  3.71e+09),
           ( 0.135,  4.13e+09),
           ( 0.138,  3.78e+09),
           ( 0.142,  4.33e+09),
           ( 0.145,  4.05e+09),
           ( 0.148,  4.49e+09),
           ( 0.152,  4.34e+09),
           ( 0.159,  4.82e+09),
           ( 0.162,  4.70e+09),
           ( 0.165,  4.36e+09),
           ( 0.169,  2.62e+09),
           ( 0.176,  5.26e+09),
           ( 0.179,  4.37e+09),
           ( 0.182,  5.33e+09),
           ( 0.186,  5.17e+09),
           ( 0.189,  5.67e+09),
           ( 0.192,  5.00e+09),
           ( 0.196,  3.76e+09),
           ( 0.199,  3.36e+09),
           ( 0.202,  5.00e+09),
           ( 0.206,  4.39e+09),
           ( 0.209,  4.62e+09),
           ( 0.213,  4.22e+09),
           ( 0.216,  4.62e+09),
           ( 0.219,  3.57e+09),
           ( 0.223,  5.34e+09),
           ( 0.226,  4.58e+09),
           ( 0.229,  5.60e+09),
           ( 0.233,  4.38e+09),
           ( 0.240,  4.75e+09),
           ( 0.243,  4.51e+09),
           ( 0.246,  6.07e+09),
           ( 0.250,  4.47e+09),
           ( 0.253,  4.82e+09),
           ( 0.257,  4.65e+09),
           ( 0.260,  5.15e+09),
           ( 0.263,  4.05e+09),
           ( 0.270,  4.41e+09),
           ( 0.273,  4.84e+09),
           ( 0.280,  3.65e+09),
           ( 0.283,  3.76e+09),
           ( 0.287,  5.19e+09),
           ( 0.290,  3.88e+09),
           ( 0.294,  3.35e+09),
           ( 0.297,  5.76e+09),
           ( 0.300,  5.14e+09),
           ( 0.304,  2.91e+09),
           ( 0.310,  4.16e+09),
           ( 0.314,  4.25e+09),
           ( 0.317,  3.90e+09),
           ( 0.321,  4.44e+09),
           ( 0.324,  2.96e+09),
           ( 0.327,  5.31e+09),
           ( 0.334,  4.06e+09),
           ( 0.338,  4.75e+09),
           ( 0.341,  4.05e+09),
           ( 0.344,  4.02e+09),
           ( 0.348,  4.14e+09),
           ( 0.351,  4.50e+09),
           ( 0.354,  3.40e+09),
           ( 0.358,  4.03e+09),
           ( 0.361,  4.99e+09),
           ( 0.364,  5.13e+09),
           ( 0.368,  3.54e+09),
           ( 0.371,  4.24e+09),
           ( 0.375,  3.89e+09),
           ( 0.378,  4.56e+09),
           ( 0.381,  4.83e+09),
           ( 0.385,  3.67e+09),
           ( 0.388,  4.25e+09),
           ( 0.391,  3.00e+09),
           ( 0.395,  3.26e+09),
           ( 0.398,  3.29e+09),
           ( 0.402,  3.53e+09),
           ( 0.405,  3.01e+09),
           ( 0.408,  3.03e+09),
           ( 0.412,  3.84e+09),
           ( 0.415,  3.16e+09),
           ( 0.418,  4.41e+09),
           ( 0.422,  3.74e+09),
           ( 0.425,  4.18e+09),
           ( 0.429,  3.60e+09),
           ( 0.432,  4.90e+09),
           ( 0.435,  4.59e+09),
           ( 0.439,  3.91e+09),
           ( 0.442,  4.20e+09),
           ( 0.445,  3.17e+09),
           ( 0.449,  3.78e+09),
           ( 0.452,  4.92e+09),
           ( 0.459,  3.99e+09),
           ( 0.462,  4.55e+09),
           ( 0.466,  3.77e+09),
           ( 0.469,  3.80e+09),
           ( 0.473,  3.53e+09),
           ( 0.476,  4.18e+09),
           ( 0.479,  4.28e+09),
           ( 0.483,  2.41e+09),
           ( 0.486,  3.69e+09),
           ( 0.489,  2.85e+09),
           ( 0.496,  3.75e+09),
           ( 0.499,  3.72e+09),
           ( 0.503,  4.34e+09),
           ( 0.506,  3.56e+09),
           ( 0.510,  3.18e+09),
           ( 0.513,  3.38e+09),
           ( 0.516,  3.97e+09),
           ( 0.520,  3.75e+09),
           ( 0.526,  2.35e+09),
           ( 0.530,  3.43e+09),
           ( 0.533,  3.72e+09),
           ( 0.537,  3.72e+09),
           ( 0.540,  4.76e+09),
           ( 0.543,  3.44e+09),
           ( 0.550,  4.21e+09),
           ( 0.554,  2.85e+09),
           ( 0.557,  4.79e+09),
           ( 0.560,  3.69e+09),
           ( 0.567,  3.13e+09),
           ( 0.570,  4.20e+09),
           ( 0.574,  3.78e+09),
           ( 0.577,  4.10e+09),
           ( 0.580,  3.09e+09),
           ( 0.584,  4.13e+09),
           ( 0.587,  3.54e+09),
           ( 0.591,  3.29e+09),
           ( 0.594,  3.89e+09),
           ( 0.597,  2.88e+09),
           ( 0.601,  4.16e+09),
           ( 0.604,  4.51e+09),
           ( 0.607,  4.03e+09),
           ( 0.611,  4.39e+09),
           ( 0.614,  3.23e+09),
           ( 0.618,  2.93e+09),
           ( 0.621,  4.63e+09),
           ( 0.624,  3.34e+09),
           ( 0.628,  3.78e+09),
           ( 0.631,  3.74e+09),
           ( 0.635,  3.74e+09),
           ( 0.638,  3.72e+09),
           ( 0.641,  2.83e+09),
           ( 0.645,  2.94e+09),
           ( 0.648,  4.14e+09),
           ( 0.655,  2.74e+09),
           ( 0.658,  3.92e+09),
           ( 0.661,  2.37e+09),
           ( 0.668,  3.34e+09),
           ( 0.672,  3.01e+09),
           ( 0.675,  4.22e+09),
           ( 0.678,  3.20e+09),
           ( 0.682,  3.05e+09),
           ( 0.685,  4.99e+09),
           ( 0.688,  3.25e+09),
           ( 0.692,  2.33e+09),
           ( 0.699,  3.72e+09),
           ( 0.702,  3.83e+09),
           ( 0.705,  2.11e+09),
           ( 0.709,  2.23e+09),
           ( 0.712,  2.72e+09),
           ( 0.715,  2.47e+09),
           ( 0.722,  3.54e+09),
           ( 0.726,  1.97e+09),
           ( 0.729,  2.45e+09),
           ( 0.732,  2.69e+09),
           ( 0.736,  2.24e+09),
           ( 0.739,  3.43e+09),
           ( 0.742,  2.71e+09),
           ( 0.746,  3.32e+09),
           ( 0.753,  1.23e+09),
           ( 0.756,  9.54e+08),
           ( 0.763,  1.66e+09),
           ( 0.766,  2.33e+09),
           ( 0.770,  1.93e+09),
           ( 0.773,  2.27e+09),
           ( 0.776,  2.40e+09),
           ( 0.780,  2.07e+09),
           ( 0.783,  3.09e+09),
           ( 0.786,  1.95e+09),
           ( 0.790,  2.38e+09),
           ( 0.793,  3.61e+09),
           ( 0.796,  1.93e+09),
           ( 0.800,  1.85e+09),
           ( 0.803,  1.02e+09),
           ( 0.807,  1.84e+09),
           ( 0.810,  2.09e+09),
           ( 0.813,  2.60e+09),
           ( 0.817,  1.02e+09),
           ( 0.823,  2.43e+09),
           ( 0.827,  1.94e+09),
           ( 0.834,  1.40e+09),
           ( 0.837,  1.97e+09),
           ( 0.840,  1.71e+09),
           ( 0.844,  8.00e+08),
           ( 0.847,  3.41e+09),
           ( 0.851,  1.26e+09),
           ( 0.854,  1.31e+09),
           ( 0.861,  2.45e+09),
           ( 0.864,  1.60e+09),
           ( 0.867,  3.36e+09),
           ( 0.871,  2.23e+09),
           ( 0.874,  2.02e+09),
           ( 0.877,  2.96e+09),
           ( 0.881,  1.85e+09),
           ( 0.888,  2.93e+09),
           ( 0.891,  2.93e+09),
           ( 0.894,  3.57e+09),
           ( 0.898,  1.59e+09),
           ( 0.901,  1.88e+09),
           ( 0.904,  3.10e+09),
           ( 0.908,  1.60e+09),
           ( 0.911,  2.85e+09),
           ( 0.915,  2.63e+09),
           ( 0.918,  3.42e+09),
           ( 0.921,  1.07e+09),
           ( 0.928,  2.89e+09),
           ( 0.935,  8.26e+08),
           ( 0.942,  1.79e+09),
           ( 0.945,  3.07e+09),
           ( 0.952,  7.37e+08),
           ( 0.955,  2.27e+09),
           ( 0.958,  1.54e+09),
           ( 0.965,  2.53e+09),
           ( 0.969,  1.74e+09),
           ( 0.972,  1.35e+09),
           ( 0.975,  2.38e+09),
           ( 0.979,  5.97e+08),
           ( 0.982,  2.79e+09),
           ( 0.985,  1.06e+09),
           ( 0.989,  1.11e+09),
           ( 0.992,  2.69e+09),
           ( 0.996,  1.92e+09),
           ( 1.002,  2.69e+09),
           ( 1.006,  3.22e+09),
           ( 1.009,  1.22e+09),
           ( 1.012,  2.71e+09),
           ( 1.016,  2.42e+09),
           ( 1.019,  1.32e+09),
           ( 1.023,  1.19e+09),
           ( 1.026,  1.42e+09),
           ( 1.029,  1.50e+09),
           ( 1.033,  2.19e+09),
           ( 1.036,  2.34e+09),
           ( 1.039,  1.95e+09),
           ( 1.046,  4.04e+08),
           ( 1.053,  2.51e+09),
           ( 1.060,  6.49e+08),
           ( 1.063,  1.72e+09),
           ( 1.067,  7.62e+08),
           ( 1.070,  1.04e+09),
           ( 1.073, -5.14e+08),
           ( 1.077,  7.69e+08),
           ( 1.080,  2.01e+08),
           ( 1.083,  3.59e+08),
           ( 1.087,  1.32e+09),
           ( 1.093,  5.09e+08),
           ( 1.100,  1.68e+09),
           ( 1.104,  7.71e+08),
           ( 1.107,  1.11e+09),
           ( 1.110,  2.10e+09),
           ( 1.114,  1.72e+09),
           ( 1.117,  9.77e+08),
           ( 1.120,  1.16e+09),
           ( 1.124,  1.10e+09),
           ( 1.127,  1.84e+09),
           ( 1.131,  7.05e+08),
           ( 1.134,  1.45e+09),
           ( 1.137,  1.78e+09),
           ( 1.144,  1.23e+09),
           ( 1.148,  1.34e+09),
           ( 1.151,  1.37e+09),
           ( 1.154,  2.09e+09),
           ( 1.158,  1.49e+09),
           ( 1.161,  2.06e+09),
           ( 1.164,  1.01e+09),
           ( 1.168,  4.83e+08),
           ( 1.171,  1.35e+09),
           ( 1.174,  1.14e+09),
           ( 1.178,  1.13e+09),
           ( 1.181,  2.81e+09),
           ( 1.185,  5.02e+08),
           ( 1.188,  5.60e+08),
           ( 1.191,  1.83e+09),
           ( 1.201,  3.38e+08),
           ( 1.205,  7.66e+08),
           ( 1.208,  6.06e+08),
           ( 1.212,  5.24e+08),
           ( 1.215,  2.51e+09),
           ( 1.218, -3.76e+08),
           ( 1.222,  1.15e+09),
           ( 1.225,  2.99e+08),
           ( 1.228,  2.24e+08),
           ( 1.232,  1.73e+09),
           ( 1.239,  5.35e+08),
           ( 1.242,  1.51e+09),
           ( 1.245,  1.48e+09),
           ( 1.249,  1.91e+09),
           ( 1.252,  2.12e+09),
           ( 1.255,  1.31e+09),
           ( 1.259,  1.39e+09),
           ( 1.262,  1.14e+09),
           ( 1.266,  1.46e+09),
           ( 1.269,  9.86e+08),
           ( 1.272,  1.13e+09),
           ( 1.276, -1.04e+08),
           ( 1.279,  1.86e+09),
           ( 1.282,  1.82e+09),
           ( 1.286,  8.73e+08),
           ( 1.289,  7.72e+08),
           ( 1.293,  1.44e+09),
           ( 1.296,  2.18e+08),
           ( 1.299,  6.17e+08),
           ( 1.303,  1.35e+09),
           ( 1.306,  4.75e+08),
           ( 1.309,  6.86e+08),
           ( 1.313,  7.79e+08),
           ( 1.320,  2.91e+08),
           ( 1.323,  4.38e+08),
           ( 1.326,  1.17e+09),
           ( 1.333, -5.46e+08),
           ( 1.336,  1.59e+09),
           ( 1.340,  9.03e+08),
           ( 1.343,  9.35e+08),
           ( 1.347, -2.88e+08),
           ( 1.353,  1.53e+09),
           ( 1.357,  1.07e+09),
           ( 1.360,  1.11e+09),
           ( 1.364,  9.65e+06),
           ( 1.367,  1.25e+09),
           ( 1.370,  1.38e+09),
           ( 1.374,  6.46e+08),
           ( 1.377,  8.44e+08),
           ( 1.380, -1.99e+07),
           ( 1.384,  9.99e+08),
           ( 1.387,  8.79e+08),
           ( 1.390,  8.51e+08),
           ( 1.394,  9.19e+08),
           ( 1.397,  1.59e+09),
           ( 1.401, -5.25e+07),
           ( 1.404, -4.65e+07),
           ( 1.407,  6.43e+08),
           ( 1.411,  9.95e+08),
           ( 1.414,  7.82e+08),
           ( 1.417,  9.21e+08),
           ( 1.421,  1.20e+09),
           ( 1.424,  9.87e+08),
           ( 1.428,  5.60e+08),
           ( 1.438,  9.45e+08),
           ( 1.441,  4.33e+08),
           ( 1.445,  3.89e+08),
           ( 1.448,  1.13e+09),
           ( 1.455,  3.29e+08),
           ( 1.458,  2.13e+08),
           ( 1.461,  1.31e+09),
           ( 1.468,  3.75e+08),
           ( 1.471,  4.86e+08),
           ( 1.475,  7.18e+08),
           ( 1.478,  1.13e+09),
           ( 1.482,  3.40e+08),
           ( 1.485,  9.64e+08),
           ( 1.488,  2.60e+08),
           ( 1.495, -4.17e+08),
           ( 1.498,  1.02e+09),
           ( 1.505,  1.86e+08),
           ( 1.509,  6.88e+08),
           ( 1.512,  2.49e+08),
           ( 1.515,  9.17e+07),
           ( 1.519,  7.02e+08),
           ( 1.522,  1.93e+08),
           ( 1.525,  1.13e+09),
           ( 1.532,  1.24e+08),
           ( 1.536,  1.38e+08),
           ( 1.539,  1.07e+09),
           ( 1.542,  1.12e+09),
           ( 1.546, -7.14e+07),
           ( 1.549, -4.39e+08),
           ( 1.552,  3.82e+08),
           ( 1.556,  2.56e+08),
           ( 1.559,  1.61e+09),
           ( 1.563,  1.06e+09),
           ( 1.566,  7.74e+08),
           ( 1.569, -1.09e+08),
           ( 1.576,  2.16e+09),
           ( 1.583,  8.09e+08),
           ( 1.586,  1.56e+09),
           ( 1.590,  8.68e+08),
           ( 1.593,  9.62e+08),
           ( 1.596,  4.26e+08),
           ( 1.600,  1.58e+09),
           ( 1.603,  9.07e+08),
           ( 1.606,  3.58e+09),
           ( 1.613, -2.32e+08),
           ( 1.620,  1.55e+09),
           ( 1.627,  2.18e+09),
           ( 1.630,  1.84e+09),
           ( 1.633,  1.86e+09),
           ( 1.637,  6.85e+08),
           ( 1.640,  3.08e+08),
           ( 1.647,  1.54e+09),
           ( 1.650,  1.79e+09),
           ( 1.654,  6.89e+08),
           ( 1.661,  2.26e+09),
           ( 1.664,  1.13e+09),
           ( 1.667,  2.07e+09),
           ( 1.671,  8.48e+08),
           ( 1.677,  2.13e+09),
           ( 1.681,  1.68e+09),
           ( 1.687,  1.86e+09),
           ( 1.691,  2.09e+09),
           ( 1.694,  1.22e+09),
           ( 1.698,  1.75e+09),
           ( 1.701,  1.24e+09),
           ( 1.708,  8.84e+08),
           ( 1.711,  1.03e+09),
           ( 1.714,  3.76e+08),
           ( 1.718,  1.81e+09),
           ( 1.721,  1.71e+09),
           ( 1.725,  5.63e+08),
           ( 1.728,  9.92e+08),
           ( 1.731,  1.73e+09),
           ( 1.735,  1.14e+09),
           ( 1.738,  1.92e+09),
           ( 1.742,  2.09e+09),
           ( 1.745,  1.83e+09),
           ( 1.748,  5.86e+08),
           ( 1.752,  8.12e+08),
           ( 1.755,  1.79e+09),
           ( 1.758,  1.51e+09),
           ( 1.762, -2.30e+08),
           ( 1.765,  9.60e+08),
           ( 1.768,  8.33e+08),
           ( 1.772,  1.77e+09),
           ( 1.779,  1.14e+09),
           ( 1.782,  1.96e+09),
           ( 1.785, -1.43e+09),
           ( 1.792,  1.59e+09),
           ( 1.795,  1.16e+09),
           ( 1.799, -5.20e+08),
           ( 1.802,  1.45e+09),
           ( 1.806,  4.46e+08),
           ( 1.809,  7.62e+08),
           ( 1.812, -7.37e+06),
           ( 1.816,  1.06e+09),
           ( 1.819,  1.26e+09),
           ( 1.822,  6.41e+08),
           ( 1.826,  1.32e+09),
           ( 1.829,  2.47e+09),
           ( 1.833,  9.19e+08),
           ( 1.839,  2.32e+08),
           ( 1.843,  1.06e+09),
           ( 1.846,  9.74e+08),
           ( 1.849,  9.60e+08),
           ( 1.853,  4.50e+08),
           ( 1.856,  6.80e+08),
           ( 1.860, -5.36e+08),
           ( 1.863,  1.49e+09),
           ( 1.866,  2.06e+08),
           ( 1.870,  1.08e+09),
           ( 1.873,  8.65e+08),
           ( 1.876,  2.54e+08),
           ( 1.880,  1.05e+09),
           ( 1.883,  1.31e+09),
           ( 1.890, -7.38e+07),
           ( 1.893,  1.22e+09),
           ( 1.897,  3.23e+08),
           ( 1.900,  4.22e+08),
           ( 1.903,  1.34e+09),
           ( 1.910,  1.45e+08),
           ( 1.914,  1.34e+08),
           ( 1.917,  1.00e+09),
           ( 1.924,  1.21e+09),
           ( 1.927, -2.52e+08),
           ( 1.934,  2.27e+09),
           ( 1.937,  6.14e+08),
           ( 1.941,  6.16e+08),
           ( 1.944,  8.17e+08),
           ( 1.951, -2.07e+06),
           ( 1.954,  7.49e+08),
           ( 1.958,  2.49e+08),
           ( 1.964,  1.30e+09),
           ( 1.968,  1.74e+08),
           ( 1.971, -2.77e+08),
           ( 1.974,  1.39e+09),
           ( 1.978,  1.29e+09),
           ( 1.981,  1.00e+09),
           ( 1.988,  3.90e+07),
           ( 1.991,  1.16e+09),
           ( 1.995,  5.20e+08),
           ( 1.998, -9.77e+08),
           ( 2.001,  4.33e+08),
           ( 2.005,  1.02e+09),
           ( 2.008,  4.75e+07),
           ( 2.011,  4.76e+07),
           ( 2.015,  1.25e+09),
           ( 2.018,  9.31e+08),
           ( 2.022, -3.44e+08),
           ( 2.025,  1.13e+09),
           ( 2.028,  1.58e+09),
           ( 2.035, -1.71e+08),
           ( 2.038,  3.67e+08),
           ( 2.042,  4.62e+08),
           ( 2.045,  3.74e+08),
           ( 2.049,  5.08e+08),
           ( 2.055,  3.85e+08),
           ( 2.059,  4.69e+08),
           ( 2.062,  2.41e+08),
           ( 2.065,  5.08e+08),
           ( 2.069,  5.27e+08),
           ( 2.072,  3.17e+08),
           ( 2.076,  4.74e+08),
           ( 2.079, -7.14e+08),
           ( 2.082,  5.18e+08),
           ( 2.086, -2.50e+07),
           ( 2.089,  6.54e+08),
           ( 2.092,  8.95e+06),
           ( 2.096,  9.82e+08),
           ( 2.103,  1.02e+09),
           ( 2.106, -4.67e+08),
           ( 2.113,  1.13e+09),
           ( 2.116,  8.96e+08),
           ( 2.119, -4.51e+08),
           ( 2.123,  5.20e+08),
           ( 2.126,  4.73e+08),
           ( 2.130,  5.14e+07),
           ( 2.133,  8.00e+08),
           ( 2.136, -1.79e+08),
           ( 2.140,  5.62e+08),
           ( 2.143, -1.10e+08),
           ( 2.146, -1.07e+08),
           ( 2.150,  7.44e+08),
           ( 2.153,  8.31e+07),
           ( 2.157,  4.94e+08),
           ( 2.160,  6.61e+08),
           ( 2.163,  3.75e+08),
           ( 2.167,  1.28e+09),
           ( 2.170, -4.49e+08),
           ( 2.173, -9.60e+08),
           ( 2.177,  3.05e+08),
           ( 2.180,  8.29e+08),
           ( 2.184, -1.44e+08),
           ( 2.187,  1.02e+09),
           ( 2.190,  1.31e+09),
           ( 2.194, -1.06e+08),
           ( 2.197, -9.39e+07),
           ( 2.200,  2.23e+08),
           ( 2.204, -3.20e+08),
           ( 2.207,  4.32e+08),
           ( 2.211, -5.43e+08),
           ( 2.214,  5.82e+08),
           ( 2.217,  8.96e+08),
           ( 2.224, -9.37e+08),
           ( 2.227, -1.46e+08),
           ( 2.231,  1.05e+09),
           ( 2.238,  1.02e+08),
           ( 2.241,  7.41e+08),
           ( 2.244,  1.98e+08),
           ( 2.251,  2.41e+08),
           ( 2.255,  1.17e+08),
           ( 2.258,  2.72e+08),
           ( 2.261,  1.27e+09),
           ( 2.265,  1.72e+09),
           ( 2.268, -3.52e+08),
           ( 2.271,  2.44e+08),
           ( 2.275,  4.96e+08),
           ( 2.278, -1.52e+08),
           ( 2.281,  9.58e+08),
           ( 2.285,  1.18e+09),
           ( 2.288, -6.42e+08),
           ( 2.292,  7.69e+08),
           ( 2.298, -3.55e+08),
           ( 2.302, -4.56e+08),
           ( 2.308,  7.73e+08),
           ( 2.312,  9.84e+07),
           ( 2.315,  2.32e+08),
           ( 2.319,  1.21e+08),
           ( 2.322,  4.12e+08),
           ( 2.325,  1.04e+09),
           ( 2.329, -3.78e+07),
           ( 2.332, -2.70e+08),
           ( 2.339,  8.61e+08),
           ( 2.342, -1.19e+09),
           ( 2.346, -1.09e+08),
           ( 2.349,  1.85e+08),
           ( 2.352, -9.05e+07),
           ( 2.359,  3.65e+08),
           ( 2.362, -1.48e+09),
           ( 2.366,  4.36e+08),
           ( 2.369, -3.19e+08),
           ( 2.376,  3.70e+08),
           ( 2.383, -9.45e+08),
           ( 2.386, -1.11e+09),
           ( 2.389, -5.66e+08),
           ( 2.393, -3.12e+08),
           ( 2.396, -1.45e+09),
           ( 2.400,  2.64e+07),
           ( 2.403,  5.94e+08),
           ( 2.406, -1.06e+09),
           ( 2.413,  5.44e+08),
           ( 2.420, -5.47e+07),
           ( 2.423, -6.42e+07),
           ( 2.427, -3.41e+08),
           ( 2.430,  2.51e+08),
           ( 2.433, -1.52e+07),
           ( 2.437,  4.06e+07),
           ( 2.440,  4.27e+07),
           ( 2.443,  2.14e+08),
           ( 2.447,  3.09e+07),
           ( 2.450,  8.29e+08),
           ( 2.454,  5.58e+08),
           ( 2.457, -4.83e+08),
           ( 2.460, -3.86e+08),
           ( 2.467,  6.17e+08),
           ( 2.474, -6.07e+08),
           ( 2.477, -3.01e+08),
           ( 2.481,  4.90e+08),
           ( 2.484,  3.49e+08),
           ( 2.491, -1.38e+09),
           ( 2.494, -2.65e+07),
           ( 2.497,  4.11e+08),
           ( 2.497,  4.11e+08)]
