Bolide Detection Notification: 2021-363

At 03:15:35 UT on 29 Dec 2021, sensors aboard U. S. Government satellites recorded
the flash signature of a large meteoroid entry into the atmosphere. Location of the
flash was Lat 69.7 °S, Lon 115.0 °E.

Based upon the visible-light intensity-time signature, peak brightness of the flash
was determined to be approximately 6.94e+09 watts/steradian, and total radiated flash
energy 2.05e+10 joules (6000K blackbody model).

Columns: time, intensity (w/sr)
Intensity=[(-0.499, -7.12e+08),
           (-0.493,  2.84e+09),
           (-0.489, -7.03e+07),
           (-0.486, -1.26e+09),
           (-0.483, -8.64e+07),
           (-0.479, -5.08e+08),
           (-0.476,  8.25e+08),
           (-0.473,  2.96e+08),
           (-0.469,  3.24e+07),
           (-0.466,  1.20e+09),
           (-0.462, -4.59e+08),
           (-0.459, -9.44e+07),
           (-0.456, -3.62e+08),
           (-0.452,  1.07e+09),
           (-0.449, -1.29e+09),
           (-0.445,  2.49e+09),
           (-0.442,  1.62e+09),
           (-0.439, -1.17e+09),
           (-0.435, -1.36e+09),
           (-0.432, -9.66e+07),
           (-0.429,  1.59e+09),
           (-0.425,  1.67e+09),
           (-0.422, -3.99e+08),
           (-0.419, -2.96e+09),
           (-0.415, -1.29e+09),
           (-0.412, -3.25e+08),
           (-0.408,  2.25e+09),
           (-0.405,  1.30e+09),
           (-0.402, -2.66e+08),
           (-0.398, -1.58e+09),
           (-0.391, -7.38e+08),
           (-0.388, -4.17e+08),
           (-0.385, -5.16e+08),
           (-0.381,  5.92e+08),
           (-0.378,  7.33e+08),
           (-0.375,  1.86e+07),
           (-0.371,  6.28e+08),
           (-0.368, -1.64e+09),
           (-0.364, -5.80e+08),
           (-0.361,  1.98e+09),
           (-0.358,  9.84e+08),
           (-0.354, -4.03e+08),
           (-0.351,  2.37e+09),
           (-0.348, -9.44e+08),
           (-0.344, -1.08e+09),
           (-0.341, -5.11e+08),
           (-0.338, -2.70e+08),
           (-0.334, -2.52e+08),
           (-0.331, -1.42e+09),
           (-0.327,  9.11e+08),
           (-0.324,  3.88e+08),
           (-0.321, -1.39e+09),
           (-0.317,  7.21e+08),
           (-0.314,  7.17e+08),
           (-0.310, -1.93e+09),
           (-0.307,  3.03e+08),
           (-0.304,  3.73e+08),
           (-0.300, -1.68e+09),
           (-0.297, -1.59e+09),
           (-0.294,  1.66e+09),
           (-0.290, -5.76e+08),
           (-0.287, -1.43e+09),
           (-0.284,  1.86e+08),
           (-0.280,  2.53e+09),
           (-0.277,  3.53e+08),
           (-0.273, -4.11e+08),
           (-0.270, -8.72e+08),
           (-0.267, -2.04e+09),
           (-0.263, -7.06e+08),
           (-0.260,  1.20e+09),
           (-0.256,  7.63e+08),
           (-0.253,  2.21e+09),
           (-0.250,  3.32e+08),
           (-0.246, -2.07e+09),
           (-0.243,  9.91e+08),
           (-0.236, -7.81e+08),
           (-0.233,  1.14e+09),
           (-0.230,  5.87e+08),
           (-0.226, -2.69e+09),
           (-0.223,  1.22e+09),
           (-0.219, -3.03e+08),
           (-0.216,  6.97e+08),
           (-0.213, -8.31e+08),
           (-0.209, -8.57e+08),
           (-0.206,  1.62e+09),
           (-0.202,  1.09e+09),
           (-0.199, -7.67e+08),
           (-0.196, -4.32e+08),
           (-0.192, -3.02e+07),
           (-0.189, -1.01e+09),
           (-0.186, -1.39e+09),
           (-0.182,  8.00e+08),
           (-0.175,  1.53e+08),
           (-0.172,  6.53e+08),
           (-0.169,  2.06e+09),
           (-0.165, -1.37e+09),
           (-0.162,  4.69e+07),
           (-0.159, -1.26e+09),
           (-0.155, -5.19e+08),
           (-0.152,  2.15e+09),
           (-0.149,  1.63e+09),
           (-0.145, -6.12e+08),
           (-0.142,  3.83e+08),
           (-0.138,  3.94e+08),
           (-0.135, -1.90e+09),
           (-0.132,  9.97e+08),
           (-0.128,  1.76e+08),
           (-0.125,  2.10e+08),
           (-0.121,  7.89e+07),
           (-0.118, -4.76e+08),
           (-0.115,  5.30e+08),
           (-0.111, -1.02e+09),
           (-0.108,  2.73e+09),
           (-0.105, -1.26e+08),
           (-0.101,  1.12e+09),
           (-0.098,  1.52e+09),
           (-0.095,  2.28e+09),
           (-0.091, -1.99e+08),
           (-0.088, -1.94e+09),
           (-0.084, -2.60e+09),
           (-0.081, -7.75e+08),
           (-0.078, -2.60e+08),
           (-0.074, -3.16e+09),
           (-0.071,  8.72e+07),
           (-0.067, -7.89e+08),
           (-0.064, -1.31e+09),
           (-0.061,  4.96e+08),
           (-0.057,  1.06e+08),
           (-0.054, -3.42e+08),
           (-0.051, -1.43e+08),
           (-0.047, -8.00e+08),
           (-0.044,  3.85e+08),
           (-0.041,  1.01e+09),
           (-0.037,  3.36e+07),
           (-0.034, -1.16e+09),
           (-0.030,  2.09e+08),
           (-0.027,  3.35e+09),
           (-0.024,  2.65e+09),
           (-0.020,  2.80e+09),
           (-0.017,  2.31e+09),
           (-0.013,  3.53e+09),
           (-0.010,  1.46e+09),
           (-0.007,  3.76e+09),
           (-0.003,  1.99e+09),
           (-0.000,  4.49e+09),
           ( 0.003,  5.19e+09),
           ( 0.007,  5.59e+09),
           ( 0.010,  3.03e+09),
           ( 0.014,  5.10e+09),
           ( 0.017,  5.26e+09),
           ( 0.020,  4.20e+09),
           ( 0.024,  6.05e+09),
           ( 0.027,  2.56e+09),
           ( 0.030,  4.93e+09),
           ( 0.034,  3.48e+09),
           ( 0.037,  3.33e+09),
           ( 0.040,  3.94e+09),
           ( 0.044,  6.05e+08),
           ( 0.047,  2.54e+09),
           ( 0.057,  5.31e+09),
           ( 0.061,  3.60e+09),
           ( 0.064,  6.09e+09),
           ( 0.068,  6.31e+09),
           ( 0.071,  6.26e+09),
           ( 0.074,  6.94e+09),
           ( 0.078,  6.47e+09),
           ( 0.081,  3.81e+09),
           ( 0.084,  4.03e+09),
           ( 0.088,  3.40e+09),
           ( 0.091,  5.57e+09),
           ( 0.094,  6.04e+09),
           ( 0.098,  4.72e+09),
           ( 0.101,  2.89e+09),
           ( 0.105,  4.05e+09),
           ( 0.108,  4.18e+09),
           ( 0.111,  4.84e+09),
           ( 0.115,  3.21e+09),
           ( 0.118,  5.02e+09),
           ( 0.122,  3.51e+09),
           ( 0.125,  4.87e+09),
           ( 0.128,  4.70e+09),
           ( 0.132,  4.42e+09),
           ( 0.135,  3.37e+09),
           ( 0.138,  3.55e+09),
           ( 0.142,  2.79e+09),
           ( 0.145,  3.67e+09),
           ( 0.148,  2.85e+09),
           ( 0.152,  3.68e+08),
           ( 0.155,  1.77e+09),
           ( 0.159,  3.96e+09),
           ( 0.162,  5.40e+09),
           ( 0.165,  3.91e+09),
           ( 0.169,  1.76e+09),
           ( 0.172,  4.33e+09),
           ( 0.175,  1.22e+09),
           ( 0.179,  1.64e+09),
           ( 0.182,  3.82e+09),
           ( 0.186,  2.84e+09),
           ( 0.189,  1.17e+09),
           ( 0.192,  3.13e+09),
           ( 0.196,  2.36e+09),
           ( 0.199,  2.16e+09),
           ( 0.203,  1.10e+09),
           ( 0.206,  3.65e+09),
           ( 0.209,  4.13e+09),
           ( 0.213,  3.18e+09),
           ( 0.216,  3.32e+09),
           ( 0.219, -5.29e+08),
           ( 0.223,  2.78e+09),
           ( 0.226,  2.31e+09),
           ( 0.229,  7.93e+08),
           ( 0.233,  1.47e+09),
           ( 0.236,  5.98e+08),
           ( 0.240,  2.23e+09),
           ( 0.243,  3.21e+09),
           ( 0.246,  1.70e+09),
           ( 0.250,  1.28e+09),
           ( 0.253,  2.35e+09),
           ( 0.257,  3.83e+09),
           ( 0.260,  3.94e+09),
           ( 0.263,  8.40e+08),
           ( 0.267,  6.81e+08),
           ( 0.273,  4.28e+09),
           ( 0.277,  5.26e+09),
           ( 0.280,  2.47e+09),
           ( 0.283,  3.69e+09),
           ( 0.287,  1.63e+09),
           ( 0.290,  2.70e+09),
           ( 0.294,  2.53e+09),
           ( 0.297,  2.19e+09),
           ( 0.300,  3.13e+09),
           ( 0.304,  5.98e+08),
           ( 0.307,  3.09e+09),
           ( 0.311,  3.23e+09),
           ( 0.314,  3.95e+09),
           ( 0.317,  1.86e+09),
           ( 0.321,  3.31e+09),
           ( 0.324,  5.17e+09),
           ( 0.327,  1.03e+09),
           ( 0.331,  2.32e+09),
           ( 0.334,  9.75e+08),
           ( 0.337,  1.98e+09),
           ( 0.341,  2.39e+08),
           ( 0.344,  2.69e+09),
           ( 0.348,  1.20e+09),
           ( 0.351,  3.26e+09),
           ( 0.354,  3.17e+09),
           ( 0.358, -4.53e+08),
           ( 0.361, -7.29e+08),
           ( 0.365,  5.82e+08),
           ( 0.368,  5.73e+09),
           ( 0.375,  5.35e+08),
           ( 0.378, -2.54e+08),
           ( 0.381,  5.06e+08),
           ( 0.385,  1.44e+09),
           ( 0.388,  1.71e+09),
           ( 0.392,  9.84e+08),
           ( 0.395,  1.47e+09),
           ( 0.398,  8.81e+08),
           ( 0.402, -1.01e+08),
           ( 0.405,  3.11e+09),
           ( 0.408,  1.35e+09),
           ( 0.412,  1.15e+09),
           ( 0.415,  1.48e+08),
           ( 0.418,  9.34e+08),
           ( 0.422,  1.49e+09),
           ( 0.425,  1.11e+09),
           ( 0.429,  6.18e+08),
           ( 0.432,  2.32e+09),
           ( 0.435, -3.79e+08),
           ( 0.439, -2.94e+08),
           ( 0.442,  1.74e+09),
           ( 0.446,  3.74e+08),
           ( 0.449,  2.34e+09),
           ( 0.452,  7.44e+08),
           ( 0.456,  1.78e+09),
           ( 0.459,  1.63e+09),
           ( 0.462, -3.16e+08),
           ( 0.466,  7.34e+08),
           ( 0.469,  8.03e+08),
           ( 0.472,  5.75e+06),
           ( 0.476,  5.11e+08),
           ( 0.479, -7.00e+08),
           ( 0.483,  2.25e+09),
           ( 0.486,  3.80e+09),
           ( 0.489,  1.20e+09),
           ( 0.493, -4.54e+08),
           ( 0.496,  7.38e+08),
           ( 0.500,  2.48e+09),
           ( 0.503,  1.65e+09),
           ( 0.506,  2.04e+08),
           ( 0.510,  3.19e+09),
           ( 0.513,  2.02e+09),
           ( 0.516,  1.01e+09),
           ( 0.520,  1.01e+09),
           ( 0.523,  2.51e+09),
           ( 0.526,  1.52e+09),
           ( 0.530,  3.06e+09),
           ( 0.533,  1.67e+09),
           ( 0.537,  5.82e+08),
           ( 0.540,  2.32e+09),
           ( 0.543, -8.21e+08),
           ( 0.547,  6.83e+08),
           ( 0.550, -6.36e+08),
           ( 0.554,  1.21e+09),
           ( 0.557,  7.55e+08),
           ( 0.560, -3.15e+09),
           ( 0.564,  1.72e+09),
           ( 0.567,  1.94e+09),
           ( 0.570, -4.43e+07),
           ( 0.574,  7.85e+08),
           ( 0.577,  1.79e+09),
           ( 0.581,  3.99e+09),
           ( 0.584,  1.25e+09),
           ( 0.587,  2.34e+09),
           ( 0.591,  1.59e+09),
           ( 0.594,  1.02e+09),
           ( 0.597, -2.43e+08),
           ( 0.601, -4.55e+08),
           ( 0.604,  2.93e+09),
           ( 0.607,  2.11e+09),
           ( 0.611, -1.83e+08),
           ( 0.614,  3.47e+09),
           ( 0.621,  1.43e+09),
           ( 0.624,  6.27e+08),
           ( 0.628,  4.01e+08),
           ( 0.631,  7.69e+08),
           ( 0.635, -1.42e+09),
           ( 0.638, -3.50e+08),
           ( 0.641,  2.78e+08),
           ( 0.645,  7.37e+08),
           ( 0.648,  2.21e+09),
           ( 0.651,  2.01e+09),
           ( 0.658,  9.49e+08),
           ( 0.661,  6.99e+08),
           ( 0.665,  6.69e+07),
           ( 0.668,  2.04e+08),
           ( 0.672, -1.52e+09),
           ( 0.675,  3.36e+08),
           ( 0.678, -1.35e+09),
           ( 0.682,  1.96e+09),
           ( 0.685, -5.85e+08),
           ( 0.689,  8.83e+08),
           ( 0.692,  2.69e+09),
           ( 0.695,  6.83e+08),
           ( 0.699,  1.86e+09),
           ( 0.702,  1.87e+09),
           ( 0.705, -1.37e+09),
           ( 0.709,  1.08e+09),
           ( 0.712,  6.76e+08),
           ( 0.715, -3.88e+08),
           ( 0.719,  3.61e+09),
           ( 0.722, -9.30e+08),
           ( 0.726,  1.73e+08),
           ( 0.729, -6.28e+08),
           ( 0.732, -6.55e+08),
           ( 0.736,  2.18e+09),
           ( 0.739, -1.83e+09),
           ( 0.743, -7.62e+08),
           ( 0.746,  1.78e+09),
           ( 0.749, -3.15e+08),
           ( 0.756,  9.69e+08),
           ( 0.763, -1.51e+09),
           ( 0.766, -1.64e+08),
           ( 0.770,  2.05e+09),
           ( 0.773, -4.63e+08),
           ( 0.776,  1.09e+08),
           ( 0.780, -7.56e+08),
           ( 0.783,  7.58e+08),
           ( 0.786,  1.72e+09),
           ( 0.790,  6.01e+08),
           ( 0.793, -1.39e+09),
           ( 0.796, -1.18e+09),
           ( 0.800,  1.43e+09),
           ( 0.803, -5.22e+06),
           ( 0.807, -1.80e+09),
           ( 0.810, -1.07e+09),
           ( 0.813,  1.17e+09),
           ( 0.817, -1.14e+09),
           ( 0.820, -7.94e+08),
           ( 0.824, -1.21e+09),
           ( 0.827, -7.19e+08),
           ( 0.830, -2.32e+09),
           ( 0.834,  4.83e+08),
           ( 0.837, -2.00e+08),
           ( 0.840, -1.48e+09),
           ( 0.844,  1.32e+09),
           ( 0.847,  1.53e+09),
           ( 0.850,  1.14e+09),
           ( 0.854,  1.01e+08),
           ( 0.857, -4.41e+08),
           ( 0.861, -4.27e+08),
           ( 0.864,  2.36e+09),
           ( 0.867, -4.79e+08),
           ( 0.871, -1.26e+09),
           ( 0.874, -1.07e+09),
           ( 0.878,  2.21e+08),
           ( 0.881,  7.30e+08),
           ( 0.884,  1.65e+09),
           ( 0.888, -5.50e+08),
           ( 0.891, -8.54e+08),
           ( 0.894,  2.75e+08),
           ( 0.898,  1.91e+09),
           ( 0.901, -1.90e+09),
           ( 0.904,  1.31e+09),
           ( 0.908,  6.71e+07),
           ( 0.911,  5.14e+08),
           ( 0.915, -2.52e+09),
           ( 0.918, -2.28e+09),
           ( 0.921, -9.73e+08),
           ( 0.925, -1.78e+09),
           ( 0.928,  4.82e+08),
           ( 0.932, -1.36e+09),
           ( 0.935,  2.06e+08),
           ( 0.938, -2.48e+08),
           ( 0.942,  5.57e+08),
           ( 0.945,  7.75e+08),
           ( 0.948,  1.48e+09),
           ( 0.952, -2.81e+09),
           ( 0.955,  9.00e+08),
           ( 0.959,  1.22e+09),
           ( 0.962, -3.56e+08),
           ( 0.965, -4.56e+08),
           ( 0.969,  1.62e+08),
           ( 0.972,  1.16e+09),
           ( 0.975,  7.13e+08),
           ( 0.979,  1.31e+08),
           ( 0.982, -2.27e+08),
           ( 0.985, -4.83e+07),
           ( 0.989,  8.94e+08),
           ( 0.992,  1.25e+09),
           ( 0.996,  1.74e+09),
           ( 0.999,  3.46e+08),
           ( 1.002,  1.17e+09),
           ( 1.006, -8.26e+08),
           ( 1.009,  7.73e+08),
           ( 1.013,  1.73e+09),
           ( 1.016, -5.33e+08),
           ( 1.019, -7.84e+08),
           ( 1.023,  7.29e+06),
           ( 1.026, -1.82e+09),
           ( 1.029,  2.32e+08),
           ( 1.033, -4.67e+07),
           ( 1.036, -1.26e+09),
           ( 1.039, -1.46e+09),
           ( 1.043,  1.87e+09),
           ( 1.046,  2.45e+08),
           ( 1.050,  7.30e+08),
           ( 1.053,  9.96e+08),
           ( 1.056, -1.16e+09),
           ( 1.060, -1.11e+09),
           ( 1.063, -3.36e+08),
           ( 1.067,  1.37e+09),
           ( 1.070, -1.22e+09),
           ( 1.073, -9.33e+08),
           ( 1.077,  4.03e+08),
           ( 1.080, -4.10e+06),
           ( 1.083,  9.16e+08),
           ( 1.087,  8.58e+08),
           ( 1.090, -1.99e+09),
           ( 1.093,  5.99e+08),
           ( 1.097, -9.73e+08),
           ( 1.100,  2.01e+09),
           ( 1.104,  8.29e+08),
           ( 1.107, -2.54e+09),
           ( 1.110, -9.27e+06),
           ( 1.114, -2.64e+09),
           ( 1.117,  1.40e+09),
           ( 1.121,  7.56e+08),
           ( 1.124, -8.57e+08),
           ( 1.127, -8.27e+08),
           ( 1.131,  1.25e+09),
           ( 1.134,  2.27e+09),
           ( 1.137, -1.18e+09),
           ( 1.141,  1.43e+09),
           ( 1.144,  1.90e+08),
           ( 1.148, -1.23e+09),
           ( 1.151, -1.38e+09),
           ( 1.154, -9.74e+08),
           ( 1.158, -1.04e+08),
           ( 1.161,  5.63e+08),
           ( 1.164,  1.83e+08),
           ( 1.168,  5.93e+08),
           ( 1.171, -5.51e+08),
           ( 1.174,  2.43e+09),
           ( 1.178, -5.60e+08),
           ( 1.181, -1.37e+08),
           ( 1.185, -6.80e+08),
           ( 1.188,  1.73e+09),
           ( 1.191, -3.14e+08),
           ( 1.195,  1.05e+09),
           ( 1.198,  3.92e+08),
           ( 1.202, -5.61e+08),
           ( 1.205, -9.82e+08),
           ( 1.208,  6.96e+08),
           ( 1.212, -4.04e+08),
           ( 1.215, -1.13e+09),
           ( 1.218, -2.83e+09),
           ( 1.222,  8.71e+08),
           ( 1.225, -4.44e+09),
           ( 1.228, -1.40e+09),
           ( 1.232,  2.79e+08),
           ( 1.235,  3.52e+08),
           ( 1.239,  1.51e+09),
           ( 1.242,  1.69e+09),
           ( 1.245, -5.12e+08),
           ( 1.249,  6.42e+08),
           ( 1.249,  6.42e+08)]
