Bolide Detection Notification: 2021-033

At 10:03:20 UT on 02 Feb 2021, sensors aboard U. S. Government satellites recorded
the flash signature of a large meteoroid entry into the atmosphere. Location of the
flash was Lat 48.7 °N, Lon 80.1 °E.

Based upon the visible-light intensity-time signature, peak brightness of the flash
was determined to be approximately 8.26e+09 watts/steradian, and total radiated flash
energy 3.50e+10 joules (6000K blackbody model).

Columns: time, intensity (w/sr)
Intensity=[(-0.499, -8.04e+08),
           (-0.496,  2.23e+08),
           (-0.493, -1.90e+09),
           (-0.489, -3.37e+08),
           (-0.486, -1.08e+09),
           (-0.483,  3.73e+08),
           (-0.479,  7.50e+08),
           (-0.476, -9.50e+08),
           (-0.472,  2.12e+08),
           (-0.469, -1.46e+09),
           (-0.466,  1.06e+09),
           (-0.462,  9.60e+07),
           (-0.459,  6.42e+08),
           (-0.456,  1.42e+08),
           (-0.452,  1.04e+09),
           (-0.449,  4.18e+08),
           (-0.446, -3.59e+09),
           (-0.442,  1.85e+09),
           (-0.435, -1.76e+09),
           (-0.432,  4.20e+08),
           (-0.429, -5.74e+08),
           (-0.425, -5.13e+08),
           (-0.422,  4.45e+08),
           (-0.418, -1.26e+08),
           (-0.415, -1.16e+09),
           (-0.412, -3.21e+08),
           (-0.408, -1.95e+09),
           (-0.402, -3.94e+08),
           (-0.398, -1.81e+09),
           (-0.395, -2.03e+09),
           (-0.391, -1.40e+08),
           (-0.388,  9.81e+08),
           (-0.385,  6.38e+08),
           (-0.381, -2.95e+09),
           (-0.375, -5.55e+08),
           (-0.371,  3.78e+08),
           (-0.368,  7.13e+08),
           (-0.364, -3.53e+08),
           (-0.361,  2.88e+08),
           (-0.358,  6.56e+08),
           (-0.354, -9.40e+08),
           (-0.351,  3.52e+08),
           (-0.348, -3.19e+08),
           (-0.344,  8.14e+08),
           (-0.341,  2.00e+07),
           (-0.337, -2.54e+09),
           (-0.334, -1.37e+09),
           (-0.331,  1.47e+09),
           (-0.327, -7.23e+08),
           (-0.324, -1.26e+09),
           (-0.321, -2.65e+09),
           (-0.314,  1.05e+09),
           (-0.310, -1.63e+09),
           (-0.307, -1.19e+09),
           (-0.304,  1.04e+09),
           (-0.300, -1.45e+09),
           (-0.297, -9.53e+08),
           (-0.294, -1.20e+09),
           (-0.290,  1.11e+09),
           (-0.287,  2.20e+08),
           (-0.284, -9.17e+08),
           (-0.280, -1.04e+09),
           (-0.277,  1.42e+09),
           (-0.270, -4.36e+08),
           (-0.267,  5.20e+08),
           (-0.263, -3.80e+08),
           (-0.260,  7.14e+08),
           (-0.256,  3.01e+09),
           (-0.253,  1.93e+09),
           (-0.250,  1.63e+09),
           (-0.246,  1.70e+09),
           (-0.243,  1.34e+09),
           (-0.240,  2.23e+09),
           (-0.236,  7.76e+08),
           (-0.233,  1.37e+09),
           (-0.229,  8.15e+08),
           (-0.226,  2.52e+09),
           (-0.223,  2.72e+09),
           (-0.219,  6.74e+08),
           (-0.216,  2.38e+09),
           (-0.213,  2.35e+09),
           (-0.209,  1.14e+09),
           (-0.206,  1.22e+09),
           (-0.203,  1.68e+09),
           (-0.199,  1.41e+09),
           (-0.196,  2.75e+09),
           (-0.192,  4.40e+08),
           (-0.189,  9.20e+08),
           (-0.186, -2.15e+09),
           (-0.182,  2.17e+09),
           (-0.179,  6.63e+08),
           (-0.175, -1.28e+08),
           (-0.172,  5.08e+08),
           (-0.169,  1.91e+09),
           (-0.165, -2.14e+08),
           (-0.162, -1.42e+08),
           (-0.159, -2.95e+08),
           (-0.155, -6.10e+08),
           (-0.152,  6.68e+08),
           (-0.148,  4.05e+08),
           (-0.145, -4.26e+08),
           (-0.142,  4.62e+07),
           (-0.138, -7.66e+08),
           (-0.135,  3.43e+08),
           (-0.132,  1.78e+09),
           (-0.128,  5.82e+08),
           (-0.125,  2.46e+09),
           (-0.121,  1.76e+09),
           (-0.118,  7.86e+08),
           (-0.115,  8.01e+08),
           (-0.111,  2.65e+09),
           (-0.108, -1.10e+08),
           (-0.105,  1.12e+09),
           (-0.101,  1.83e+09),
           (-0.095,  6.77e+08),
           (-0.091, -5.13e+07),
           (-0.088,  5.08e+08),
           (-0.084,  5.77e+08),
           (-0.081,  1.38e+09),
           (-0.078, -3.78e+08),
           (-0.074,  2.06e+09),
           (-0.071,  2.02e+09),
           (-0.068,  2.73e+09),
           (-0.064,  3.28e+09),
           (-0.061,  2.85e+09),
           (-0.057,  3.21e+09),
           (-0.054,  2.77e+08),
           (-0.051,  3.25e+09),
           (-0.047,  3.15e+09),
           (-0.044,  4.40e+09),
           (-0.040,  6.40e+09),
           (-0.037,  4.72e+09),
           (-0.030,  5.78e+09),
           (-0.027,  6.92e+09),
           (-0.024,  6.78e+09),
           (-0.020,  5.69e+09),
           (-0.017,  4.25e+09),
           (-0.013,  5.75e+09),
           (-0.010,  5.71e+09),
           (-0.007,  4.52e+09),
           (-0.003,  5.27e+09),
           ( 0.000,  6.23e+09),
           ( 0.003,  5.08e+09),
           ( 0.007,  3.26e+09),
           ( 0.010,  4.06e+09),
           ( 0.014,  3.23e+09),
           ( 0.017,  3.37e+09),
           ( 0.020,  5.45e+09),
           ( 0.027,  1.75e+09),
           ( 0.030,  2.81e+09),
           ( 0.034,  3.10e+09),
           ( 0.037,  2.03e+09),
           ( 0.040,  3.88e+09),
           ( 0.044,  4.47e+09),
           ( 0.047,  2.34e+09),
           ( 0.051,  4.10e+09),
           ( 0.054,  2.95e+09),
           ( 0.057,  2.87e+09),
           ( 0.061,  4.22e+09),
           ( 0.064,  1.76e+09),
           ( 0.068,  2.83e+09),
           ( 0.071,  2.51e+09),
           ( 0.074,  1.71e+09),
           ( 0.078,  2.46e+09),
           ( 0.081,  2.63e+09),
           ( 0.084,  9.81e+08),
           ( 0.088,  1.48e+09),
           ( 0.091,  2.35e+09),
           ( 0.095,  2.40e+09),
           ( 0.098,  3.09e+09),
           ( 0.101,  9.82e+08),
           ( 0.105,  4.53e+09),
           ( 0.108,  2.96e+09),
           ( 0.111,  2.97e+09),
           ( 0.115,  1.79e+09),
           ( 0.118,  1.72e+09),
           ( 0.122,  1.37e+09),
           ( 0.125,  2.25e+09),
           ( 0.128,  2.16e+09),
           ( 0.132,  1.78e+09),
           ( 0.138, -2.82e+08),
           ( 0.142,  1.22e+08),
           ( 0.145,  6.55e+08),
           ( 0.149,  2.14e+09),
           ( 0.152,  2.78e+09),
           ( 0.155,  7.61e+08),
           ( 0.159, -5.23e+07),
           ( 0.162,  1.85e+09),
           ( 0.165,  2.11e+09),
           ( 0.172, -6.42e+08),
           ( 0.176,  7.00e+08),
           ( 0.179,  5.93e+08),
           ( 0.182,  5.11e+08),
           ( 0.186,  2.97e+09),
           ( 0.189,  6.73e+08),
           ( 0.192,  1.22e+09),
           ( 0.196,  6.94e+07),
           ( 0.199, -1.21e+08),
           ( 0.203, -1.19e+09),
           ( 0.206,  1.86e+09),
           ( 0.209,  7.92e+08),
           ( 0.213,  9.06e+07),
           ( 0.216,  3.22e+09),
           ( 0.219,  1.35e+09),
           ( 0.226,  4.85e+08),
           ( 0.230,  1.86e+09),
           ( 0.233,  1.04e+09),
           ( 0.240,  1.78e+09),
           ( 0.243, -1.09e+09),
           ( 0.246,  1.18e+09),
           ( 0.250,  2.51e+09),
           ( 0.253,  3.17e+09),
           ( 0.256,  1.34e+08),
           ( 0.260,  5.89e+08),
           ( 0.263,  2.00e+09),
           ( 0.267,  1.10e+09),
           ( 0.270,  5.11e+08),
           ( 0.273,  2.06e+09),
           ( 0.277,  1.89e+09),
           ( 0.280,  1.18e+09),
           ( 0.284,  8.51e+08),
           ( 0.287,  1.92e+09),
           ( 0.290,  2.46e+09),
           ( 0.294,  3.53e+08),
           ( 0.297,  9.49e+08),
           ( 0.300,  2.05e+09),
           ( 0.304,  1.89e+09),
           ( 0.307,  1.24e+09),
           ( 0.311,  2.28e+09),
           ( 0.314,  1.41e+09),
           ( 0.317, -5.06e+08),
           ( 0.321,  2.70e+09),
           ( 0.324,  2.10e+09),
           ( 0.327,  2.24e+09),
           ( 0.331, -1.35e+08),
           ( 0.334,  1.82e+09),
           ( 0.338,  2.01e+09),
           ( 0.341,  8.07e+07),
           ( 0.344, -8.51e+08),
           ( 0.348,  5.62e+08),
           ( 0.351, -1.95e+09),
           ( 0.354,  1.96e+09),
           ( 0.358,  2.43e+08),
           ( 0.361,  9.63e+07),
           ( 0.365,  1.50e+09),
           ( 0.368,  1.82e+09),
           ( 0.371,  9.36e+08),
           ( 0.375,  1.92e+09),
           ( 0.378,  1.27e+09),
           ( 0.381,  1.85e+09),
           ( 0.385,  3.30e+09),
           ( 0.388,  3.86e+09),
           ( 0.391,  2.42e+09),
           ( 0.395,  3.35e+09),
           ( 0.398,  5.57e+09),
           ( 0.402,  3.68e+09),
           ( 0.405,  8.26e+09),
           ( 0.408,  6.83e+09),
           ( 0.412,  7.51e+09),
           ( 0.415,  5.71e+09),
           ( 0.418,  5.00e+09),
           ( 0.422,  5.50e+09),
           ( 0.429,  3.96e+09),
           ( 0.432,  5.69e+09),
           ( 0.435,  6.65e+09),
           ( 0.439,  6.82e+09),
           ( 0.442,  4.70e+09),
           ( 0.446,  6.53e+09),
           ( 0.449,  5.78e+09),
           ( 0.452,  4.45e+09),
           ( 0.456,  2.74e+09),
           ( 0.459,  6.70e+09),
           ( 0.462,  4.68e+09),
           ( 0.466,  6.03e+09),
           ( 0.469,  5.44e+09),
           ( 0.473,  4.67e+09),
           ( 0.476,  3.59e+09),
           ( 0.479,  6.94e+09),
           ( 0.483,  7.96e+09),
           ( 0.486,  4.04e+09),
           ( 0.489,  4.17e+09),
           ( 0.493,  6.73e+09),
           ( 0.496,  6.42e+09),
           ( 0.500,  5.05e+09),
           ( 0.503,  4.43e+09),
           ( 0.506,  4.66e+09),
           ( 0.510,  3.33e+09),
           ( 0.513,  4.38e+09),
           ( 0.516,  3.72e+09),
           ( 0.520,  4.81e+09),
           ( 0.523,  2.69e+09),
           ( 0.527,  3.66e+09),
           ( 0.530,  3.49e+09),
           ( 0.533,  7.39e+09),
           ( 0.537,  3.89e+09),
           ( 0.540,  3.53e+09),
           ( 0.543,  2.31e+09),
           ( 0.547,  3.65e+09),
           ( 0.550,  1.52e+09),
           ( 0.557,  4.00e+09),
           ( 0.560,  3.61e+09),
           ( 0.564,  2.48e+09),
           ( 0.570,  3.85e+09),
           ( 0.574,  4.15e+09),
           ( 0.577,  2.23e+09),
           ( 0.581,  4.54e+09),
           ( 0.584,  3.10e+09),
           ( 0.587,  4.37e+09),
           ( 0.591,  2.54e+09),
           ( 0.594,  1.28e+09),
           ( 0.597,  2.31e+09),
           ( 0.601,  2.86e+09),
           ( 0.604,  2.17e+09),
           ( 0.607,  2.45e+09),
           ( 0.611,  2.00e+09),
           ( 0.614,  3.64e+09),
           ( 0.621,  2.32e+09),
           ( 0.624,  4.55e+09),
           ( 0.628,  4.01e+09),
           ( 0.635,  1.30e+09),
           ( 0.638,  2.83e+09),
           ( 0.641,  1.91e+09),
           ( 0.645,  1.42e+09),
           ( 0.648,  2.09e+09),
           ( 0.651,  3.52e+09),
           ( 0.655,  1.65e+09),
           ( 0.658,  2.26e+09),
           ( 0.661,  1.30e+09),
           ( 0.665,  2.07e+09),
           ( 0.668,  1.56e+09),
           ( 0.672,  1.42e+09),
           ( 0.675,  3.77e+09),
           ( 0.678,  1.12e+09),
           ( 0.682,  2.01e+09),
           ( 0.685,  1.37e+09),
           ( 0.689,  3.51e+09),
           ( 0.692,  2.25e+09),
           ( 0.695,  3.73e+09),
           ( 0.699, -3.36e+08),
           ( 0.702, -1.04e+09),
           ( 0.705,  8.90e+08),
           ( 0.709,  1.87e+09),
           ( 0.712,  1.29e+09),
           ( 0.716,  1.38e+09),
           ( 0.719,  1.65e+09),
           ( 0.722, -3.57e+08),
           ( 0.726,  1.77e+09),
           ( 0.729,  2.37e+09),
           ( 0.732,  2.48e+09),
           ( 0.736,  3.57e+09),
           ( 0.739,  2.81e+09),
           ( 0.743,  1.56e+09),
           ( 0.746,  2.29e+09),
           ( 0.749,  2.94e+08),
           ( 0.753, -1.11e+07),
           ( 0.756,  1.70e+09),
           ( 0.759, -3.43e+08),
           ( 0.763,  1.63e+09),
           ( 0.766,  7.48e+07),
           ( 0.770,  3.11e+08),
           ( 0.773,  3.14e+08),
           ( 0.776,  1.40e+09),
           ( 0.780,  1.76e+09),
           ( 0.783,  5.64e+08),
           ( 0.793,  1.86e+09),
           ( 0.796,  1.24e+09),
           ( 0.800, -1.45e+08),
           ( 0.807,  1.70e+09),
           ( 0.810,  2.84e+09),
           ( 0.813,  2.08e+09),
           ( 0.817,  8.47e+08),
           ( 0.820,  1.75e+09),
           ( 0.824,  4.74e+08),
           ( 0.827, -1.79e+08),
           ( 0.830, -5.02e+08),
           ( 0.834,  1.45e+09),
           ( 0.837,  2.36e+09),
           ( 0.840, -7.30e+07),
           ( 0.844,  1.13e+09),
           ( 0.847,  4.24e+08),
           ( 0.850,  1.31e+09),
           ( 0.857,  7.23e+08),
           ( 0.861, -5.56e+08),
           ( 0.864,  8.94e+08),
           ( 0.867,  1.58e+09),
           ( 0.871,  1.13e+09),
           ( 0.874,  1.04e+09),
           ( 0.877, -1.17e+09),
           ( 0.881,  1.34e+09),
           ( 0.884,  1.35e+09),
           ( 0.891, -5.37e+08),
           ( 0.894, -8.16e+08),
           ( 0.898,  3.29e+09),
           ( 0.901, -1.27e+08),
           ( 0.905, -1.42e+09),
           ( 0.908,  1.29e+09),
           ( 0.911,  3.33e+08),
           ( 0.915, -1.77e+09),
           ( 0.918, -1.83e+09),
           ( 0.925,  8.18e+08),
           ( 0.928,  7.47e+08),
           ( 0.932,  1.03e+09),
           ( 0.935, -8.96e+07),
           ( 0.938, -2.28e+08),
           ( 0.942,  3.57e+08),
           ( 0.945,  7.51e+08),
           ( 0.948,  1.68e+09),
           ( 0.952, -1.12e+09),
           ( 0.955, -1.14e+09),
           ( 0.959,  9.52e+08),
           ( 0.962, -1.72e+09),
           ( 0.965, -1.14e+09),
           ( 0.969,  1.90e+09),
           ( 0.972,  6.60e+08),
           ( 0.975,  7.79e+08),
           ( 0.979,  1.55e+09),
           ( 0.982,  2.35e+08),
           ( 0.986,  4.48e+08),
           ( 0.989,  2.29e+09),
           ( 0.992,  6.52e+07),
           ( 0.996,  7.02e+08),
           ( 0.999, -9.08e+08),
           ( 1.002,  2.80e+08),
           ( 1.006,  1.64e+07),
           ( 1.009,  4.12e+08),
           ( 1.013, -2.32e+09),
           ( 1.016, -1.70e+09),
           ( 1.019,  8.02e+07),
           ( 1.023, -5.68e+08),
           ( 1.026, -6.12e+08),
           ( 1.029, -1.43e+09),
           ( 1.033,  3.17e+09),
           ( 1.036, -1.78e+09),
           ( 1.039,  7.16e+08),
           ( 1.043, -1.63e+08),
           ( 1.046, -1.34e+09),
           ( 1.050, -4.11e+07),
           ( 1.053, -1.04e+09),
           ( 1.056,  1.01e+08),
           ( 1.060, -3.29e+08),
           ( 1.063, -1.83e+09),
           ( 1.067, -1.03e+09),
           ( 1.070,  1.51e+09),
           ( 1.073, -3.39e+08),
           ( 1.077,  1.42e+08),
           ( 1.080,  8.09e+08),
           ( 1.083, -1.25e+09),
           ( 1.087,  9.97e+08),
           ( 1.090, -6.06e+08),
           ( 1.094, -1.42e+08),
           ( 1.097, -7.82e+08),
           ( 1.100,  1.04e+09),
           ( 1.104, -3.40e+07),
           ( 1.107, -6.10e+08),
           ( 1.110, -1.81e+08),
           ( 1.114,  1.03e+09),
           ( 1.117, -8.78e+07),
           ( 1.124, -9.62e+08),
           ( 1.127,  3.81e+07),
           ( 1.131,  1.42e+09),
           ( 1.134, -4.73e+08),
           ( 1.137,  6.52e+08),
           ( 1.141,  2.09e+09),
           ( 1.144,  1.85e+09),
           ( 1.148, -2.85e+08),
           ( 1.151,  1.31e+09),
           ( 1.154, -3.03e+08),
           ( 1.158, -2.60e+08),
           ( 1.161,  4.43e+08),
           ( 1.164,  2.78e+08),
           ( 1.168,  7.19e+08),
           ( 1.171,  1.02e+09),
           ( 1.175,  2.10e+09),
           ( 1.178, -3.99e+08),
           ( 1.181,  5.68e+08),
           ( 1.185,  9.90e+08),
           ( 1.188,  4.82e+08),
           ( 1.191, -1.52e+09),
           ( 1.195,  5.90e+08),
           ( 1.198,  2.33e+08),
           ( 1.202,  9.25e+08),
           ( 1.205,  2.02e+09),
           ( 1.208, -7.81e+08),
           ( 1.212,  5.80e+08),
           ( 1.215,  1.61e+09),
           ( 1.218,  1.72e+09),
           ( 1.222,  2.03e+08),
           ( 1.225,  1.13e+09),
           ( 1.229,  1.14e+09),
           ( 1.235, -3.43e+08),
           ( 1.239,  1.96e+09),
           ( 1.242, -3.07e+08),
           ( 1.245, -2.31e+08),
           ( 1.249,  2.00e+09),
           ( 1.256, -1.09e+09),
           ( 1.259,  1.32e+08),
           ( 1.262,  8.05e+08),
           ( 1.266, -2.30e+08),
           ( 1.269,  2.07e+09),
           ( 1.272,  2.33e+08),
           ( 1.276, -2.70e+08),
           ( 1.279,  8.77e+08),
           ( 1.283, -5.55e+08),
           ( 1.286, -7.09e+08),
           ( 1.289,  3.06e+08),
           ( 1.293, -1.61e+08),
           ( 1.296,  6.97e+08),
           ( 1.299, -1.22e+09),
           ( 1.303,  5.14e+08),
           ( 1.306,  1.77e+09),
           ( 1.309,  1.46e+08),
           ( 1.313, -7.34e+08),
           ( 1.316, -6.24e+08),
           ( 1.320,  1.50e+08),
           ( 1.323,  2.35e+08),
           ( 1.326,  1.72e+08),
           ( 1.330,  5.33e+08),
           ( 1.333, -4.53e+08),
           ( 1.337,  1.50e+09),
           ( 1.340,  5.55e+08),
           ( 1.343, -3.79e+07),
           ( 1.347, -2.41e+08),
           ( 1.350,  7.00e+08),
           ( 1.353,  4.30e+08),
           ( 1.357,  1.48e+09),
           ( 1.360,  3.41e+08),
           ( 1.364,  8.73e+08),
           ( 1.367,  1.24e+09),
           ( 1.370,  6.16e+08),
           ( 1.374,  2.68e+08),
           ( 1.377,  1.15e+09),
           ( 1.380,  1.41e+09),
           ( 1.384, -1.28e+09),
           ( 1.391,  1.03e+09),
           ( 1.394,  1.94e+09),
           ( 1.397, -6.54e+08),
           ( 1.401, -1.13e+09),
           ( 1.404,  9.95e+08),
           ( 1.407,  4.54e+08),
           ( 1.411, -6.02e+08),
           ( 1.414,  7.19e+08),
           ( 1.418,  8.46e+08),
           ( 1.421,  7.30e+08),
           ( 1.424,  7.45e+08),
           ( 1.428,  1.09e+07),
           ( 1.431,  4.75e+08),
           ( 1.434, -2.67e+08),
           ( 1.438, -1.62e+09),
           ( 1.441,  5.35e+08),
           ( 1.445, -4.57e+08),
           ( 1.448, -9.19e+08),
           ( 1.451, -4.84e+08),
           ( 1.455,  1.91e+09),
           ( 1.458, -9.94e+08),
           ( 1.461, -5.69e+08),
           ( 1.465,  1.48e+09),
           ( 1.468,  6.24e+08),
           ( 1.472,  1.56e+09),
           ( 1.475,  4.65e+08),
           ( 1.478, -1.26e+08),
           ( 1.482,  2.34e+08),
           ( 1.485, -5.72e+08),
           ( 1.488,  1.36e+09),
           ( 1.492,  4.64e+08),
           ( 1.495, -6.57e+08),
           ( 1.498,  6.60e+08),
           ( 1.502,  4.81e+08),
           ( 1.505, -6.03e+08),
           ( 1.509, -8.60e+08),
           ( 1.515,  2.97e+09),
           ( 1.519, -8.67e+08),
           ( 1.522, -6.26e+08),
           ( 1.529,  6.97e+08),
           ( 1.532, -7.99e+08),
           ( 1.536,  5.11e+08),
           ( 1.539, -2.19e+09),
           ( 1.542, -1.50e+09),
           ( 1.546, -1.19e+09),
           ( 1.549, -8.14e+08),
           ( 1.553,  6.32e+07),
           ( 1.556, -3.69e+08),
           ( 1.559,  7.10e+08),
           ( 1.563,  1.22e+09),
           ( 1.566,  1.13e+09),
           ( 1.569,  3.85e+08),
           ( 1.573, -1.17e+09),
           ( 1.576,  9.41e+08),
           ( 1.580,  1.96e+09),
           ( 1.583,  1.17e+09),
           ( 1.586, -4.59e+08),
           ( 1.590,  1.23e+08),
           ( 1.593, -6.46e+06),
           ( 1.596, -4.51e+08),
           ( 1.600,  3.12e+08),
           ( 1.603, -1.00e+09),
           ( 1.610,  2.53e+09),
           ( 1.613, -1.81e+09),
           ( 1.617,  3.82e+08),
           ( 1.620,  2.06e+09),
           ( 1.623, -1.48e+09),
           ( 1.627,  5.42e+08),
           ( 1.630,  2.68e+08),
           ( 1.634,  1.33e+08),
           ( 1.637,  3.15e+08),
           ( 1.640,  1.18e+08),
           ( 1.644,  1.13e+09),
           ( 1.647,  1.61e+09),
           ( 1.654, -1.56e+09),
           ( 1.657, -6.05e+07),
           ( 1.661, -8.31e+08),
           ( 1.664, -2.83e+08),
           ( 1.667,  1.14e+09),
           ( 1.671, -9.71e+08),
           ( 1.674,  2.03e+09),
           ( 1.677, -2.38e+09),
           ( 1.681, -9.13e+08),
           ( 1.684, -3.87e+08),
           ( 1.688,  8.74e+08),
           ( 1.691, -1.01e+09),
           ( 1.694,  4.21e+08),
           ( 1.698, -6.38e+08),
           ( 1.701, -8.78e+08),
           ( 1.704, -6.86e+08),
           ( 1.708,  1.33e+07),
           ( 1.711, -1.66e+09),
           ( 1.715,  3.58e+09),
           ( 1.718,  1.51e+08),
           ( 1.721, -6.57e+08),
           ( 1.725,  9.56e+08),
           ( 1.728, -6.69e+08),
           ( 1.731, -1.05e+09),
           ( 1.735,  9.95e+07),
           ( 1.738,  8.59e+08),
           ( 1.742,  1.29e+09),
           ( 1.745,  1.16e+09),
           ( 1.748,  1.35e+09),
           ( 1.752, -1.41e+09),
           ( 1.755, -8.50e+08),
           ( 1.758,  8.66e+08),
           ( 1.762, -7.68e+08),
           ( 1.765, -7.63e+08),
           ( 1.768,  7.20e+08),
           ( 1.772, -5.99e+08),
           ( 1.775,  7.08e+08),
           ( 1.779,  1.54e+09),
           ( 1.782,  9.98e+08),
           ( 1.785,  4.31e+07),
           ( 1.789, -1.11e+09),
           ( 1.792, -5.66e+08),
           ( 1.796, -1.85e+08),
           ( 1.799, -6.63e+08),
           ( 1.802,  8.26e+08),
           ( 1.806,  6.59e+08),
           ( 1.809, -4.85e+08),
           ( 1.812,  8.14e+07),
           ( 1.816,  8.31e+08),
           ( 1.819, -1.24e+09),
           ( 1.823, -5.12e+08),
           ( 1.826,  1.37e+09),
           ( 1.829,  1.05e+09),
           ( 1.833, -1.03e+07),
           ( 1.836,  1.19e+09),
           ( 1.839,  5.06e+08),
           ( 1.843,  6.85e+08),
           ( 1.846,  4.46e+08),
           ( 1.850, -1.09e+09),
           ( 1.853, -3.98e+08),
           ( 1.856, -7.31e+08),
           ( 1.860,  3.92e+08),
           ( 1.863, -6.73e+08),
           ( 1.870,  4.92e+08),
           ( 1.873, -2.17e+09),
           ( 1.877,  5.50e+08),
           ( 1.880,  4.73e+08),
           ( 1.883,  1.08e+09),
           ( 1.887,  6.17e+08),
           ( 1.893,  2.09e+08),
           ( 1.897,  1.09e+09),
           ( 1.900,  1.18e+09),
           ( 1.904,  8.14e+08),
           ( 1.907,  1.07e+09),
           ( 1.910,  3.03e+08),
           ( 1.914,  1.19e+09),
           ( 1.917,  8.73e+08),
           ( 1.920, -9.69e+08),
           ( 1.924, -2.29e+08),
           ( 1.927, -7.64e+07),
           ( 1.931,  1.26e+09),
           ( 1.934, -8.48e+08),
           ( 1.937,  2.22e+08),
           ( 1.941,  1.67e+09),
           ( 1.944,  1.18e+09),
           ( 1.947, -3.32e+08),
           ( 1.951,  2.60e+08),
           ( 1.954,  1.96e+08),
           ( 1.958, -9.58e+08),
           ( 1.961,  1.72e+09),
           ( 1.968, -1.03e+09),
           ( 1.971, -9.86e+08),
           ( 1.974,  2.70e+08),
           ( 1.978, -3.39e+05),
           ( 1.981,  1.36e+09),
           ( 1.985, -1.46e+09),
           ( 1.988, -1.24e+09),
           ( 1.991,  5.78e+08),
           ( 1.995,  5.95e+08),
           ( 1.998,  4.93e+08),
           ( 1.998,  4.93e+08)]
