Bolide Detection Notification: 2022-034

At 19:50:40 UT on 03 Feb 2022, sensors aboard U. S. Government satellites recorded
the flash signature of a large meteoroid entry into the atmosphere. Location of the
flash was Lat 13.3S, Lon 142.2E.

Based upon the visible-light intensity-time signature, peak brightness of the flash
was determined to be approximately 1.31e+10 watts/steradian, and total radiated flash
energy 1.54e+11 joules (6000K blackbody model).

Columns: time, intensity (w/sr)
Intensity=[(-0.999, -2.58e+08),
           (-0.996, -7.73e+07),
           (-0.992,  3.41e+08),
           (-0.989,  3.28e+08),
           (-0.986,  1.67e+09),
           (-0.982,  7.41e+08),
           (-0.979,  1.53e+09),
           (-0.975,  6.32e+06),
           (-0.972,  4.93e+08),
           (-0.969, -1.12e+09),
           (-0.962,  1.45e+08),
           (-0.958, -1.51e+09),
           (-0.952,  3.72e+08),
           (-0.948,  5.87e+08),
           (-0.945, -6.36e+08),
           (-0.942, -6.53e+06),
           (-0.938, -5.04e+08),
           (-0.931,  1.06e+09),
           (-0.928,  7.52e+08),
           (-0.925,  7.28e+08),
           (-0.921, -7.46e+08),
           (-0.918, -4.99e+08),
           (-0.915, -1.42e+09),
           (-0.911, -1.14e+09),
           (-0.904, -2.61e+09),
           (-0.898,  1.06e+09),
           (-0.894, -1.98e+09),
           (-0.891,  4.35e+08),
           (-0.888,  6.32e+07),
           (-0.884,  7.18e+08),
           (-0.881,  1.07e+09),
           (-0.877, -1.65e+09),
           (-0.871,  3.07e+08),
           (-0.867, -1.51e+09),
           (-0.864,  2.04e+09),
           (-0.861,  4.53e+08),
           (-0.857, -5.25e+07),
           (-0.854,  4.68e+08),
           (-0.851,  2.16e+08),
           (-0.847,  3.55e+08),
           (-0.844, -1.87e+08),
           (-0.840,  1.46e+09),
           (-0.837,  2.46e+08),
           (-0.834,  1.79e+08),
           (-0.830,  7.88e+08),
           (-0.827, -5.38e+08),
           (-0.823,  6.27e+08),
           (-0.820,  3.91e+08),
           (-0.813,  9.41e+08),
           (-0.810, -7.47e+08),
           (-0.807, -9.47e+08),
           (-0.803,  3.67e+08),
           (-0.800,  8.77e+08),
           (-0.796,  6.44e+08),
           (-0.793,  1.02e+09),
           (-0.790, -6.09e+08),
           (-0.786,  1.09e+08),
           (-0.783,  4.50e+08),
           (-0.780,  4.64e+08),
           (-0.776, -8.08e+08),
           (-0.773,  2.97e+08),
           (-0.769,  7.05e+08),
           (-0.766, -4.45e+08),
           (-0.763,  1.45e+07),
           (-0.759, -7.76e+08),
           (-0.756, -8.99e+08),
           (-0.749,  8.87e+08),
           (-0.746,  4.67e+08),
           (-0.742, -5.30e+08),
           (-0.739,  1.67e+09),
           (-0.736, -6.47e+07),
           (-0.732,  6.58e+07),
           (-0.729, -6.22e+07),
           (-0.726, -1.94e+09),
           (-0.722,  9.19e+08),
           (-0.719, -2.09e+09),
           (-0.716, -1.76e+08),
           (-0.712,  2.35e+08),
           (-0.709, -1.27e+08),
           (-0.705,  1.21e+09),
           (-0.702,  3.59e+08),
           (-0.699, -9.79e+06),
           (-0.695,  4.94e+07),
           (-0.692,  6.24e+08),
           (-0.689,  7.89e+08),
           (-0.685,  3.01e+08),
           (-0.682, -7.98e+08),
           (-0.678, -8.34e+08),
           (-0.675, -1.29e+09),
           (-0.672,  1.55e+09),
           (-0.668, -3.78e+08),
           (-0.665, -7.19e+08),
           (-0.661, -7.49e+08),
           (-0.658, -1.21e+09),
           (-0.655,  3.40e+06),
           (-0.651, -2.70e+08),
           (-0.648, -1.87e+09),
           (-0.645, -1.45e+09),
           (-0.641, -7.91e+08),
           (-0.638,  2.43e+09),
           (-0.634, -1.07e+09),
           (-0.631, -7.69e+08),
           (-0.628, -1.12e+08),
           (-0.624, -2.27e+09),
           (-0.621, -1.13e+09),
           (-0.618,  9.67e+08),
           (-0.614, -1.49e+09),
           (-0.611,  1.50e+09),
           (-0.607, -2.38e+08),
           (-0.604, -3.37e+08),
           (-0.601, -8.33e+07),
           (-0.597, -2.02e+09),
           (-0.594,  1.06e+08),
           (-0.591, -9.46e+08),
           (-0.587,  1.59e+09),
           (-0.584, -7.03e+08),
           (-0.580, -2.13e+08),
           (-0.577,  6.66e+08),
           (-0.574,  6.52e+08),
           (-0.570, -3.52e+08),
           (-0.567, -6.94e+08),
           (-0.564, -1.34e+09),
           (-0.560,  1.25e+09),
           (-0.557, -4.96e+08),
           (-0.553,  3.09e+08),
           (-0.550, -1.81e+09),
           (-0.547,  2.14e+08),
           (-0.543, -8.22e+07),
           (-0.540,  3.44e+08),
           (-0.537, -1.30e+08),
           (-0.533,  1.38e+09),
           (-0.530, -9.98e+08),
           (-0.526,  4.66e+07),
           (-0.523, -1.79e+08),
           (-0.520,  5.69e+08),
           (-0.516,  2.09e+09),
           (-0.513,  2.79e+08),
           (-0.510,  3.73e+08),
           (-0.503,  1.86e+09),
           (-0.496, -3.43e+08),
           (-0.493,  5.80e+08),
           (-0.489, -8.56e+07),
           (-0.486, -1.69e+08),
           (-0.483, -5.26e+08),
           (-0.479,  1.15e+09),
           (-0.476, -8.35e+08),
           (-0.473,  7.01e+08),
           (-0.469,  5.03e+08),
           (-0.466,  1.41e+09),
           (-0.462, -1.17e+09),
           (-0.456,  2.21e+09),
           (-0.449, -2.58e+08),
           (-0.445,  7.48e+08),
           (-0.442,  6.07e+08),
           (-0.439,  7.12e+08),
           (-0.435,  5.18e+08),
           (-0.432,  9.59e+08),
           (-0.429, -3.39e+08),
           (-0.425,  3.30e+08),
           (-0.422,  3.20e+08),
           (-0.418,  1.95e+09),
           (-0.415,  2.37e+09),
           (-0.412, -1.68e+09),
           (-0.402,  2.25e+09),
           (-0.398,  5.64e+08),
           (-0.395,  9.86e+08),
           (-0.391,  3.05e+08),
           (-0.388,  7.60e+08),
           (-0.385,  9.54e+08),
           (-0.378, -5.05e+08),
           (-0.375,  1.99e+09),
           (-0.371,  9.80e+07),
           (-0.365,  2.40e+09),
           (-0.361,  1.01e+09),
           (-0.358,  2.46e+09),
           (-0.354,  2.80e+09),
           (-0.351,  3.51e+09),
           (-0.348,  2.21e+09),
           (-0.344,  3.26e+09),
           (-0.341,  3.35e+09),
           (-0.337,  2.29e+09),
           (-0.334,  2.59e+09),
           (-0.331,  2.49e+09),
           (-0.327,  2.03e+09),
           (-0.324,  7.21e+08),
           (-0.321,  2.34e+09),
           (-0.317, -1.64e+08),
           (-0.314,  8.26e+08),
           (-0.307,  1.77e+09),
           (-0.304,  4.10e+08),
           (-0.300,  1.52e+09),
           (-0.297,  1.81e+09),
           (-0.290,  2.78e+08),
           (-0.287,  1.38e+09),
           (-0.284,  1.49e+09),
           (-0.280,  8.57e+08),
           (-0.277,  2.89e+09),
           (-0.273,  1.16e+09),
           (-0.270,  1.50e+09),
           (-0.267,  2.15e+09),
           (-0.263,  1.41e+09),
           (-0.260,  1.87e+09),
           (-0.256,  1.13e+09),
           (-0.253,  2.32e+09),
           (-0.250,  2.71e+09),
           (-0.246,  2.66e+09),
           (-0.240,  1.51e+09),
           (-0.236,  2.85e+09),
           (-0.230,  1.29e+09),
           (-0.226,  1.36e+09),
           (-0.223,  7.85e+07),
           (-0.219,  1.08e+09),
           (-0.216,  1.65e+09),
           (-0.213,  1.04e+09),
           (-0.209, -1.01e+06),
           (-0.202,  2.51e+09),
           (-0.199,  1.51e+09),
           (-0.196,  3.47e+09),
           (-0.192,  3.50e+08),
           (-0.189,  6.97e+08),
           (-0.186,  1.64e+09),
           (-0.182,  1.17e+09),
           (-0.179,  1.35e+09),
           (-0.175,  2.27e+09),
           (-0.172,  1.30e+09),
           (-0.169,  8.62e+08),
           (-0.165, -3.56e+08),
           (-0.162,  1.36e+09),
           (-0.159,  8.40e+08),
           (-0.155,  1.23e+09),
           (-0.152,  1.04e+09),
           (-0.148,  1.88e+09),
           (-0.145,  1.00e+09),
           (-0.142,  2.11e+09),
           (-0.138,  6.52e+08),
           (-0.135,  1.44e+09),
           (-0.132,  4.76e+08),
           (-0.128,  9.25e+08),
           (-0.121,  2.24e+09),
           (-0.118,  2.11e+09),
           (-0.115,  2.05e+07),
           (-0.111,  1.25e+09),
           (-0.108,  3.14e+09),
           (-0.105,  2.84e+09),
           (-0.101,  2.93e+09),
           (-0.098,  2.80e+09),
           (-0.095,  3.00e+09),
           (-0.091,  1.70e+09),
           (-0.088, -1.50e+09),
           (-0.081,  4.22e+09),
           (-0.078,  2.63e+09),
           (-0.074,  3.41e+09),
           (-0.071,  2.67e+09),
           (-0.067,  4.79e+09),
           (-0.064,  1.79e+09),
           (-0.061,  1.59e+09),
           (-0.057,  2.94e+09),
           (-0.051,  4.47e+09),
           (-0.047,  4.12e+09),
           (-0.044,  1.63e+09),
           (-0.037,  3.11e+09),
           (-0.034,  2.81e+09),
           (-0.030,  3.05e+09),
           (-0.027,  4.61e+09),
           (-0.024,  3.46e+09),
           (-0.020,  3.01e+09),
           (-0.017,  5.21e+09),
           (-0.014,  3.03e+09),
           (-0.010,  4.48e+09),
           (-0.007,  4.28e+09),
           (-0.003,  3.93e+09),
           ( 0.000,  5.32e+09),
           ( 0.003,  4.00e+09),
           ( 0.007,  3.55e+09),
           ( 0.010,  4.22e+09),
           ( 0.014,  2.12e+09),
           ( 0.017,  3.87e+09),
           ( 0.020,  3.01e+09),
           ( 0.024,  3.11e+09),
           ( 0.030,  4.98e+09),
           ( 0.034,  3.49e+09),
           ( 0.041,  4.19e+09),
           ( 0.044,  4.37e+09),
           ( 0.047,  4.44e+09),
           ( 0.051,  2.85e+09),
           ( 0.054,  4.49e+09),
           ( 0.057,  3.98e+09),
           ( 0.061,  3.19e+09),
           ( 0.064,  3.06e+09),
           ( 0.068,  3.41e+09),
           ( 0.071,  4.49e+09),
           ( 0.074,  4.48e+09),
           ( 0.078,  3.05e+09),
           ( 0.081,  3.36e+09),
           ( 0.084,  5.33e+09),
           ( 0.088,  4.26e+09),
           ( 0.091,  5.07e+09),
           ( 0.095,  6.56e+09),
           ( 0.101,  4.92e+09),
           ( 0.105,  4.88e+09),
           ( 0.108,  5.18e+09),
           ( 0.111,  5.89e+09),
           ( 0.115,  5.50e+09),
           ( 0.118,  5.64e+09),
           ( 0.122,  6.20e+09),
           ( 0.125,  6.16e+09),
           ( 0.128,  6.40e+09),
           ( 0.135,  4.93e+09),
           ( 0.142,  7.03e+09),
           ( 0.145,  4.41e+09),
           ( 0.149,  6.46e+09),
           ( 0.152,  4.62e+09),
           ( 0.155,  3.78e+09),
           ( 0.159,  6.12e+09),
           ( 0.162,  6.74e+09),
           ( 0.165,  5.95e+09),
           ( 0.169,  3.66e+09),
           ( 0.172,  4.20e+09),
           ( 0.175,  6.08e+09),
           ( 0.179,  3.55e+09),
           ( 0.182,  3.81e+09),
           ( 0.186,  4.63e+09),
           ( 0.189,  4.67e+09),
           ( 0.192,  5.22e+09),
           ( 0.196,  3.95e+09),
           ( 0.199,  5.68e+09),
           ( 0.203,  4.43e+09),
           ( 0.206,  4.12e+09),
           ( 0.209,  3.64e+09),
           ( 0.213,  5.25e+09),
           ( 0.216,  5.96e+09),
           ( 0.219,  6.04e+09),
           ( 0.223,  5.29e+09),
           ( 0.226,  7.94e+09),
           ( 0.230,  4.15e+09),
           ( 0.233,  4.40e+09),
           ( 0.236,  6.62e+09),
           ( 0.240,  3.96e+09),
           ( 0.243,  4.88e+09),
           ( 0.246,  3.44e+09),
           ( 0.250,  4.01e+09),
           ( 0.253,  5.86e+09),
           ( 0.257,  5.39e+09),
           ( 0.260,  5.19e+09),
           ( 0.263,  6.79e+09),
           ( 0.267,  5.68e+09),
           ( 0.270,  5.38e+09),
           ( 0.273,  4.83e+09),
           ( 0.277,  6.38e+09),
           ( 0.284,  4.67e+09),
           ( 0.287,  4.75e+09),
           ( 0.290,  7.42e+09),
           ( 0.294,  7.68e+09),
           ( 0.297,  5.50e+09),
           ( 0.300,  4.54e+09),
           ( 0.304,  5.17e+09),
           ( 0.307,  5.22e+09),
           ( 0.311,  3.78e+09),
           ( 0.317,  8.29e+09),
           ( 0.324,  5.76e+09),
           ( 0.331,  7.18e+09),
           ( 0.334,  5.55e+09),
           ( 0.338,  5.99e+09),
           ( 0.341,  8.43e+09),
           ( 0.344,  6.98e+09),
           ( 0.348,  6.93e+09),
           ( 0.351,  7.16e+09),
           ( 0.354,  8.53e+09),
           ( 0.358,  6.17e+09),
           ( 0.361,  7.54e+09),
           ( 0.365,  8.15e+09),
           ( 0.368,  7.94e+09),
           ( 0.371,  7.59e+09),
           ( 0.375,  8.70e+09),
           ( 0.378,  7.44e+09),
           ( 0.381,  8.13e+09),
           ( 0.385,  6.64e+09),
           ( 0.388,  6.66e+09),
           ( 0.392,  5.41e+09),
           ( 0.395,  5.60e+09),
           ( 0.398,  6.06e+09),
           ( 0.402,  5.29e+09),
           ( 0.405,  5.85e+09),
           ( 0.408,  7.18e+09),
           ( 0.412,  7.08e+09),
           ( 0.415,  4.33e+09),
           ( 0.418,  7.12e+09),
           ( 0.422,  6.38e+09),
           ( 0.425,  4.75e+09),
           ( 0.432,  6.85e+09),
           ( 0.435,  6.34e+09),
           ( 0.439,  6.55e+09),
           ( 0.442,  6.14e+09),
           ( 0.446,  3.20e+09),
           ( 0.449,  5.46e+09),
           ( 0.452,  4.24e+09),
           ( 0.456,  3.93e+09),
           ( 0.459,  6.71e+09),
           ( 0.462,  5.20e+09),
           ( 0.466,  4.64e+09),
           ( 0.469,  5.64e+09),
           ( 0.473,  4.94e+09),
           ( 0.476,  7.06e+09),
           ( 0.479,  4.82e+09),
           ( 0.483,  5.82e+09),
           ( 0.486,  4.56e+09),
           ( 0.489,  5.11e+09),
           ( 0.493,  7.27e+09),
           ( 0.496,  5.92e+09),
           ( 0.500,  5.40e+09),
           ( 0.503,  6.54e+09),
           ( 0.506,  6.91e+09),
           ( 0.510,  5.41e+09),
           ( 0.513,  6.01e+09),
           ( 0.516,  6.31e+09),
           ( 0.520,  5.97e+09),
           ( 0.523,  5.11e+09),
           ( 0.527,  5.84e+09),
           ( 0.530,  5.10e+09),
           ( 0.533,  4.70e+09),
           ( 0.537,  5.38e+09),
           ( 0.540,  7.09e+09),
           ( 0.543,  4.73e+09),
           ( 0.547,  5.21e+09),
           ( 0.550,  5.18e+09),
           ( 0.554,  5.94e+09),
           ( 0.557,  5.99e+09),
           ( 0.560,  5.56e+09),
           ( 0.564,  6.09e+09),
           ( 0.567,  5.44e+09),
           ( 0.570,  6.57e+09),
           ( 0.574,  8.20e+09),
           ( 0.577,  7.37e+09),
           ( 0.581,  4.41e+09),
           ( 0.584,  5.70e+09),
           ( 0.587,  5.92e+09),
           ( 0.591,  3.88e+09),
           ( 0.594,  4.20e+09),
           ( 0.597,  5.50e+09),
           ( 0.607,  6.21e+09),
           ( 0.611,  6.21e+09),
           ( 0.614,  4.96e+09),
           ( 0.618,  5.03e+09),
           ( 0.621,  5.71e+09),
           ( 0.628,  7.45e+09),
           ( 0.635,  4.45e+09),
           ( 0.638,  6.59e+09),
           ( 0.641,  6.39e+09),
           ( 0.645,  4.38e+09),
           ( 0.648,  6.13e+09),
           ( 0.651,  5.75e+09),
           ( 0.655,  5.94e+09),
           ( 0.662,  4.94e+09),
           ( 0.665,  5.21e+09),
           ( 0.668,  4.92e+09),
           ( 0.672,  4.34e+09),
           ( 0.675,  8.12e+09),
           ( 0.678,  5.82e+09),
           ( 0.682,  6.63e+09),
           ( 0.685,  8.35e+09),
           ( 0.689,  7.44e+09),
           ( 0.692,  8.72e+09),
           ( 0.695,  7.43e+09),
           ( 0.699,  7.78e+09),
           ( 0.702,  7.65e+09),
           ( 0.705,  1.05e+10),
           ( 0.712,  1.26e+10),
           ( 0.716,  1.26e+10),
           ( 0.722,  1.16e+10),
           ( 0.726,  9.78e+09),
           ( 0.729,  8.76e+09),
           ( 0.732,  1.14e+10),
           ( 0.736,  1.16e+10),
           ( 0.739,  8.96e+09),
           ( 0.743,  9.77e+09),
           ( 0.749,  6.65e+09),
           ( 0.753,  6.37e+09),
           ( 0.756,  6.97e+09),
           ( 0.759,  6.12e+09),
           ( 0.763,  5.66e+09),
           ( 0.766,  6.14e+09),
           ( 0.770,  7.19e+09),
           ( 0.773,  7.31e+09),
           ( 0.780,  8.13e+09),
           ( 0.783,  7.77e+09),
           ( 0.786,  5.95e+09),
           ( 0.790,  6.33e+09),
           ( 0.793,  7.58e+09),
           ( 0.796,  7.31e+09),
           ( 0.800,  8.51e+09),
           ( 0.803,  5.63e+09),
           ( 0.807,  6.28e+09),
           ( 0.810,  8.96e+09),
           ( 0.817,  5.25e+09),
           ( 0.820,  8.01e+09),
           ( 0.824,  6.06e+09),
           ( 0.827,  8.04e+09),
           ( 0.834,  6.74e+09),
           ( 0.837,  6.88e+09),
           ( 0.840,  7.65e+09),
           ( 0.844,  6.79e+09),
           ( 0.851,  4.49e+09),
           ( 0.854,  5.18e+09),
           ( 0.857,  5.44e+09),
           ( 0.861,  7.32e+09),
           ( 0.864,  6.72e+09),
           ( 0.867,  5.60e+09),
           ( 0.871,  5.88e+09),
           ( 0.877,  8.08e+09),
           ( 0.881,  5.66e+09),
           ( 0.884,  5.28e+09),
           ( 0.888,  7.13e+09),
           ( 0.891,  7.96e+09),
           ( 0.894,  8.07e+09),
           ( 0.898,  5.35e+09),
           ( 0.901,  7.48e+09),
           ( 0.905,  6.78e+09),
           ( 0.908,  4.56e+09),
           ( 0.911,  5.59e+09),
           ( 0.915,  3.58e+09),
           ( 0.918,  4.91e+09),
           ( 0.921,  4.56e+09),
           ( 0.925,  5.91e+09),
           ( 0.928,  5.80e+09),
           ( 0.935,  5.14e+09),
           ( 0.938,  5.42e+09),
           ( 0.945,  3.95e+09),
           ( 0.948,  6.69e+09),
           ( 0.955,  3.33e+09),
           ( 0.959,  3.09e+09),
           ( 0.962,  4.10e+09),
           ( 0.965,  3.93e+09),
           ( 0.969,  4.51e+09),
           ( 0.972,  5.48e+09),
           ( 0.975,  5.52e+09),
           ( 0.979,  5.10e+09),
           ( 0.982,  3.57e+09),
           ( 0.986,  5.13e+09),
           ( 0.989,  3.66e+09),
           ( 0.992,  5.55e+09),
           ( 0.996,  5.15e+09),
           ( 0.999,  3.33e+09),
           ( 1.006,  4.14e+09),
           ( 1.009,  3.93e+09),
           ( 1.013,  5.07e+09),
           ( 1.016,  4.19e+09),
           ( 1.019,  4.06e+09),
           ( 1.023,  4.38e+09),
           ( 1.029,  2.96e+09),
           ( 1.033,  6.03e+09),
           ( 1.036,  2.36e+09),
           ( 1.043,  4.34e+09),
           ( 1.046,  4.82e+09),
           ( 1.050,  4.13e+09),
           ( 1.053,  5.38e+09),
           ( 1.056,  3.76e+09),
           ( 1.060,  4.93e+09),
           ( 1.063,  3.76e+09),
           ( 1.067,  6.37e+09),
           ( 1.070,  6.32e+09),
           ( 1.073,  3.38e+09),
           ( 1.077,  3.31e+09),
           ( 1.083,  4.32e+09),
           ( 1.087,  2.48e+09),
           ( 1.090,  3.80e+09),
           ( 1.094,  2.51e+09),
           ( 1.097,  3.13e+09),
           ( 1.100,  3.20e+09),
           ( 1.104,  1.58e+09),
           ( 1.107,  3.10e+09),
           ( 1.114,  2.09e+09),
           ( 1.117,  2.67e+09),
           ( 1.120,  3.74e+09),
           ( 1.124,  1.30e+09),
           ( 1.127,  4.21e+09),
           ( 1.131,  3.13e+09),
           ( 1.134,  3.87e+09),
           ( 1.137,  2.42e+09),
           ( 1.141,  2.56e+09),
           ( 1.144,  3.01e+09),
           ( 1.148,  3.88e+09),
           ( 1.151,  2.12e+09),
           ( 1.154,  2.81e+09),
           ( 1.158,  5.28e+09),
           ( 1.161,  5.45e+09),
           ( 1.164,  3.49e+09),
           ( 1.168,  3.50e+09),
           ( 1.171,  4.66e+09),
           ( 1.175,  4.85e+09),
           ( 1.178,  3.00e+09),
           ( 1.181,  4.10e+09),
           ( 1.185,  4.21e+09),
           ( 1.188,  4.81e+09),
           ( 1.191,  3.87e+09),
           ( 1.195,  5.28e+09),
           ( 1.198,  5.42e+09),
           ( 1.202,  4.70e+09),
           ( 1.205,  4.59e+09),
           ( 1.208,  4.33e+09),
           ( 1.212,  3.57e+09),
           ( 1.215,  3.90e+09),
           ( 1.218,  3.27e+09),
           ( 1.222,  3.87e+09),
           ( 1.225,  5.67e+09),
           ( 1.228,  5.90e+09),
           ( 1.232,  4.26e+09),
           ( 1.235,  1.91e+09),
           ( 1.239,  3.95e+09),
           ( 1.242,  4.58e+09),
           ( 1.245,  4.87e+09),
           ( 1.249,  4.65e+09),
           ( 1.252,  4.13e+09),
           ( 1.256,  2.07e+09),
           ( 1.259,  4.28e+09),
           ( 1.262,  4.98e+09),
           ( 1.266,  3.65e+09),
           ( 1.269,  3.79e+09),
           ( 1.272,  3.85e+09),
           ( 1.276,  3.84e+09),
           ( 1.279,  3.48e+09),
           ( 1.283,  1.61e+09),
           ( 1.286,  3.12e+09),
           ( 1.289,  1.89e+09),
           ( 1.293,  2.11e+09),
           ( 1.296,  2.58e+09),
           ( 1.299,  5.02e+09),
           ( 1.303,  4.50e+09),
           ( 1.306,  3.15e+09),
           ( 1.309,  4.17e+09),
           ( 1.313,  2.79e+09),
           ( 1.316,  3.34e+09),
           ( 1.320,  2.42e+09),
           ( 1.323,  3.24e+09),
           ( 1.326,  1.90e+09),
           ( 1.330,  2.68e+09),
           ( 1.333,  4.05e+09),
           ( 1.337,  4.00e+09),
           ( 1.340,  3.49e+09),
           ( 1.343,  9.81e+08),
           ( 1.347,  2.96e+09),
           ( 1.350,  6.14e+09),
           ( 1.353,  2.45e+09),
           ( 1.357,  3.11e+09),
           ( 1.360,  4.47e+09),
           ( 1.364,  4.92e+09),
           ( 1.367,  4.06e+09),
           ( 1.370,  6.25e+09),
           ( 1.374,  3.63e+09),
           ( 1.377,  4.68e+09),
           ( 1.380,  4.37e+09),
           ( 1.384,  3.48e+09),
           ( 1.387,  3.11e+09),
           ( 1.391,  5.34e+09),
           ( 1.394,  3.20e+09),
           ( 1.397,  4.22e+09),
           ( 1.401,  4.77e+09),
           ( 1.404,  3.13e+09),
           ( 1.407,  4.74e+09),
           ( 1.417,  3.66e+09),
           ( 1.421,  3.52e+09),
           ( 1.424,  3.71e+09),
           ( 1.431,  5.71e+09),
           ( 1.434,  4.50e+09),
           ( 1.441,  3.72e+09),
           ( 1.445,  2.79e+09),
           ( 1.448,  3.39e+09),
           ( 1.455,  6.43e+09),
           ( 1.465,  2.15e+09),
           ( 1.468,  4.86e+09),
           ( 1.472,  4.70e+09),
           ( 1.475,  5.07e+09),
           ( 1.478,  3.11e+09),
           ( 1.482,  4.37e+09),
           ( 1.485,  3.90e+09),
           ( 1.488,  4.70e+09),
           ( 1.492,  3.18e+09),
           ( 1.495,  2.53e+09),
           ( 1.498,  3.10e+09),
           ( 1.502,  4.98e+09),
           ( 1.505,  2.79e+09),
           ( 1.509,  4.15e+09),
           ( 1.512,  3.73e+09),
           ( 1.515,  3.89e+09),
           ( 1.519,  3.22e+09),
           ( 1.522,  3.34e+09),
           ( 1.526,  5.05e+09),
           ( 1.529,  3.28e+09),
           ( 1.532,  3.00e+09),
           ( 1.536,  2.03e+09),
           ( 1.539,  3.85e+09),
           ( 1.542,  3.57e+09),
           ( 1.546,  2.68e+09),
           ( 1.549,  3.78e+09),
           ( 1.553,  3.96e+09),
           ( 1.556,  3.99e+09),
           ( 1.559,  2.46e+09),
           ( 1.563,  4.14e+09),
           ( 1.569,  2.99e+09),
           ( 1.573,  3.97e+09),
           ( 1.580,  2.87e+09),
           ( 1.583,  4.21e+09),
           ( 1.586,  3.78e+09),
           ( 1.593,  4.03e+09),
           ( 1.596,  2.34e+09),
           ( 1.600,  2.84e+09),
           ( 1.603,  4.66e+09),
           ( 1.607,  3.05e+09),
           ( 1.610,  4.06e+09),
           ( 1.613,  1.25e+09),
           ( 1.617,  2.41e+09),
           ( 1.620,  4.77e+09),
           ( 1.623,  3.13e+09),
           ( 1.627,  3.81e+09),
           ( 1.630,  1.80e+09),
           ( 1.634,  1.08e+09),
           ( 1.637,  2.58e+09),
           ( 1.640,  2.19e+09),
           ( 1.647,  3.68e+09),
           ( 1.650,  1.91e+09),
           ( 1.654,  1.04e+09),
           ( 1.657,  2.90e+09),
           ( 1.660,  3.62e+09),
           ( 1.664,  3.74e+09),
           ( 1.671,  1.34e+09),
           ( 1.674,  3.14e+09),
           ( 1.677,  3.04e+09),
           ( 1.681,  2.10e+09),
           ( 1.684,  2.87e+09),
           ( 1.688, -1.54e+08),
           ( 1.691,  4.06e+09),
           ( 1.694,  2.17e+09),
           ( 1.698,  2.00e+09),
           ( 1.701,  2.00e+09),
           ( 1.704,  3.34e+09),
           ( 1.708,  2.09e+09),
           ( 1.711,  3.01e+09),
           ( 1.715,  3.17e+09),
           ( 1.718,  5.06e+09),
           ( 1.721,  1.92e+09),
           ( 1.725,  1.80e+09),
           ( 1.728,  3.95e+09),
           ( 1.731,  3.59e+09),
           ( 1.738,  2.23e+09),
           ( 1.742,  3.33e+09),
           ( 1.745,  3.22e+09),
           ( 1.748,  2.45e+09),
           ( 1.752,  4.62e+09),
           ( 1.755,  3.32e+09),
           ( 1.758,  4.09e+09),
           ( 1.762,  2.49e+09),
           ( 1.765,  3.75e+09),
           ( 1.769,  2.68e+09),
           ( 1.772,  3.07e+09),
           ( 1.775,  2.91e+09),
           ( 1.779,  2.46e+09),
           ( 1.782,  3.49e+09),
           ( 1.785,  3.38e+09),
           ( 1.789,  3.23e+09),
           ( 1.792,  2.98e+09),
           ( 1.795,  2.89e+09),
           ( 1.799,  3.46e+09),
           ( 1.802,  2.87e+09),
           ( 1.806,  4.23e+09),
           ( 1.812,  5.13e+08),
           ( 1.816,  2.48e+09),
           ( 1.819,  2.07e+09),
           ( 1.823, -6.95e+07),
           ( 1.826,  3.07e+09),
           ( 1.829,  4.09e+09),
           ( 1.833,  3.80e+09),
           ( 1.836,  2.71e+09),
           ( 1.839,  8.95e+08),
           ( 1.843,  2.57e+09),
           ( 1.846,  3.47e+09),
           ( 1.849,  2.22e+09),
           ( 1.853,  3.82e+09),
           ( 1.856,  1.74e+09),
           ( 1.860,  1.24e+09),
           ( 1.863,  4.10e+09),
           ( 1.870,  1.05e+09),
           ( 1.873,  4.16e+09),
           ( 1.877,  2.86e+09),
           ( 1.880,  2.95e+09),
           ( 1.883,  4.47e+09),
           ( 1.887,  1.74e+09),
           ( 1.890,  5.57e+08),
           ( 1.893,  2.03e+09),
           ( 1.897,  2.49e+09),
           ( 1.900,  3.45e+09),
           ( 1.904,  2.68e+09),
           ( 1.907,  8.14e+08),
           ( 1.910,  1.46e+09),
           ( 1.914,  1.07e+09),
           ( 1.917,  1.89e+09),
           ( 1.920,  3.34e+09),
           ( 1.927,  1.58e+09),
           ( 1.931,  3.24e+09),
           ( 1.934,  3.11e+09),
           ( 1.937,  2.49e+09),
           ( 1.941,  2.29e+09),
           ( 1.944,  1.69e+09),
           ( 1.947,  1.65e+09),
           ( 1.951,  3.04e+09),
           ( 1.954,  2.59e+09),
           ( 1.958,  3.12e+09),
           ( 1.961,  1.64e+09),
           ( 1.964,  2.03e+09),
           ( 1.968,  2.75e+09),
           ( 1.971,  5.50e+09),
           ( 1.974,  5.48e+09),
           ( 1.981,  2.43e+09),
           ( 1.984,  3.67e+09),
           ( 1.988,  2.59e+09),
           ( 1.991,  4.07e+09),
           ( 1.995,  4.62e+09),
           ( 1.998,  2.26e+09),
           ( 2.001,  3.41e+09),
           ( 2.005,  1.89e+09),
           ( 2.012,  4.80e+09),
           ( 2.015,  3.00e+09),
           ( 2.018,  4.22e+09),
           ( 2.025,  5.04e+09),
           ( 2.028,  5.18e+09),
           ( 2.032,  5.14e+09),
           ( 2.035,  3.62e+09),
           ( 2.038,  5.34e+09),
           ( 2.042,  4.48e+09),
           ( 2.045,  4.13e+09),
           ( 2.049,  3.12e+09),
           ( 2.052,  4.15e+09),
           ( 2.059,  8.18e+09),
           ( 2.066,  4.65e+09),
           ( 2.069,  4.50e+09),
           ( 2.076,  3.77e+09),
           ( 2.079,  4.40e+09),
           ( 2.082,  3.09e+09),
           ( 2.086,  4.54e+09),
           ( 2.093,  3.99e+09),
           ( 2.096,  2.99e+09),
           ( 2.099,  5.64e+09),
           ( 2.103,  5.78e+09),
           ( 2.106,  5.45e+09),
           ( 2.113,  3.96e+09),
           ( 2.116,  5.05e+09),
           ( 2.120,  3.39e+09),
           ( 2.123,  6.73e+09),
           ( 2.126,  4.53e+09),
           ( 2.130,  3.54e+09),
           ( 2.133,  3.97e+09),
           ( 2.136,  3.14e+09),
           ( 2.140,  4.27e+09),
           ( 2.143,  3.88e+09),
           ( 2.147,  3.20e+09),
           ( 2.150,  3.58e+09),
           ( 2.153,  3.63e+09),
           ( 2.157,  4.46e+09),
           ( 2.160,  3.52e+09),
           ( 2.163,  3.53e+09),
           ( 2.167,  4.76e+09),
           ( 2.173,  2.77e+09),
           ( 2.177,  3.49e+09),
           ( 2.180,  3.47e+09),
           ( 2.184,  1.78e+09),
           ( 2.187,  3.19e+09),
           ( 2.190,  3.05e+09),
           ( 2.194,  3.92e+09),
           ( 2.197,  2.30e+09),
           ( 2.201,  4.13e+09),
           ( 2.204,  3.77e+09),
           ( 2.207,  4.77e+09),
           ( 2.211,  3.12e+09),
           ( 2.214,  2.93e+09),
           ( 2.217,  4.77e+09),
           ( 2.221,  5.22e+09),
           ( 2.224,  4.61e+09),
           ( 2.228,  2.79e+09),
           ( 2.231,  3.33e+09),
           ( 2.234,  4.13e+09),
           ( 2.238,  2.90e+09),
           ( 2.241,  4.12e+09),
           ( 2.244,  3.25e+09),
           ( 2.248,  4.33e+09),
           ( 2.251,  3.12e+09),
           ( 2.255,  5.02e+09),
           ( 2.258,  2.96e+09),
           ( 2.261,  4.11e+09),
           ( 2.265,  4.58e+09),
           ( 2.268,  5.52e+09),
           ( 2.275,  1.73e+09),
           ( 2.278,  4.39e+09),
           ( 2.282,  1.45e+09),
           ( 2.288,  3.15e+09),
           ( 2.292,  2.71e+09),
           ( 2.298,  4.78e+09),
           ( 2.302,  2.56e+09),
           ( 2.305,  2.09e+09),
           ( 2.312,  4.83e+09),
           ( 2.315,  8.29e+08),
           ( 2.319,  3.57e+09),
           ( 2.322,  3.11e+09),
           ( 2.325,  3.82e+09),
           ( 2.329,  4.12e+09),
           ( 2.332,  3.93e+09),
           ( 2.335,  2.28e+09),
           ( 2.339,  3.30e+09),
           ( 2.346,  1.19e+09),
           ( 2.349,  3.11e+09),
           ( 2.352, -6.02e+08),
           ( 2.356,  2.90e+09),
           ( 2.359,  2.08e+09),
           ( 2.362, -3.89e+07),
           ( 2.366,  2.05e+09),
           ( 2.369,  5.55e+09),
           ( 2.373,  2.23e+09),
           ( 2.376,  2.24e+09),
           ( 2.379,  1.59e+09),
           ( 2.383,  3.56e+09),
           ( 2.386,  4.43e+08),
           ( 2.390,  1.17e+09),
           ( 2.396,  4.43e+09),
           ( 2.403,  1.93e+09),
           ( 2.406,  2.92e+09),
           ( 2.410,  2.30e+09),
           ( 2.413,  2.01e+09),
           ( 2.417,  2.72e+09),
           ( 2.420,  1.80e+09),
           ( 2.423,  2.81e+09),
           ( 2.427,  2.76e+09),
           ( 2.430,  1.47e+09),
           ( 2.433,  5.14e+09),
           ( 2.437,  2.23e+09),
           ( 2.440,  7.73e+08),
           ( 2.444,  7.32e+08),
           ( 2.447,  3.04e+09),
           ( 2.450,  1.43e+09),
           ( 2.454,  3.46e+09),
           ( 2.460,  2.47e+08),
           ( 2.464,  1.81e+09),
           ( 2.467, -9.66e+08),
           ( 2.471, -7.20e+08),
           ( 2.481,  2.48e+09),
           ( 2.484,  1.23e+09),
           ( 2.487,  1.09e+09),
           ( 2.491,  3.35e+09),
           ( 2.494,  3.27e+08),
           ( 2.498,  1.37e+09),
           ( 2.501,  3.68e+09),
           ( 2.504,  8.48e+08),
           ( 2.508,  1.44e+09),
           ( 2.511,  5.92e+08),
           ( 2.514,  1.63e+09),
           ( 2.521,  1.07e+09),
           ( 2.524,  1.17e+09),
           ( 2.528,  2.74e+09),
           ( 2.531,  2.07e+09),
           ( 2.535,  2.50e+09),
           ( 2.541,  1.41e+09),
           ( 2.545, -6.20e+08),
           ( 2.548, -4.30e+06),
           ( 2.555,  1.78e+09),
           ( 2.558,  1.38e+09),
           ( 2.562,  1.43e+09),
           ( 2.565,  2.37e+09),
           ( 2.568,  1.77e+09),
           ( 2.572,  1.75e+09),
           ( 2.575,  1.45e+09),
           ( 2.579,  9.52e+08),
           ( 2.582, -2.68e+08),
           ( 2.585,  1.60e+08),
           ( 2.589, -9.77e+08),
           ( 2.592,  2.03e+09),
           ( 2.595, -2.43e+08),
           ( 2.599,  3.13e+08),
           ( 2.602,  2.47e+09),
           ( 2.606, -3.47e+08),
           ( 2.609, -1.55e+09),
           ( 2.612,  3.91e+08),
           ( 2.616,  1.53e+09),
           ( 2.619, -7.08e+07),
           ( 2.622,  2.96e+08),
           ( 2.626, -9.66e+08),
           ( 2.629,  2.29e+09),
           ( 2.633,  2.35e+08),
           ( 2.636,  1.71e+09),
           ( 2.639,  1.66e+09),
           ( 2.643, -4.85e+08),
           ( 2.646, -4.14e+08),
           ( 2.649,  1.36e+09),
           ( 2.653,  2.38e+09),
           ( 2.656,  9.55e+07),
           ( 2.660,  3.96e+08),
           ( 2.663,  2.33e+09),
           ( 2.666,  2.99e+09),
           ( 2.670,  5.77e+08),
           ( 2.673,  6.11e+08),
           ( 2.676, -4.85e+08),
           ( 2.680,  4.22e+08),
           ( 2.683,  9.28e+08),
           ( 2.687,  1.83e+09),
           ( 2.690, -1.27e+09),
           ( 2.697,  2.26e+09),
           ( 2.700, -4.69e+08),
           ( 2.703,  1.18e+09),
           ( 2.707,  3.95e+08),
           ( 2.710,  1.12e+09),
           ( 2.713, -9.72e+08),
           ( 2.717,  2.22e+09),
           ( 2.720,  1.39e+09),
           ( 2.724,  2.05e+09),
           ( 2.727,  1.91e+09),
           ( 2.730,  1.31e+09),
           ( 2.734,  1.11e+09),
           ( 2.737, -1.39e+09),
           ( 2.741,  1.21e+09),
           ( 2.744,  1.38e+09),
           ( 2.747, -2.22e+08),
           ( 2.751,  5.13e+08),
           ( 2.754,  2.44e+09),
           ( 2.757, -7.00e+08),
           ( 2.761,  8.50e+07),
           ( 2.764,  1.87e+09),
           ( 2.768, -5.89e+08),
           ( 2.771,  1.48e+09),
           ( 2.774,  6.16e+08),
           ( 2.778,  2.91e+08),
           ( 2.784,  8.39e+08),
           ( 2.788, -1.57e+09),
           ( 2.798,  1.92e+09),
           ( 2.801, -6.61e+07),
           ( 2.805,  3.00e+08),
           ( 2.808, -8.88e+08),
           ( 2.811,  9.83e+08),
           ( 2.815,  1.65e+09),
           ( 2.818,  1.81e+09),
           ( 2.822,  3.96e+07),
           ( 2.825, -8.11e+08),
           ( 2.828,  1.73e+09),
           ( 2.832,  7.75e+08),
           ( 2.835,  1.18e+09),
           ( 2.838,  9.82e+08),
           ( 2.842,  2.69e+09),
           ( 2.849,  7.56e+08),
           ( 2.852,  1.26e+09),
           ( 2.855,  4.47e+08),
           ( 2.859,  7.98e+08),
           ( 2.862,  5.32e+08),
           ( 2.865,  2.03e+09),
           ( 2.869, -4.16e+08),
           ( 2.872,  1.30e+09),
           ( 2.876, -3.41e+07),
           ( 2.879,  1.10e+09),
           ( 2.882,  1.70e+09),
           ( 2.886, -3.87e+08),
           ( 2.889, -9.93e+06),
           ( 2.896,  2.65e+09),
           ( 2.899, -1.47e+08),
           ( 2.902,  2.00e+08),
           ( 2.909,  2.07e+09),
           ( 2.913,  7.09e+08),
           ( 2.916,  8.50e+08),
           ( 2.919,  2.47e+09),
           ( 2.923, -1.22e+09),
           ( 2.926,  1.28e+09),
           ( 2.930,  1.11e+09),
           ( 2.933,  1.63e+08),
           ( 2.940,  1.69e+09),
           ( 2.943,  8.13e+08),
           ( 2.946,  3.93e+08),
           ( 2.950,  1.59e+09),
           ( 2.953,  6.46e+08),
           ( 2.957,  1.56e+09),
           ( 2.963,  1.02e+09),
           ( 2.967,  3.92e+08),
           ( 2.970,  1.92e+09),
           ( 2.973, -6.43e+08),
           ( 2.977, -4.43e+08),
           ( 2.984,  2.64e+09),
           ( 2.987, -1.21e+08),
           ( 2.990,  9.51e+07),
           ( 2.994,  8.93e+08),
           ( 2.997,  2.29e+09),
           ( 3.000, -4.39e+08),
           ( 3.004,  1.00e+09),
           ( 3.007,  1.35e+09),
           ( 3.011,  1.09e+09),
           ( 3.014,  1.14e+09),
           ( 3.017,  1.47e+09),
           ( 3.021,  1.54e+09),
           ( 3.024,  8.97e+08),
           ( 3.027,  9.46e+08),
           ( 3.031, -2.04e+09),
           ( 3.034,  2.68e+09),
           ( 3.038,  3.07e+09),
           ( 3.041,  6.03e+08),
           ( 3.044,  1.21e+07),
           ( 3.051,  3.62e+09),
           ( 3.054,  1.59e+09),
           ( 3.058,  1.10e+09),
           ( 3.061,  2.39e+09),
           ( 3.065,  2.26e+09),
           ( 3.068,  1.76e+09),
           ( 3.075,  2.98e+09),
           ( 3.078,  2.33e+09),
           ( 3.085,  2.27e+08),
           ( 3.088, -2.54e+08),
           ( 3.091,  2.19e+09),
           ( 3.095, -1.72e+09),
           ( 3.098,  2.61e+08),
           ( 3.102,  1.23e+09),
           ( 3.105,  1.65e+09),
           ( 3.108,  1.13e+09),
           ( 3.112,  1.14e+09),
           ( 3.115,  2.07e+09),
           ( 3.122, -1.74e+09),
           ( 3.125,  2.96e+08),
           ( 3.129,  3.70e+09),
           ( 3.132, -1.01e+08),
           ( 3.135,  1.40e+09),
           ( 3.139,  2.11e+09),
           ( 3.142,  1.95e+09),
           ( 3.146,  2.74e+09),
           ( 3.149,  5.47e+08),
           ( 3.152,  1.07e+09),
           ( 3.156,  1.86e+09),
           ( 3.159,  1.11e+09),
           ( 3.162, -6.00e+07),
           ( 3.166, -2.48e+08),
           ( 3.169,  7.86e+08),
           ( 3.173,  1.28e+09),
           ( 3.176,  3.16e+08),
           ( 3.179,  9.50e+08),
           ( 3.183,  9.70e+08),
           ( 3.186,  1.95e+08),
           ( 3.189,  2.36e+08),
           ( 3.193,  9.96e+08),
           ( 3.196,  2.23e+09),
           ( 3.200,  2.35e+07),
           ( 3.203,  9.51e+07),
           ( 3.206,  5.14e+08),
           ( 3.210,  2.23e+09),
           ( 3.213,  5.47e+08),
           ( 3.216,  1.03e+09),
           ( 3.220,  1.83e+09),
           ( 3.223,  1.41e+09),
           ( 3.227, -7.73e+08),
           ( 3.230,  1.38e+09),
           ( 3.233,  1.09e+09),
           ( 3.237, -2.64e+08),
           ( 3.243,  8.00e+08),
           ( 3.250,  1.51e+09),
           ( 3.253,  8.08e+08),
           ( 3.257,  4.03e+08),
           ( 3.260,  1.88e+09),
           ( 3.267,  2.39e+08),
           ( 3.270,  6.32e+08),
           ( 3.274,  7.64e+08),
           ( 3.277, -9.11e+08),
           ( 3.280,  6.09e+08),
           ( 3.284,  1.07e+09),
           ( 3.287,  1.25e+09),
           ( 3.291,  2.55e+08),
           ( 3.294,  1.44e+09),
           ( 3.297,  1.70e+09),
           ( 3.301, -1.76e+08),
           ( 3.304,  6.22e+08),
           ( 3.308,  1.98e+09),
           ( 3.311,  1.44e+09),
           ( 3.318, -4.26e+08),
           ( 3.321,  6.96e+08),
           ( 3.324,  6.46e+08),
           ( 3.328,  9.76e+08),
           ( 3.331, -7.29e+08),
           ( 3.335, -7.27e+07),
           ( 3.338, -1.94e+09),
           ( 3.341,  1.34e+09),
           ( 3.345,  1.15e+09),
           ( 3.348,  4.94e+08),
           ( 3.351,  1.27e+09),
           ( 3.355,  1.59e+09),
           ( 3.358,  1.20e+09),
           ( 3.362, -1.40e+09),
           ( 3.365, -6.09e+08),
           ( 3.368, -1.14e+09),
           ( 3.375,  1.17e+09),
           ( 3.378, -2.15e+08),
           ( 3.382, -2.82e+08),
           ( 3.389,  7.95e+08),
           ( 3.392, -5.11e+08),
           ( 3.395,  1.69e+09),
           ( 3.399,  7.15e+08),
           ( 3.402,  2.73e+08),
           ( 3.405,  1.28e+09),
           ( 3.412,  3.65e+08),
           ( 3.416,  7.97e+08),
           ( 3.419,  4.59e+08),
           ( 3.422,  9.64e+08),
           ( 3.426,  1.16e+09),
           ( 3.429,  2.63e+09),
           ( 3.432,  8.96e+08),
           ( 3.436, -2.20e+07),
           ( 3.439,  1.55e+09),
           ( 3.442,  4.07e+08),
           ( 3.446,  1.93e+09),
           ( 3.449,  1.15e+09),
           ( 3.453,  1.61e+09),
           ( 3.456, -1.12e+09),
           ( 3.463,  1.19e+09),
           ( 3.466, -6.95e+08),
           ( 3.470,  1.57e+09),
           ( 3.473,  1.57e+09),
           ( 3.476,  9.84e+08),
           ( 3.480,  1.22e+09),
           ( 3.483,  3.14e+08),
           ( 3.486,  2.47e+09),
           ( 3.493,  4.55e+08),
           ( 3.497,  7.12e+08),
           ( 3.500, -2.22e+08),
           ( 3.503,  5.75e+08),
           ( 3.507,  1.78e+09),
           ( 3.510, -8.73e+08),
           ( 3.513,  1.25e+09),
           ( 3.517,  2.25e+09),
           ( 3.520,  1.29e+09),
           ( 3.524,  1.73e+09),
           ( 3.527, -8.47e+08),
           ( 3.530,  2.97e+09),
           ( 3.534, -2.98e+08),
           ( 3.537, -1.70e+08),
           ( 3.540,  1.39e+09),
           ( 3.544,  1.06e+09),
           ( 3.547, -1.44e+09),
           ( 3.551,  6.89e+08),
           ( 3.554,  1.37e+09),
           ( 3.557,  3.11e+09),
           ( 3.561,  1.29e+09),
           ( 3.564,  2.04e+09),
           ( 3.567,  3.41e+09),
           ( 3.571,  4.15e+08),
           ( 3.574, -5.60e+08),
           ( 3.581,  1.75e+09),
           ( 3.584, -7.10e+06),
           ( 3.588,  8.14e+08),
           ( 3.591,  9.68e+07),
           ( 3.594,  3.13e+08),
           ( 3.598,  1.17e+09),
           ( 3.601,  1.35e+09),
           ( 3.605,  2.35e+09),
           ( 3.608, -6.47e+08),
           ( 3.611,  1.20e+09),
           ( 3.615, -1.48e+06),
           ( 3.618,  1.48e+09),
           ( 3.621,  1.42e+09),
           ( 3.625,  1.54e+07),
           ( 3.628,  2.07e+09),
           ( 3.631,  1.98e+09),
           ( 3.635, -7.48e+08),
           ( 3.638,  2.62e+09),
           ( 3.642, -5.98e+08),
           ( 3.648,  1.28e+09),
           ( 3.652,  7.86e+08),
           ( 3.655,  1.33e+09),
           ( 3.659,  1.02e+09),
           ( 3.662,  1.72e+09),
           ( 3.665,  1.08e+09),
           ( 3.669, -3.34e+08),
           ( 3.672,  1.15e+09),
           ( 3.675,  3.18e+08),
           ( 3.679,  1.14e+09),
           ( 3.682,  5.53e+08),
           ( 3.686,  1.81e+09),
           ( 3.689,  9.00e+08),
           ( 3.692, -1.94e+09),
           ( 3.696,  8.34e+08),
           ( 3.699,  2.03e+09),
           ( 3.702, -1.60e+08),
           ( 3.706, -4.16e+07),
           ( 3.709,  2.77e+09),
           ( 3.713,  2.93e+08),
           ( 3.716,  1.65e+09),
           ( 3.719, -5.82e+08),
           ( 3.723,  4.53e+06),
           ( 3.726, -4.01e+08),
           ( 3.729,  2.27e+09),
           ( 3.733,  1.99e+09),
           ( 3.736, -2.23e+09),
           ( 3.743,  1.76e+09),
           ( 3.746, -1.06e+09),
           ( 3.753,  1.82e+09),
           ( 3.760, -2.32e+08),
           ( 3.763,  1.23e+09),
           ( 3.767,  1.68e+09),
           ( 3.770,  5.37e+08),
           ( 3.773,  2.02e+08),
           ( 3.777,  1.73e+09),
           ( 3.780,  1.49e+09),
           ( 3.783, -1.32e+09),
           ( 3.787,  1.28e+09),
           ( 3.790,  1.33e+09),
           ( 3.794,  1.43e+09),
           ( 3.797, -5.93e+08),
           ( 3.800, -8.88e+07),
           ( 3.804,  1.06e+08),
           ( 3.807, -3.02e+07),
           ( 3.810,  1.09e+09),
           ( 3.814,  2.70e+08),
           ( 3.817,  3.93e+07),
           ( 3.821, -8.49e+08),
           ( 3.824, -7.09e+08),
           ( 3.827,  8.36e+08),
           ( 3.831,  1.44e+09),
           ( 3.834,  1.70e+09),
           ( 3.837, -3.75e+08),
           ( 3.841,  6.24e+08),
           ( 3.844, -1.03e+08),
           ( 3.851,  1.04e+09),
           ( 3.854,  4.07e+07),
           ( 3.858, -1.52e+09),
           ( 3.861, -6.86e+08),
           ( 3.864, -1.29e+09),
           ( 3.868, -6.76e+08),
           ( 3.871, -1.12e+09),
           ( 3.875,  2.65e+08),
           ( 3.878,  1.02e+09),
           ( 3.881,  2.20e+09),
           ( 3.885,  1.17e+08),
           ( 3.888,  1.71e+09),
           ( 3.902, -4.50e+08),
           ( 3.905,  1.91e+08),
           ( 3.908,  3.33e+09),
           ( 3.912,  4.91e+08),
           ( 3.915,  2.07e+08),
           ( 3.918,  4.74e+08),
           ( 3.922,  2.53e+09),
           ( 3.925,  2.16e+09),
           ( 3.928,  6.51e+08),
           ( 3.932,  5.41e+08),
           ( 3.935, -1.38e+09),
           ( 3.939,  9.85e+08),
           ( 3.942,  4.02e+08),
           ( 3.945, -6.48e+08),
           ( 3.949, -4.31e+08),
           ( 3.952,  4.77e+08),
           ( 3.956,  6.89e+08),
           ( 3.959,  6.53e+08),
           ( 3.966, -7.08e+08),
           ( 3.969,  7.25e+06),
           ( 3.972,  3.90e+08),
           ( 3.976, -6.75e+08),
           ( 3.979,  7.02e+08),
           ( 3.983, -8.57e+08),
           ( 3.986, -1.62e+09),
           ( 3.989,  1.18e+09),
           ( 3.993,  1.76e+09),
           ( 3.999, -3.83e+08),
           ( 3.999, -3.83e+08)]
