Bolide Detection Notification: 2023-136

At 23:28:50 UT on 16 May 2023, sensors aboard U. S. Government satellites recorded
the flash signature of a large meteoroid entry into the atmosphere. Location of the
flash was Lat 2.8S, Lon 53.0W.

Based upon the visible-light intensity-time signature, peak brightness of the flash
was determined to be approximately 5.52e+09 watts/steradian, and total radiated flash
energy 3.06e+10 joules (6000K blackbody model).

Columns: time, intensity (w/sr)
Intensity=[(-2.997, -1.16e+09),
           (-2.994,  4.84e+08),
           (-2.990,  1.08e+09),
           (-2.987, -4.16e+08),
           (-2.984,  6.36e+08),
           (-2.980, -1.00e+09),
           (-2.977,  3.91e+08),
           (-2.973,  9.62e+08),
           (-2.970,  1.37e+09),
           (-2.967,  1.26e+09),
           (-2.963,  7.05e+08),
           (-2.960,  9.15e+08),
           (-2.953,  2.03e+09),
           (-2.950,  1.79e+08),
           (-2.943,  5.74e+08),
           (-2.936, -3.27e+07),
           (-2.933,  5.02e+08),
           (-2.929,  1.18e+09),
           (-2.926,  8.65e+08),
           (-2.923, -4.73e+08),
           (-2.919, -6.31e+08),
           (-2.916,  4.56e+08),
           (-2.913,  1.74e+08),
           (-2.909,  1.28e+08),
           (-2.906,  2.53e+08),
           (-2.903,  1.01e+09),
           (-2.899, -3.55e+08),
           (-2.896, -5.44e+08),
           (-2.892, -3.20e+08),
           (-2.889,  1.83e+08),
           (-2.886, -5.27e+06),
           (-2.882, -7.19e+08),
           (-2.879, -1.90e+08),
           (-2.876,  1.34e+09),
           (-2.872, -3.62e+08),
           (-2.869,  4.53e+08),
           (-2.865,  6.04e+08),
           (-2.862, -2.37e+08),
           (-2.859,  6.69e+07),
           (-2.855, -3.73e+08),
           (-2.852,  2.90e+08),
           (-2.849,  2.76e+08),
           (-2.845, -4.54e+08),
           (-2.842, -2.84e+08),
           (-2.838,  4.96e+08),
           (-2.835, -5.22e+08),
           (-2.832, -8.79e+08),
           (-2.828,  1.81e+08),
           (-2.825, -3.19e+08),
           (-2.822,  2.12e+08),
           (-2.818,  4.73e+08),
           (-2.815, -1.06e+09),
           (-2.811, -4.05e+08),
           (-2.808, -1.14e+09),
           (-2.805, -7.13e+08),
           (-2.801, -6.24e+08),
           (-2.798, -1.47e+09),
           (-2.795, -1.36e+09),
           (-2.791, -1.67e+09),
           (-2.788, -1.00e+09),
           (-2.781,  9.97e+08),
           (-2.778, -1.74e+09),
           (-2.774, -3.92e+08),
           (-2.771, -6.06e+08),
           (-2.768,  1.32e+08),
           (-2.764, -1.08e+09),
           (-2.761,  7.26e+08),
           (-2.757,  4.23e+08),
           (-2.754,  5.00e+08),
           (-2.751, -1.56e+09),
           (-2.747, -5.28e+07),
           (-2.744,  6.14e+08),
           (-2.740, -9.90e+08),
           (-2.737,  8.73e+08),
           (-2.730,  2.95e+08),
           (-2.727,  1.10e+09),
           (-2.724, -2.58e+08),
           (-2.720,  5.43e+06),
           (-2.717,  6.96e+08),
           (-2.714, -1.07e+08),
           (-2.707,  7.26e+08),
           (-2.703,  1.12e+08),
           (-2.700,  3.11e+08),
           (-2.697,  3.06e+08),
           (-2.693, -1.17e+08),
           (-2.687,  6.25e+07),
           (-2.683,  3.78e+08),
           (-2.680, -6.87e+08),
           (-2.676,  7.10e+08),
           (-2.673, -1.41e+09),
           (-2.670, -6.76e+08),
           (-2.666,  6.34e+08),
           (-2.663,  4.68e+08),
           (-2.660, -3.91e+08),
           (-2.656,  3.20e+08),
           (-2.653,  3.82e+08),
           (-2.649,  6.96e+07),
           (-2.646,  2.80e+08),
           (-2.643,  9.05e+08),
           (-2.639, -6.06e+08),
           (-2.636,  7.92e+08),
           (-2.633, -5.98e+08),
           (-2.629, -1.70e+08),
           (-2.626,  6.56e+08),
           (-2.622,  9.63e+08),
           (-2.619,  1.63e+07),
           (-2.616, -4.41e+08),
           (-2.612,  4.00e+08),
           (-2.609,  8.40e+08),
           (-2.606, -3.15e+08),
           (-2.602, -4.30e+08),
           (-2.599,  3.66e+08),
           (-2.595,  6.12e+08),
           (-2.592, -5.40e+08),
           (-2.589, -6.11e+08),
           (-2.585, -1.80e+08),
           (-2.582, -1.57e+08),
           (-2.575,  3.85e+08),
           (-2.572, -3.72e+08),
           (-2.568, -4.23e+08),
           (-2.565, -3.67e+08),
           (-2.562, -2.34e+08),
           (-2.558,  4.31e+08),
           (-2.555, -4.87e+08),
           (-2.551,  9.53e+08),
           (-2.548, -1.24e+09),
           (-2.538,  1.10e+09),
           (-2.535,  5.37e+08),
           (-2.531, -9.59e+08),
           (-2.528, -8.10e+08),
           (-2.525,  2.34e+08),
           (-2.521, -1.41e+09),
           (-2.518,  1.25e+09),
           (-2.514,  7.10e+08),
           (-2.511, -2.39e+08),
           (-2.508,  3.14e+08),
           (-2.504,  2.21e+08),
           (-2.501, -3.77e+08),
           (-2.498, -7.76e+08),
           (-2.494, -6.43e+08),
           (-2.491, -1.09e+09),
           (-2.487, -1.42e+08),
           (-2.484, -1.39e+08),
           (-2.481, -1.99e+09),
           (-2.477,  7.14e+08),
           (-2.474, -1.77e+09),
           (-2.471, -1.71e+09),
           (-2.467,  2.30e+07),
           (-2.464, -2.18e+08),
           (-2.460, -7.48e+08),
           (-2.457, -2.26e+08),
           (-2.454, -3.66e+08),
           (-2.450, -1.30e+09),
           (-2.447, -6.61e+08),
           (-2.444, -1.08e+09),
           (-2.440, -1.67e+09),
           (-2.437, -3.54e+08),
           (-2.433, -1.43e+09),
           (-2.430, -1.10e+09),
           (-2.427, -2.54e+08),
           (-2.423, -1.52e+09),
           (-2.420, -7.31e+08),
           (-2.417,  5.28e+08),
           (-2.413, -2.01e+09),
           (-2.410, -7.73e+08),
           (-2.406, -4.64e+08),
           (-2.403, -1.24e+09),
           (-2.400, -2.10e+08),
           (-2.396, -6.01e+08),
           (-2.393, -4.80e+08),
           (-2.389, -1.97e+09),
           (-2.386,  4.28e+07),
           (-2.383, -6.19e+08),
           (-2.379, -9.76e+08),
           (-2.376, -2.17e+09),
           (-2.373, -3.56e+08),
           (-2.369, -1.38e+09),
           (-2.366, -1.59e+09),
           (-2.359, -4.35e+07),
           (-2.356, -8.56e+08),
           (-2.352, -1.38e+09),
           (-2.349, -7.88e+08),
           (-2.346, -1.24e+09),
           (-2.342, -9.40e+07),
           (-2.339, -9.86e+08),
           (-2.336, -6.83e+08),
           (-2.332, -1.22e+09),
           (-2.329, -7.64e+08),
           (-2.325,  1.41e+08),
           (-2.322, -9.15e+08),
           (-2.319, -1.10e+09),
           (-2.315, -3.89e+08),
           (-2.312, -8.05e+08),
           (-2.309,  2.17e+08),
           (-2.305, -2.29e+08),
           (-2.302, -1.16e+09),
           (-2.298,  1.02e+08),
           (-2.295,  5.00e+08),
           (-2.292, -5.20e+08),
           (-2.288, -2.56e+08),
           (-2.285, -1.46e+09),
           (-2.282, -6.57e+08),
           (-2.278, -8.60e+08),
           (-2.275, -2.88e+08),
           (-2.271,  8.69e+07),
           (-2.268,  7.66e+08),
           (-2.265, -5.34e+08),
           (-2.261, -4.53e+08),
           (-2.258,  9.32e+08),
           (-2.255,  1.36e+08),
           (-2.251, -3.66e+08),
           (-2.248, -9.26e+07),
           (-2.244, -5.42e+08),
           (-2.241, -7.48e+08),
           (-2.238, -1.40e+09),
           (-2.234,  8.37e+08),
           (-2.231, -2.79e+08),
           (-2.228, -8.61e+08),
           (-2.224, -1.87e+09),
           (-2.221, -8.82e+08),
           (-2.217, -3.58e+08),
           (-2.214, -1.22e+09),
           (-2.211,  1.14e+08),
           (-2.207, -5.93e+08),
           (-2.204, -1.05e+09),
           (-2.201, -4.07e+08),
           (-2.197, -2.85e+08),
           (-2.194, -1.30e+09),
           (-2.190, -1.92e+09),
           (-2.187, -3.13e+08),
           (-2.184,  2.12e+08),
           (-2.180, -2.87e+08),
           (-2.177, -1.17e+09),
           (-2.174, -1.30e+09),
           (-2.167, -5.68e+08),
           (-2.163, -7.53e+08),
           (-2.160, -1.99e+09),
           (-2.153, -3.05e+07),
           (-2.150, -1.46e+09),
           (-2.147, -6.21e+08),
           (-2.143, -6.43e+08),
           (-2.140, -2.34e+09),
           (-2.136, -2.18e+07),
           (-2.133, -1.37e+09),
           (-2.130, -1.41e+09),
           (-2.126, -1.33e+09),
           (-2.123,  1.75e+08),
           (-2.116, -1.55e+09),
           (-2.113,  2.28e+08),
           (-2.109, -7.77e+08),
           (-2.106, -2.13e+09),
           (-2.099, -3.38e+08),
           (-2.096, -1.77e+08),
           (-2.093, -4.53e+08),
           (-2.089, -1.05e+09),
           (-2.086, -1.83e+09),
           (-2.082,  2.09e+08),
           (-2.079, -1.06e+09),
           (-2.076, -7.57e+08),
           (-2.072, -1.90e+09),
           (-2.069, -1.58e+09),
           (-2.066, -2.20e+08),
           (-2.062, -1.95e+09),
           (-2.059, -9.66e+08),
           (-2.052, -1.46e+09),
           (-2.049, -6.64e+08),
           (-2.045, -1.16e+09),
           (-2.042, -8.69e+08),
           (-2.039, -1.32e+09),
           (-2.035, -6.18e+08),
           (-2.032, -5.05e+08),
           (-2.028, -7.03e+08),
           (-2.025, -3.71e+08),
           (-2.022, -6.18e+08),
           (-2.018, -7.06e+08),
           (-2.015, -1.13e+09),
           (-2.011, -1.18e+09),
           (-2.008, -2.08e+09),
           (-2.005, -7.70e+08),
           (-2.001, -8.04e+08),
           (-1.998, -1.32e+09),
           (-1.995,  3.55e+08),
           (-1.991, -5.05e+08),
           (-1.988, -2.12e+09),
           (-1.985, -5.14e+07),
           (-1.981, -8.93e+08),
           (-1.978, -8.18e+08),
           (-1.974, -2.48e+09),
           (-1.971, -2.05e+09),
           (-1.968,  7.18e+07),
           (-1.964,  1.08e+08),
           (-1.961, -1.84e+09),
           (-1.954, -1.78e+08),
           (-1.951, -9.67e+08),
           (-1.947, -7.31e+08),
           (-1.944, -1.12e+09),
           (-1.941, -1.98e+09),
           (-1.937, -1.27e+09),
           (-1.931, -9.22e+08),
           (-1.924, -6.42e+08),
           (-1.920, -1.44e+09),
           (-1.917, -1.50e+09),
           (-1.914,  3.85e+08),
           (-1.910, -7.62e+08),
           (-1.907, -1.38e+09),
           (-1.904, -9.81e+08),
           (-1.900, -1.31e+08),
           (-1.897, -2.65e+08),
           (-1.893,  1.03e+07),
           (-1.890,  2.16e+08),
           (-1.887,  2.21e+08),
           (-1.883, -7.01e+07),
           (-1.880,  3.11e+07),
           (-1.877,  5.51e+08),
           (-1.873,  7.71e+08),
           (-1.870, -2.78e+08),
           (-1.863,  1.42e+08),
           (-1.860, -1.62e+07),
           (-1.856,  1.46e+09),
           (-1.853,  2.24e+09),
           (-1.850,  3.27e+08),
           (-1.846,  1.30e+08),
           (-1.843,  8.83e+08),
           (-1.839,  1.15e+09),
           (-1.836,  2.32e+09),
           (-1.833,  1.46e+09),
           (-1.829,  1.01e+09),
           (-1.826,  1.67e+08),
           (-1.819,  1.20e+09),
           (-1.816,  3.08e+08),
           (-1.812,  1.95e+09),
           (-1.809,  1.45e+09),
           (-1.806,  1.63e+09),
           (-1.802,  1.38e+09),
           (-1.799,  8.38e+08),
           (-1.796,  1.28e+09),
           (-1.792,  2.69e+09),
           (-1.789,  1.45e+08),
           (-1.782,  1.23e+09),
           (-1.779,  2.05e+09),
           (-1.775,  2.13e+09),
           (-1.772,  2.31e+09),
           (-1.769,  9.71e+08),
           (-1.765,  3.89e+08),
           (-1.762,  1.50e+09),
           (-1.758,  2.19e+09),
           (-1.755,  6.41e+08),
           (-1.752,  1.55e+09),
           (-1.748,  1.98e+09),
           (-1.745,  2.24e+09),
           (-1.742,  2.02e+09),
           (-1.738,  1.34e+09),
           (-1.735,  2.39e+09),
           (-1.731,  2.46e+09),
           (-1.728,  2.87e+09),
           (-1.725,  4.00e+09),
           (-1.721,  2.72e+09),
           (-1.718,  2.49e+09),
           (-1.715,  1.55e+09),
           (-1.711,  2.24e+09),
           (-1.708,  2.45e+09),
           (-1.704,  3.58e+09),
           (-1.701,  1.95e+09),
           (-1.698,  3.31e+09),
           (-1.694,  2.50e+09),
           (-1.691,  2.13e+09),
           (-1.688,  1.98e+09),
           (-1.684,  2.60e+09),
           (-1.681,  2.04e+09),
           (-1.677,  2.15e+09),
           (-1.674,  2.34e+09),
           (-1.671,  3.46e+09),
           (-1.667,  1.68e+09),
           (-1.664,  1.78e+09),
           (-1.661,  1.10e+09),
           (-1.657,  1.53e+09),
           (-1.654,  1.59e+09),
           (-1.650, -1.20e+09),
           (-1.647,  2.56e+08),
           (-1.644,  2.95e+08),
           (-1.640,  1.82e+09),
           (-1.637,  5.27e+08),
           (-1.634,  7.76e+08),
           (-1.630,  1.97e+09),
           (-1.627,  1.66e+09),
           (-1.623, -8.44e+07),
           (-1.620,  1.44e+09),
           (-1.617,  1.73e+09),
           (-1.613,  1.28e+09),
           (-1.610,  1.95e+09),
           (-1.607,  1.33e+09),
           (-1.603,  2.06e+09),
           (-1.600,  2.66e+08),
           (-1.596,  9.85e+08),
           (-1.593,  3.25e+08),
           (-1.586,  1.42e+09),
           (-1.583,  6.46e+08),
           (-1.580,  6.88e+08),
           (-1.576,  1.04e+09),
           (-1.573,  1.07e+09),
           (-1.569,  1.01e+09),
           (-1.566,  1.41e+09),
           (-1.563,  8.11e+08),
           (-1.559,  9.55e+08),
           (-1.556,  9.12e+08),
           (-1.553,  1.02e+09),
           (-1.549,  9.89e+08),
           (-1.546,  1.13e+09),
           (-1.542,  1.58e+09),
           (-1.539,  2.51e+09),
           (-1.536,  1.67e+09),
           (-1.532,  4.59e+07),
           (-1.529,  5.45e+08),
           (-1.526,  7.85e+08),
           (-1.522,  1.31e+09),
           (-1.519,  5.77e+08),
           (-1.515,  1.38e+09),
           (-1.512,  1.04e+09),
           (-1.509,  2.06e+09),
           (-1.505,  1.56e+08),
           (-1.502,  3.97e+08),
           (-1.499,  1.09e+09),
           (-1.495,  1.17e+09),
           (-1.492,  7.28e+08),
           (-1.488,  1.97e+09),
           (-1.485,  2.27e+09),
           (-1.482,  1.69e+09),
           (-1.478,  1.32e+09),
           (-1.475,  1.25e+09),
           (-1.472,  1.80e+09),
           (-1.468,  1.74e+09),
           (-1.465,  3.75e+08),
           (-1.461,  1.02e+09),
           (-1.458,  3.03e+08),
           (-1.455,  1.95e+09),
           (-1.451,  7.32e+08),
           (-1.448,  2.29e+08),
           (-1.445,  7.08e+08),
           (-1.441,  9.39e+08),
           (-1.438,  1.04e+09),
           (-1.434,  1.11e+09),
           (-1.431,  1.12e+09),
           (-1.428,  1.29e+09),
           (-1.424,  1.68e+09),
           (-1.421,  2.45e+09),
           (-1.418,  2.54e+09),
           (-1.414,  2.14e+09),
           (-1.411,  3.38e+09),
           (-1.407,  2.72e+09),
           (-1.404,  4.55e+08),
           (-1.401,  1.38e+08),
           (-1.397,  1.71e+09),
           (-1.394,  1.21e+09),
           (-1.391,  1.43e+09),
           (-1.387,  1.11e+09),
           (-1.384, -2.67e+08),
           (-1.380,  1.18e+09),
           (-1.377,  1.23e+09),
           (-1.374,  1.69e+09),
           (-1.367,  9.27e+08),
           (-1.364,  8.38e+08),
           (-1.360,  9.41e+08),
           (-1.357,  2.25e+09),
           (-1.353,  1.53e+09),
           (-1.350,  1.51e+09),
           (-1.347,  3.16e+09),
           (-1.343,  1.33e+09),
           (-1.340,  1.92e+09),
           (-1.337,  8.90e+08),
           (-1.333,  1.37e+08),
           (-1.330,  1.52e+09),
           (-1.326,  6.40e+08),
           (-1.323, -6.83e+08),
           (-1.320,  1.80e+09),
           (-1.316,  2.71e+09),
           (-1.313,  9.59e+08),
           (-1.310,  2.92e+08),
           (-1.306,  2.99e+08),
           (-1.299,  2.16e+09),
           (-1.296,  1.24e+09),
           (-1.293, -1.42e+08),
           (-1.289,  8.23e+08),
           (-1.283,  1.61e+09),
           (-1.279,  1.20e+09),
           (-1.276,  1.10e+09),
           (-1.272,  9.17e+08),
           (-1.269,  6.08e+08),
           (-1.266,  1.10e+09),
           (-1.262,  2.80e+09),
           (-1.259,  2.71e+09),
           (-1.256,  3.56e+09),
           (-1.252,  4.09e+09),
           (-1.249,  3.20e+09),
           (-1.245,  2.63e+09),
           (-1.242,  4.02e+09),
           (-1.239,  1.87e+09),
           (-1.235,  4.41e+09),
           (-1.232,  5.52e+09),
           (-1.229,  3.51e+09),
           (-1.225,  4.05e+09),
           (-1.222,  3.03e+09),
           (-1.218,  3.23e+09),
           (-1.215,  2.68e+09),
           (-1.212,  3.10e+09),
           (-1.208,  2.75e+09),
           (-1.205,  2.02e+09),
           (-1.202,  1.61e+09),
           (-1.198,  1.71e+09),
           (-1.195,  2.80e+09),
           (-1.191,  2.65e+09),
           (-1.185,  4.47e+09),
           (-1.181,  4.05e+09),
           (-1.175,  2.29e+09),
           (-1.168,  4.12e+09),
           (-1.164,  3.86e+09),
           (-1.161,  4.20e+09),
           (-1.158,  4.10e+09),
           (-1.154,  4.48e+09),
           (-1.151,  4.28e+09),
           (-1.148,  3.59e+09),
           (-1.144,  2.70e+09),
           (-1.141,  3.45e+09),
           (-1.137,  3.37e+09),
           (-1.134,  3.56e+09),
           (-1.131,  3.30e+09),
           (-1.127,  2.52e+09),
           (-1.124,  2.56e+09),
           (-1.121,  3.05e+09),
           (-1.117,  4.31e+09),
           (-1.114,  2.28e+09),
           (-1.110,  2.68e+09),
           (-1.107,  2.40e+09),
           (-1.104,  2.47e+09),
           (-1.100,  2.28e+09),
           (-1.097,  2.57e+09),
           (-1.094,  2.44e+09),
           (-1.090,  3.05e+09),
           (-1.087,  1.34e+09),
           (-1.083,  3.24e+09),
           (-1.080,  3.07e+09),
           (-1.077,  2.36e+09),
           (-1.073,  2.57e+09),
           (-1.070,  1.80e+09),
           (-1.067,  1.80e+09),
           (-1.060,  2.59e+09),
           (-1.056,  1.61e+09),
           (-1.053,  2.03e+09),
           (-1.050,  1.96e+09),
           (-1.046,  3.17e+09),
           (-1.043,  3.45e+09),
           (-1.036,  1.29e+09),
           (-1.033,  1.74e+09),
           (-1.029,  3.38e+09),
           (-1.026,  1.82e+09),
           (-1.023,  2.77e+09),
           (-1.019,  1.89e+09),
           (-1.016,  1.40e+09),
           (-1.013,  2.71e+09),
           (-1.009,  1.72e+09),
           (-1.006,  1.75e+09),
           (-1.002,  2.17e+09),
           (-0.996,  2.69e+09),
           (-0.992,  1.77e+09),
           (-0.989,  2.44e+09),
           (-0.986,  2.74e+09),
           (-0.982,  2.66e+09),
           (-0.979,  1.55e+09),
           (-0.975,  1.92e+09),
           (-0.972,  2.43e+09),
           (-0.969,  2.28e+09),
           (-0.965,  1.11e+09),
           (-0.962,  1.70e+09),
           (-0.959,  2.77e+09),
           (-0.955,  3.30e+09),
           (-0.952,  1.90e+09),
           (-0.948,  1.90e+09),
           (-0.945,  1.87e+09),
           (-0.942,  2.20e+09),
           (-0.938,  2.37e+09),
           (-0.935,  1.10e+09),
           (-0.932,  1.00e+09),
           (-0.928,  9.62e+08),
           (-0.925,  2.40e+09),
           (-0.921,  2.11e+09),
           (-0.918,  1.16e+09),
           (-0.915,  3.04e+09),
           (-0.911,  2.07e+09),
           (-0.908,  1.83e+09),
           (-0.905,  2.21e+09),
           (-0.901,  1.51e+09),
           (-0.898,  1.59e+09),
           (-0.894,  1.14e+09),
           (-0.891,  1.59e+09),
           (-0.888,  1.12e+09),
           (-0.884,  1.62e+09),
           (-0.881,  6.63e+08),
           (-0.878,  2.44e+09),
           (-0.874,  1.35e+09),
           (-0.871,  9.83e+08),
           (-0.867,  1.75e+09),
           (-0.864,  1.65e+09),
           (-0.861,  1.66e+09),
           (-0.854,  1.94e+09),
           (-0.851,  6.91e+08),
           (-0.847,  2.85e+09),
           (-0.844,  1.40e+09),
           (-0.840,  8.26e+08),
           (-0.837,  1.74e+09),
           (-0.834,  1.87e+09),
           (-0.830,  1.75e+09),
           (-0.827,  2.38e+09),
           (-0.824,  2.21e+09),
           (-0.820,  8.52e+08),
           (-0.817,  9.18e+08),
           (-0.813,  1.49e+09),
           (-0.810,  9.65e+08),
           (-0.807,  1.94e+09),
           (-0.803,  1.50e+09),
           (-0.800,  5.57e+08),
           (-0.793,  1.08e+09),
           (-0.790,  1.24e+09),
           (-0.786,  1.59e+09),
           (-0.783,  1.76e+09),
           (-0.780,  2.64e+08),
           (-0.776,  1.44e+09),
           (-0.773,  1.06e+09),
           (-0.770,  1.60e+09),
           (-0.766,  4.90e+08),
           (-0.763,  1.19e+09),
           (-0.759,  1.49e+09),
           (-0.756,  1.26e+09),
           (-0.753, -3.02e+07),
           (-0.749,  1.27e+09),
           (-0.746,  1.44e+09),
           (-0.743,  1.30e+09),
           (-0.739,  2.19e+09),
           (-0.736,  2.31e+09),
           (-0.732,  1.94e+09),
           (-0.729,  9.21e+07),
           (-0.726,  1.83e+09),
           (-0.722,  1.26e+09),
           (-0.719,  1.17e+09),
           (-0.716,  8.35e+08),
           (-0.712,  6.93e+08),
           (-0.709,  1.70e+09),
           (-0.705,  1.67e+09),
           (-0.702,  1.11e+09),
           (-0.699,  3.72e+08),
           (-0.695,  1.65e+09),
           (-0.692,  1.71e+09),
           (-0.689, -5.32e+08),
           (-0.682,  2.23e+09),
           (-0.678,  1.11e+09),
           (-0.675,  9.43e+08),
           (-0.672,  1.79e+09),
           (-0.668,  4.88e+08),
           (-0.665,  1.59e+09),
           (-0.662,  1.75e+09),
           (-0.658,  1.11e+09),
           (-0.655,  6.68e+08),
           (-0.651, -2.72e+08),
           (-0.648,  2.06e+09),
           (-0.645, -1.96e+08),
           (-0.641,  4.90e+08),
           (-0.638,  1.91e+09),
           (-0.635,  2.09e+09),
           (-0.631,  7.72e+08),
           (-0.628,  1.35e+09),
           (-0.624,  1.25e+09),
           (-0.621,  1.77e+09),
           (-0.618,  1.41e+09),
           (-0.614,  1.31e+09),
           (-0.611,  1.15e+09),
           (-0.608,  1.34e+09),
           (-0.604,  1.63e+09),
           (-0.601,  2.16e+09),
           (-0.597,  1.25e+09),
           (-0.594,  6.32e+08),
           (-0.591,  7.48e+08),
           (-0.587,  1.77e+09),
           (-0.584,  6.37e+08),
           (-0.581,  1.50e+09),
           (-0.577,  1.30e+09),
           (-0.574,  3.34e+08),
           (-0.570,  1.27e+09),
           (-0.567,  5.57e+08),
           (-0.564,  2.52e+08),
           (-0.560,  1.42e+09),
           (-0.554,  2.14e+09),
           (-0.550,  4.53e+08),
           (-0.547,  1.34e+09),
           (-0.543, -3.95e+07),
           (-0.540,  7.87e+08),
           (-0.537,  1.28e+09),
           (-0.533,  1.44e+09),
           (-0.530,  2.90e+08),
           (-0.527,  1.52e+09),
           (-0.523,  1.37e+08),
           (-0.520,  1.05e+09),
           (-0.516, -1.89e+08),
           (-0.510,  1.59e+09),
           (-0.506,  1.33e+09),
           (-0.503,  1.61e+09),
           (-0.500,  1.47e+09),
           (-0.496,  1.08e+09),
           (-0.493, -3.11e+08),
           (-0.489,  8.14e+08),
           (-0.486,  9.68e+08),
           (-0.483,  1.60e+09),
           (-0.479,  1.89e+09),
           (-0.476,  2.08e+09),
           (-0.473,  1.32e+09),
           (-0.469,  7.55e+08),
           (-0.466,  1.15e+09),
           (-0.462,  9.67e+08),
           (-0.459,  1.65e+09),
           (-0.456,  3.62e+08),
           (-0.452,  4.15e+08),
           (-0.449,  2.98e+08),
           (-0.446,  8.32e+08),
           (-0.442,  9.05e+08),
           (-0.439,  1.41e+08),
           (-0.435,  6.63e+08),
           (-0.432,  3.29e+08),
           (-0.429,  5.10e+08),
           (-0.425,  2.78e+08),
           (-0.422,  3.37e+08),
           (-0.419,  4.57e+08),
           (-0.415,  3.29e+08),
           (-0.412, -2.49e+08),
           (-0.408, -4.50e+08),
           (-0.405,  8.15e+08),
           (-0.402,  8.81e+08),
           (-0.398,  3.06e+08),
           (-0.395,  5.68e+08),
           (-0.392,  1.42e+09),
           (-0.388,  8.69e+08),
           (-0.385, -1.85e+08),
           (-0.381,  1.18e+09),
           (-0.378,  1.47e+09),
           (-0.375,  9.20e+08),
           (-0.371,  1.67e+09),
           (-0.365, -2.50e+08),
           (-0.358,  1.31e+09),
           (-0.351,  1.62e+09),
           (-0.348,  3.97e+08),
           (-0.344,  1.10e+09),
           (-0.341, -2.78e+08),
           (-0.338,  1.70e+09),
           (-0.334,  1.58e+08),
           (-0.331,  3.63e+08),
           (-0.327, -3.47e+08),
           (-0.324,  7.78e+08),
           (-0.321,  1.76e+08),
           (-0.317, -2.14e+08),
           (-0.314,  1.70e+09),
           (-0.307, -6.43e+08),
           (-0.304,  5.37e+08),
           (-0.300,  1.24e+09),
           (-0.297, -4.38e+08),
           (-0.294,  7.14e+07),
           (-0.290, -1.22e+08),
           (-0.287,  1.84e+08),
           (-0.284, -4.31e+08),
           (-0.280,  3.61e+08),
           (-0.277,  1.61e+09),
           (-0.273, -5.45e+08),
           (-0.270,  4.15e+08),
           (-0.267,  6.27e+08),
           (-0.263,  4.68e+08),
           (-0.260, -4.29e+08),
           (-0.257,  1.80e+07),
           (-0.253,  2.11e+08),
           (-0.246, -2.68e+08),
           (-0.243, -2.54e+07),
           (-0.236,  7.52e+08),
           (-0.233,  1.58e+08),
           (-0.230,  9.82e+08),
           (-0.226,  3.35e+08),
           (-0.223,  5.04e+05),
           (-0.219, -7.72e+08),
           (-0.213, -1.04e+08),
           (-0.209,  6.47e+08),
           (-0.206,  3.46e+08),
           (-0.203, -1.50e+08),
           (-0.199,  3.88e+08),
           (-0.192, -6.65e+08),
           (-0.189, -6.14e+08),
           (-0.186,  1.84e+08),
           (-0.182,  4.51e+08),
           (-0.179, -1.59e+09),
           (-0.175, -7.63e+08),
           (-0.172, -4.55e+08),
           (-0.169,  2.41e+08),
           (-0.165, -5.46e+06),
           (-0.162,  7.11e+08),
           (-0.159, -4.78e+08),
           (-0.155,  1.90e+08),
           (-0.152,  4.41e+08),
           (-0.149, -9.56e+08),
           (-0.145, -1.68e+09),
           (-0.142, -7.35e+08),
           (-0.135,  2.96e+08),
           (-0.132, -1.12e+08),
           (-0.128, -3.31e+08),
           (-0.125, -1.20e+09),
           (-0.122, -6.40e+08),
           (-0.118,  3.12e+08),
           (-0.115,  2.09e+08),
           (-0.111, -1.23e+08),
           (-0.108, -4.49e+06),
           (-0.105,  3.59e+08),
           (-0.098,  1.16e+08),
           (-0.095,  1.43e+09),
           (-0.091, -1.72e+08),
           (-0.088,  7.27e+05),
           (-0.084,  5.40e+08),
           (-0.078, -1.15e+08),
           (-0.074,  8.67e+07),
           (-0.071, -1.65e+08),
           (-0.068,  5.70e+08),
           (-0.064, -6.17e+08),
           (-0.061, -4.37e+08),
           (-0.057,  2.61e+08),
           (-0.054,  4.81e+08),
           (-0.051, -2.74e+08),
           (-0.047, -1.24e+08),
           (-0.044, -3.11e+07),
           (-0.041,  7.88e+08),
           (-0.037,  1.68e+08),
           (-0.034, -1.57e+08),
           (-0.027,  3.54e+08),
           (-0.020, -7.22e+07),
           (-0.017, -9.46e+08),
           (-0.014, -8.10e+08),
           (-0.010, -2.68e+08),
           (-0.007, -2.53e+08),
           (-0.003, -1.13e+08),
           (-0.003, -1.13e+08)]
