# USG input file for WMPL MetSim
# The code reads this as a Python module, so make sure there are no syntax errors

### ###

# Event name: ATLAS fireball

# Reference point:
# ----------------

# UT time ("YYYY-MM-DD HH:MM:SS.sss")
time = "2010-07-06 23:54:43"

# Latitude (+N, deg)
lat = -34.1

# Longitude (+E, deg)
lon = -174.5

# Height (km)
ht = 26.0


# Radiant (ground-fixed):
# ----------------

# Azimuth (+E of due N, deg)
azimuth = 50.99

# Entry angle (from horizon, deg)
entry_angle = 43.87

# Velocity (km/s)
v = 15.70


# USG/CNEOS light curve:
# ----------------

# Bolometric power of a zero magnitude meteor (W):
P_0m_bolo = 3030

# - Rel. Time (s), Intensity (W/ster)
usg_intensity_data = [
(-2.997, 9.74e+08),
(-2.994,-1.55e+09),
(-2.990,-1.53e+09),
(-2.987, 8.01e+08),
(-2.983,-4.97e+08),
(-2.980,-5.79e+08),
(-2.977, 8.59e+08),
(-2.973,-9.82e+08),
(-2.970, 2.42e+08),
(-2.967, 4.07e+08),
(-2.963, 2.87e+07),
(-2.960,-1.50e+09),
(-2.956,-4.89e+08),
(-2.953, 4.51e+07),
(-2.950,-2.88e+07),
(-2.946,-1.75e+09),
(-2.943,-6.78e+08),
(-2.940,-3.99e+08),
(-2.936,-2.34e+08),
(-2.933,-5.79e+08),
(-2.930, 3.98e+08),
(-2.926,-1.52e+09),
(-2.923,-1.93e+08),
(-2.919, 8.62e+07),
(-2.916,-6.70e+08),
(-2.913,-6.45e+08),
(-2.909, 8.83e+08),
(-2.906,-2.67e+08),
(-2.902,-3.70e+07),
(-2.899, 1.68e+08),
(-2.896, 2.34e+08),
(-2.892,-6.53e+08),
(-2.889, 3.74e+08),
(-2.886, 7.11e+08),
(-2.882,-1.77e+08),
(-2.879,-6.78e+08),
(-2.875, 5.30e+08),
(-2.872,-1.11e+08),
(-2.869,-1.03e+09),
(-2.865,-4.89e+08),
(-2.862,-1.18e+09),
(-2.859,-1.02e+09),
(-2.855,-3.00e+08),
(-2.852,-1.40e+09),
(-2.849, 3.33e+08),
(-2.845, 2.01e+08),
(-2.842, 1.44e+08),
(-2.838,-1.56e+09),
(-2.835,-1.12e+09),
(-2.832,-1.93e+08),
(-2.828,-3.90e+08),
(-2.825,-4.07e+08),
(-2.822, 1.60e+08),
(-2.818,-7.60e+08),
(-2.815, 1.03e+09),
(-2.811,-1.36e+08),
(-2.808, 4.23e+08),
(-2.805, 1.08e+09),
(-2.801, 4.07e+08),
(-2.798,-3.25e+08),
(-2.794,-1.24e+07),
(-2.791,-3.00e+08),
(-2.788,-1.13e+09),
(-2.784,-5.71e+08),
(-2.781,-4.64e+08),
(-2.778, 1.60e+08),
(-2.774, 1.77e+08),
(-2.771, 1.19e+09),
(-2.768, 3.16e+08),
(-2.764,-3.25e+08),
(-2.761, 9.49e+08),
(-2.757,-4.56e+08),
(-2.754, 4.31e+08),
(-2.751, 2.01e+08),
(-2.747, 6.70e+08),
(-2.744,-1.52e+09),
(-2.741,-1.36e+08),
(-2.737, 8.01e+08),
(-2.734, 5.79e+08),
(-2.730, 6.12e+08),
(-2.727,-8.34e+08),
(-2.724, 7.60e+08),
(-2.720, 1.01e+09),
(-2.717,-1.11e+08),
(-2.713,-1.03e+09),
(-2.710,-7.77e+08),
(-2.707,-5.05e+08),
(-2.703,-1.26e+09),
(-2.700,-1.10e+09),
(-2.697,-1.40e+09),
(-2.693,-2.11e+09),
(-2.690,-1.58e+09),
(-2.686,-2.01e+08),
(-2.683,-7.44e+08),
(-2.680,-6.53e+08),
(-2.676,-4.07e+08),
(-2.673,-6.37e+08),
(-2.670,-4.52e+07),
(-2.666,-2.01e+08),
(-2.663,-1.44e+08),
(-2.660,-3.49e+08),
(-2.656, 1.05e+09),
(-2.653,-2.26e+08),
(-2.649,-7.44e+08),
(-2.646, 7.11e+08),
(-2.643,-8.09e+08),
(-2.639, 6.16e+07),
(-2.636, 3.25e+08),
(-2.632,-1.93e+08),
(-2.629, 4.97e+08),
(-2.626,-1.15e+09),
(-2.622,-1.22e+09),
(-2.619, 1.29e+09),
(-2.616, 2.01e+08),
(-2.612,-3.00e+08),
(-2.609,-1.31e+09),
(-2.605,-4.31e+08),
(-2.602, 3.69e+07),
(-2.599,-1.64e+09),
(-2.595,-4.16e+06),
(-2.592,-1.45e+09),
(-2.589,-1.06e+09),
(-2.585,-5.35e+07),
(-2.582,-8.59e+08),
(-2.579,-4.73e+08),
(-2.575,-1.56e+09),
(-2.572,-3.33e+08),
(-2.568, 2.09e+09),
(-2.565, 1.93e+08),
(-2.562,-1.06e+09),
(-2.558, 3.66e+08),
(-2.555, 5.13e+08),
(-2.552, 8.62e+07),
(-2.548,-3.08e+08),
(-2.545,-1.43e+09),
(-2.541, 3.33e+08),
(-2.538, 4.51e+07),
(-2.535, 6.37e+08),
(-2.531, 2.75e+08),
(-2.528,-1.39e+09),
(-2.524, 2.34e+08),
(-2.521, 1.11e+08),
(-2.518, 3.41e+08),
(-2.514, 1.86e+09),
(-2.511,-6.29e+08),
(-2.508, 1.27e+08),
(-2.504, 1.43e+09),
(-2.501, 1.85e+08),
(-2.498,-1.09e+09),
(-2.494,-1.85e+08),
(-2.491, 1.18e+09),
(-2.487, 7.35e+08),
(-2.484,-1.70e+09),
(-2.481, 5.55e+08),
(-2.477, 1.85e+09),
(-2.474, 3.00e+08),
(-2.471,-1.77e+08),
(-2.467, 4.64e+08),
(-2.464, 6.12e+08),
(-2.460, 4.23e+08),
(-2.457, 9.33e+08),
(-2.454, 1.54e+09),
(-2.450, 2.83e+08),
(-2.447, 5.38e+08),
(-2.443, 6.86e+08),
(-2.440, 5.96e+08),
(-2.437, 7.60e+08),
(-2.433, 6.37e+08),
(-2.430,-8.01e+08),
(-2.427, 3.90e+08),
(-2.423, 1.20e+09),
(-2.420, 3.98e+08),
(-2.416, 3.49e+08),
(-2.413, 9.08e+08),
(-2.410, 8.18e+08),
(-2.406, 2.87e+07),
(-2.403, 4.56e+08),
(-2.400,-2.51e+08),
(-2.396,-5.35e+07),
(-2.393,-3.00e+08),
(-2.390, 1.23e+07),
(-2.386,-2.34e+08),
(-2.383,-2.06e+07),
(-2.379, 1.77e+08),
(-2.376, 4.81e+08),
(-2.373, 6.20e+08),
(-2.369, 1.41e+09),
(-2.366,-4.15e+08),
(-2.362, 3.00e+08),
(-2.359, 1.36e+08),
(-2.356, 2.87e+07),
(-2.352, 1.11e+09),
(-2.349, 4.56e+08),
(-2.346,-8.01e+08),
(-2.342,-7.44e+08),
(-2.339, 1.09e+09),
(-2.335, 1.34e+09),
(-2.332, 2.42e+08),
(-2.329,-1.14e+09),
(-2.325, 9.74e+08),
(-2.322,-3.82e+08),
(-2.319, 7.35e+08),
(-2.315, 8.91e+08),
(-2.312, 6.98e+07),
(-2.309, 1.77e+08),
(-2.305,-2.67e+08),
(-2.302, 1.02e+09),
(-2.298, 1.04e+09),
(-2.295, 2.67e+08),
(-2.292, 4.48e+08),
(-2.288,-1.24e+07),
(-2.285, 1.05e+09),
(-2.282, 4.97e+08),
(-2.278, 9.08e+08),
(-2.275, 4.07e+08),
(-2.271, 6.29e+08),
(-2.268, 8.42e+08),
(-2.265,-1.17e+09),
(-2.261,-6.78e+08),
(-2.258, 8.91e+08),
(-2.254, 3.04e+09),
(-2.251, 4.72e+08),
(-2.248,-1.52e+09),
(-2.244, 1.71e+09),
(-2.241, 9.33e+08),
(-2.238, 8.18e+08),
(-2.234, 2.97e+09),
(-2.231, 2.49e+09),
(-2.228,-2.88e+07),
(-2.224, 1.82e+09),
(-2.221, 1.37e+09),
(-2.217, 1.08e+09),
(-2.214, 1.44e+09),
(-2.211,-9.45e+07),
(-2.207, 1.94e+09),
(-2.204,-1.60e+08),
(-2.201, 5.55e+08),
(-2.197, 6.86e+08),
(-2.194,-4.52e+07),
(-2.190,-4.97e+08),
(-2.187, 3.69e+07),
(-2.184, 2.92e+08),
(-2.180, 6.12e+08),
(-2.177,-1.44e+08),
(-2.173, 1.10e+09),
(-2.170,-1.85e+08),
(-2.167, 3.69e+07),
(-2.163,-1.17e+09),
(-2.160, 4.06e+06),
(-2.157,-3.66e+08),
(-2.153, 1.27e+08),
(-2.150, 2.59e+08),
(-2.146, 7.11e+08),
(-2.143, 8.91e+08),
(-2.140,-7.35e+08),
(-2.136, 1.59e+09),
(-2.133,-5.46e+08),
(-2.130,-1.60e+08),
(-2.126, 8.09e+08),
(-2.123,-2.42e+08),
(-2.120, 5.96e+08),
(-2.116, 4.48e+08),
(-2.113, 4.72e+08),
(-2.109,-1.19e+08),
(-2.106,-1.06e+09),
(-2.103,-3.33e+08),
(-2.099,-1.37e+09),
(-2.096, 2.26e+08),
(-2.092, 8.62e+07),
(-2.089,-1.36e+08),
(-2.086,-1.48e+09),
(-2.082, 1.66e+09),
(-2.079, 3.98e+08),
(-2.076, 4.64e+08),
(-2.072, 1.02e+09),
(-2.069, 2.59e+08),
(-2.065,-3.90e+08),
(-2.062,-8.18e+08),
(-2.059,-1.46e+09),
(-2.055, 9.65e+08),
(-2.052, 1.52e+08),
(-2.049, 7.52e+08),
(-2.045,-4.81e+08),
(-2.042, 3.33e+08),
(-2.039, 7.76e+08),
(-2.035, 2.62e+09),
(-2.032,-6.04e+08),
(-2.028,-3.82e+08),
(-2.025, 2.42e+08),
(-2.022, 2.01e+08),
(-2.018, 1.57e+09),
(-2.015, 2.83e+08),
(-2.012,-1.56e+09),
(-2.008, 6.98e+07),
(-2.005, 1.15e+09),
(-2.001, 3.69e+07),
(-1.998, 1.89e+09),
(-1.995,-4.52e+07),
(-1.991, 1.49e+09),
(-1.988, 9.33e+08),
(-1.984,-5.88e+08),
(-1.981, 1.68e+08),
(-1.978, 9.41e+08),
(-1.974, 4.15e+08),
(-1.971, 1.47e+09),
(-1.968,-7.27e+08),
(-1.964, 1.44e+08),
(-1.961,-2.06e+07),
(-1.958,-2.75e+08),
(-1.954, 1.05e+09),
(-1.951,-5.35e+07),
(-1.947,-1.03e+09),
(-1.944, 3.90e+08),
(-1.941, 1.61e+09),
(-1.937,-1.20e+09),
(-1.934,-3.16e+08),
(-1.931, 6.12e+08),
(-1.927, 3.66e+08),
(-1.924, 4.56e+08),
(-1.920, 7.27e+08),
(-1.917,-1.17e+09),
(-1.914,-1.35e+09),
(-1.910,-1.25e+09),
(-1.907, 4.64e+08),
(-1.903, 2.08e+09),
(-1.900,-7.35e+08),
(-1.897,-4.64e+08),
(-1.893, 1.48e+09),
(-1.890, 1.34e+09),
(-1.887, 2.09e+08),
(-1.883,-8.18e+08),
(-1.880, 1.37e+09),
(-1.876, 6.94e+08),
(-1.873, 1.19e+09),
(-1.870, 9.44e+07),
(-1.866,-5.35e+07),
(-1.863, 1.17e+09),
(-1.860, 1.68e+08),
(-1.856, 7.35e+08),
(-1.853, 1.47e+09),
(-1.850, 4.31e+08),
(-1.846, 7.93e+08),
(-1.843, 2.83e+08),
(-1.839, 1.42e+09),
(-1.836, 1.17e+09),
(-1.833, 5.22e+08),
(-1.829, 9.82e+08),
(-1.826,-4.40e+08),
(-1.822, 1.34e+09),
(-1.819, 2.75e+08),
(-1.816,-1.19e+08),
(-1.812,-9.45e+07),
(-1.809, 1.13e+09),
(-1.806,-5.79e+08),
(-1.802,-2.84e+08),
(-1.799, 9.49e+08),
(-1.795, 1.11e+09),
(-1.792, 3.00e+08),
(-1.789,-2.26e+08),
(-1.785, 5.71e+08),
(-1.782, 2.09e+09),
(-1.779,-5.35e+07),
(-1.775,-2.59e+08),
(-1.772, 1.52e+08),
(-1.769, 4.64e+08),
(-1.765, 4.64e+08),
(-1.762, 1.93e+09),
(-1.758, 1.01e+09),
(-1.755, 8.59e+08),
(-1.752, 3.00e+08),
(-1.748, 2.19e+09),
(-1.745, 1.20e+09),
(-1.742, 1.30e+09),
(-1.738, 9.00e+08),
(-1.735, 1.11e+09),
(-1.731, 1.42e+09),
(-1.728, 2.75e+08),
(-1.725, 1.01e+09),
(-1.721, 1.65e+09),
(-1.718,-1.19e+08),
(-1.714, 1.52e+09),
(-1.711, 2.46e+09),
(-1.708, 1.51e+09),
(-1.704,-7.35e+08),
(-1.701, 6.70e+08),
(-1.698, 6.78e+08),
(-1.694, 6.29e+08),
(-1.691,-2.26e+08),
(-1.688,-6.45e+08),
(-1.684,-3.08e+08),
(-1.681, 8.09e+08),
(-1.677, 3.00e+08),
(-1.674, 9.98e+08),
(-1.671,-4.16e+06),
(-1.667, 2.92e+08),
(-1.664,-1.27e+09),
(-1.661,-4.16e+06),
(-1.657, 8.62e+07),
(-1.654, 1.25e+09),
(-1.650, 1.14e+09),
(-1.647,-5.05e+08),
(-1.644,-2.03e+09),
(-1.640, 2.51e+08),
(-1.637, 1.72e+09),
(-1.633,-5.35e+07),
(-1.630, 4.23e+08),
(-1.627, 9.49e+08),
(-1.623, 6.94e+08),
(-1.620, 9.08e+08),
(-1.617, 8.42e+08),
(-1.613,-2.01e+08),
(-1.610,-3.25e+08),
(-1.606,-4.48e+08),
(-1.603,-3.08e+08),
(-1.600, 1.29e+09),
(-1.596, 7.11e+08),
(-1.593, 1.38e+09),
(-1.590, 1.18e+09),
(-1.586, 3.08e+08),
(-1.583, 1.68e+08),
(-1.580, 3.25e+08),
(-1.576, 2.26e+08),
(-1.573, 1.68e+08),
(-1.569, 2.67e+09),
(-1.566, 7.52e+08),
(-1.563,-1.02e+09),
(-1.559,-1.36e+08),
(-1.556, 2.87e+07),
(-1.552, 1.25e+09),
(-1.549, 6.98e+07),
(-1.546, 1.66e+09),
(-1.542, 2.42e+08),
(-1.539, 3.98e+08),
(-1.536, 3.90e+08),
(-1.532, 8.01e+08),
(-1.529, 6.16e+07),
(-1.525, 5.63e+08),
(-1.522, 1.27e+09),
(-1.519,-2.88e+07),
(-1.515, 8.91e+08),
(-1.512, 1.75e+09),
(-1.509, 1.49e+09),
(-1.505, 4.31e+08),
(-1.502, 1.04e+09),
(-1.499, 2.42e+08),
(-1.495, 3.25e+08),
(-1.492, 1.33e+09),
(-1.488, 6.29e+08),
(-1.485, 2.59e+09),
(-1.482,-5.88e+08),
(-1.478, 1.14e+09),
(-1.475,-6.53e+08),
(-1.472, 2.92e+08),
(-1.468, 1.06e+09),
(-1.465, 4.51e+07),
(-1.461, 2.67e+08),
(-1.458, 1.20e+09),
(-1.455, 5.96e+08),
(-1.451, 1.37e+09),
(-1.448,-3.08e+08),
(-1.444, 9.33e+08),
(-1.441, 1.23e+09),
(-1.438, 2.45e+09),
(-1.434, 9.49e+08),
(-1.431, 1.74e+09),
(-1.428, 2.05e+07),
(-1.424, 2.44e+09),
(-1.421, 2.67e+09),
(-1.418, 6.94e+08),
(-1.414, 1.47e+09),
(-1.411,-4.52e+07),
(-1.407, 1.22e+09),
(-1.404, 2.09e+08),
(-1.401, 8.67e+08),
(-1.397, 3.57e+08),
(-1.394, 1.01e+09),
(-1.391, 1.38e+09),
(-1.387, 1.06e+09),
(-1.384, 1.60e+09),
(-1.380, 1.87e+09),
(-1.377, 7.44e+08),
(-1.374, 1.99e+09),
(-1.370, 6.86e+08),
(-1.367, 8.26e+08),
(-1.363, 2.26e+09),
(-1.360, 1.11e+09),
(-1.357, 1.06e+09),
(-1.353, 1.92e+09),
(-1.350, 1.01e+09),
(-1.347, 1.57e+09),
(-1.343, 1.26e+09),
(-1.340, 1.12e+09),
(-1.336, 9.16e+08),
(-1.333, 3.08e+09),
(-1.330, 5.79e+08),
(-1.326, 2.26e+08),
(-1.323, 1.66e+09),
(-1.320, 9.98e+08),
(-1.316, 1.80e+09),
(-1.313, 1.98e+09),
(-1.310, 5.46e+08),
(-1.306,-1.16e+09),
(-1.303, 1.60e+08),
(-1.299,-1.18e+09),
(-1.296, 4.89e+08),
(-1.293, 2.18e+09),
(-1.289, 1.55e+09),
(-1.286, 2.42e+09),
(-1.282, 3.66e+08),
(-1.279, 1.57e+09),
(-1.276, 1.18e+09),
(-1.272, 1.41e+09),
(-1.269, 5.13e+08),
(-1.266, 5.71e+08),
(-1.262, 2.17e+09),
(-1.259, 3.08e+08),
(-1.255, 2.12e+09),
(-1.252, 9.24e+08),
(-1.249, 1.30e+09),
(-1.245, 2.75e+09),
(-1.242, 1.89e+09),
(-1.239, 8.01e+08),
(-1.235,-1.04e+09),
(-1.232, 1.36e+09),
(-1.229, 2.91e+09),
(-1.225, 1.49e+09),
(-1.222, 1.85e+09),
(-1.218,-6.99e+07),
(-1.215, 5.46e+08),
(-1.212, 5.46e+08),
(-1.208, 1.02e+09),
(-1.205, 1.52e+09),
(-1.202, 6.98e+07),
(-1.198, 4.48e+08),
(-1.195,-1.77e+08),
(-1.191,-9.33e+08),
(-1.188,-2.01e+08),
(-1.185, 1.16e+09),
(-1.181, 1.35e+09),
(-1.178, 2.67e+08),
(-1.174, 1.24e+09),
(-1.171, 4.07e+08),
(-1.168, 5.05e+08),
(-1.164, 1.43e+09),
(-1.161, 1.34e+09),
(-1.158, 3.57e+08),
(-1.154, 3.66e+08),
(-1.151, 1.69e+09),
(-1.148, 2.34e+08),
(-1.144,-8.34e+08),
(-1.141, 1.97e+09),
(-1.137,-3.08e+08),
(-1.134, 9.24e+08),
(-1.131, 7.19e+08),
(-1.127, 1.11e+09),
(-1.124, 3.49e+08),
(-1.121,-4.73e+08),
(-1.117, 1.36e+08),
(-1.114, 2.69e+09),
(-1.110, 1.38e+09),
(-1.107,-2.75e+08),
(-1.104,-2.51e+08),
(-1.100, 1.09e+09),
(-1.097, 7.85e+08),
(-1.093, 4.15e+08),
(-1.090, 9.74e+08),
(-1.087, 1.39e+09),
(-1.083, 5.46e+08),
(-1.080, 9.16e+08),
(-1.077, 8.09e+08),
(-1.073, 1.65e+09),
(-1.070, 1.84e+09),
(-1.066, 6.16e+07),
(-1.063,-5.71e+08),
(-1.060,-3.57e+08),
(-1.056, 2.07e+09),
(-1.053,-2.01e+08),
(-1.050, 3.66e+08),
(-1.046, 4.89e+08),
(-1.043, 1.58e+09),
(-1.040, 2.05e+07),
(-1.036, 1.93e+09),
(-1.033,-4.81e+08),
(-1.029, 8.50e+08),
(-1.026, 3.90e+08),
(-1.023, 7.35e+08),
(-1.019, 1.68e+09),
(-1.016, 1.46e+09),
(-1.012, 1.42e+09),
(-1.009, 1.07e+09),
(-1.006,-3.70e+07),
(-1.002, 9.08e+08),
(-0.999, 6.04e+08),
(-0.996, 2.34e+09),
(-0.992, 9.65e+08),
(-0.989, 1.95e+09),
(-0.985,-1.36e+08),
(-0.982, 1.85e+08),
(-0.979, 7.76e+08),
(-0.975, 1.56e+09),
(-0.972, 4.48e+08),
(-0.969, 1.10e+09),
(-0.965, 1.86e+09),
(-0.962, 1.45e+09),
(-0.959, 1.41e+09),
(-0.955, 8.59e+08),
(-0.952,-9.90e+08),
(-0.948, 1.22e+09),
(-0.945, 7.60e+08),
(-0.942, 1.14e+09),
(-0.938, 2.18e+08),
(-0.935, 1.26e+09),
(-0.932,-1.60e+08),
(-0.928, 2.32e+09),
(-0.925, 6.16e+07),
(-0.921,-2.01e+08),
(-0.918, 1.47e+09),
(-0.915, 8.18e+08),
(-0.911, 1.22e+09),
(-0.908, 2.26e+09),
(-0.904, 1.49e+09),
(-0.901, 1.30e+09),
(-0.898, 1.23e+07),
(-0.894, 1.23e+07),
(-0.891, 1.45e+09),
(-0.888, 1.55e+09),
(-0.884, 1.20e+09),
(-0.881, 1.83e+09),
(-0.878, 1.13e+09),
(-0.874, 2.22e+09),
(-0.871, 2.20e+09),
(-0.867, 1.90e+09),
(-0.864,-4.40e+08),
(-0.861, 2.35e+09),
(-0.857, 2.72e+09),
(-0.854, 2.53e+09),
(-0.851, 2.93e+09),
(-0.847, 3.20e+09),
(-0.844, 1.73e+09),
(-0.840, 1.33e+09),
(-0.837, 3.25e+09),
(-0.834, 2.14e+09),
(-0.830, 7.19e+08),
(-0.827, 6.04e+08),
(-0.823, 2.35e+09),
(-0.820, 6.61e+08),
(-0.817, 1.03e+08),
(-0.813, 2.09e+09),
(-0.810, 1.33e+09),
(-0.807, 1.25e+09),
(-0.803, 8.91e+08),
(-0.800, 1.50e+09),
(-0.796, 1.50e+09),
(-0.793, 1.84e+09),
(-0.790, 1.19e+08),
(-0.786, 9.24e+08),
(-0.783, 2.47e+09),
(-0.780, 2.18e+09),
(-0.776, 9.33e+08),
(-0.773, 6.70e+08),
(-0.770, 3.49e+08),
(-0.766, 1.70e+09),
(-0.763, 1.70e+09),
(-0.759, 6.04e+08),
(-0.756, 1.44e+09),
(-0.753, 3.57e+08),
(-0.749, 9.90e+08),
(-0.746, 1.42e+09),
(-0.742,-7.68e+08),
(-0.739,-3.41e+08),
(-0.736, 2.18e+08),
(-0.732, 3.41e+08),
(-0.729, 8.67e+08),
(-0.726,-1.17e+09),
(-0.722,-9.49e+08),
(-0.719,-1.34e+09),
(-0.715,-1.77e+08),
(-0.712, 7.52e+08),
(-0.709,-2.34e+08),
(-0.705, 2.18e+08),
(-0.702,-1.27e+08),
(-0.699, 7.52e+08),
(-0.695, 5.46e+08),
(-0.692, 1.38e+09),
(-0.689,-1.80e+09),
(-0.685,-2.01e+08),
(-0.682, 1.19e+08),
(-0.678,-1.06e+09),
(-0.675,-5.46e+08),
(-0.672, 1.50e+09),
(-0.668, 4.56e+08),
(-0.665, 1.60e+09),
(-0.662, 6.45e+08),
(-0.658, 8.09e+08),
(-0.655, 2.18e+08),
(-0.651,-3.66e+08),
(-0.648, 1.05e+09),
(-0.645, 3.59e+09),
(-0.641, 3.82e+08),
(-0.638, 4.51e+07),
(-0.634, 2.59e+09),
(-0.631, 6.53e+08),
(-0.628, 7.52e+08),
(-0.624, 5.96e+08),
(-0.621, 1.77e+09),
(-0.618, 1.40e+09),
(-0.614, 4.31e+08),
(-0.611, 1.84e+09),
(-0.608, 2.26e+08),
(-0.604,-1.60e+08),
(-0.601,-2.92e+08),
(-0.597, 3.08e+09),
(-0.594, 2.67e+08),
(-0.591, 9.00e+08),
(-0.587, 4.40e+08),
(-0.584, 7.80e+07),
(-0.581, 2.73e+09),
(-0.577, 1.15e+09),
(-0.574, 1.38e+09),
(-0.570, 9.65e+08),
(-0.567,-4.56e+08),
(-0.564,-2.84e+08),
(-0.560, 1.94e+09),
(-0.557, 9.98e+08),
(-0.553,-9.00e+08),
(-0.550,-1.31e+09),
(-0.547, 8.01e+08),
(-0.543, 4.51e+07),
(-0.540, 3.74e+08),
(-0.537,-3.99e+08),
(-0.533, 2.76e+09),
(-0.530, 2.98e+09),
(-0.526, 2.35e+09),
(-0.523, 1.63e+09),
(-0.520, 2.61e+09),
(-0.516, 1.68e+08),
(-0.513, 1.38e+09),
(-0.510, 2.41e+09),
(-0.506, 1.67e+09),
(-0.503, 2.35e+09),
(-0.500, 9.16e+08),
(-0.496, 8.09e+08),
(-0.493, 9.41e+08),
(-0.489, 1.32e+09),
(-0.486, 2.09e+09),
(-0.483, 5.71e+08),
(-0.479, 2.26e+09),
(-0.476, 2.44e+09),
(-0.472, 3.19e+09),
(-0.469, 3.53e+09),
(-0.466, 1.64e+09),
(-0.462, 1.29e+09),
(-0.459, 6.78e+08),
(-0.456, 2.47e+09),
(-0.452, 2.76e+09),
(-0.449, 2.95e+09),
(-0.445, 1.34e+09),
(-0.442, 1.53e+09),
(-0.439, 2.20e+09),
(-0.435, 2.43e+09),
(-0.432, 2.05e+09),
(-0.429, 3.41e+08),
(-0.425, 2.12e+09),
(-0.422, 1.46e+09),
(-0.419, 1.28e+09),
(-0.415, 3.71e+09),
(-0.412, 2.79e+09),
(-0.408, 2.17e+09),
(-0.405, 3.16e+09),
(-0.402, 1.71e+09),
(-0.398, 1.76e+09),
(-0.395, 2.83e+09),
(-0.392, 3.05e+09),
(-0.388, 1.74e+09),
(-0.385,-2.26e+08),
(-0.381, 2.67e+09),
(-0.378, 3.20e+09),
(-0.375, 3.13e+09),
(-0.371, 7.44e+08),
(-0.368, 3.64e+09),
(-0.364, 2.73e+09),
(-0.361, 2.75e+09),
(-0.358, 4.43e+09),
(-0.354, 2.44e+09),
(-0.351, 3.09e+09),
(-0.348, 1.98e+09),
(-0.344, 2.53e+09),
(-0.341, 3.53e+09),
(-0.338, 2.63e+09),
(-0.334, 4.01e+09),
(-0.331, 3.78e+09),
(-0.327, 4.47e+09),
(-0.324, 4.57e+09),
(-0.321, 2.49e+09),
(-0.317, 2.76e+09),
(-0.314, 2.58e+09),
(-0.311, 3.18e+09),
(-0.307, 2.84e+09),
(-0.304, 3.20e+09),
(-0.300, 1.94e+09),
(-0.297, 3.50e+09),
(-0.294, 3.46e+09),
(-0.290, 2.15e+09),
(-0.287, 1.43e+09),
(-0.283, 2.72e+09),
(-0.280, 1.87e+09),
(-0.277, 3.31e+09),
(-0.273, 4.10e+09),
(-0.270, 2.81e+09),
(-0.267, 2.22e+09),
(-0.263, 2.46e+09),
(-0.260, 3.60e+09),
(-0.256, 3.37e+09),
(-0.253, 2.06e+09),
(-0.250, 2.72e+09),
(-0.246, 2.63e+09),
(-0.243, 1.79e+09),
(-0.240, 2.59e+09),
(-0.236, 2.92e+09),
(-0.233, 3.03e+09),
(-0.230, 4.29e+09),
(-0.226, 2.45e+09),
(-0.223, 2.46e+09),
(-0.219, 2.57e+09),
(-0.216, 4.08e+09),
(-0.213, 4.58e+09),
(-0.209, 3.16e+08),
(-0.206, 1.25e+09),
(-0.202, 3.78e+09),
(-0.199, 3.42e+09),
(-0.196, 4.06e+09),
(-0.192, 2.97e+09),
(-0.189, 3.23e+09),
(-0.186, 3.37e+09),
(-0.182, 1.20e+09),
(-0.179, 3.52e+09),
(-0.175, 3.22e+09),
(-0.172, 2.86e+09),
(-0.169, 2.91e+09),
(-0.165, 3.21e+09),
(-0.162, 3.28e+09),
(-0.159, 3.31e+09),
(-0.155, 2.71e+09),
(-0.152, 2.76e+09),
(-0.149, 2.35e+09),
(-0.145, 5.36e+09),
(-0.142, 3.65e+09),
(-0.138, 3.57e+09),
(-0.135, 2.94e+09),
(-0.132, 4.54e+09),
(-0.128, 5.96e+09),
(-0.125, 4.10e+09),
(-0.122, 4.85e+09),
(-0.118, 3.57e+09),
(-0.115, 4.40e+09),
(-0.111, 4.01e+09),
(-0.108, 2.62e+09),
(-0.105, 4.64e+09),
(-0.101, 3.96e+09),
(-0.098, 3.38e+09),
(-0.094, 5.18e+09),
(-0.091, 3.80e+09),
(-0.088, 5.07e+09),
(-0.084, 3.73e+09),
(-0.081, 2.76e+09),
(-0.078, 3.87e+09),
(-0.074, 2.79e+09),
(-0.071, 4.19e+09),
(-0.068, 4.25e+09),
(-0.064, 4.76e+09),
(-0.061, 6.17e+09),
(-0.057, 6.56e+09),
(-0.054, 4.76e+09),
(-0.051, 5.34e+09),
(-0.047, 6.27e+09),
(-0.044, 6.56e+09),
(-0.041, 5.89e+09),
(-0.037, 5.45e+09),
(-0.034, 3.62e+09),
(-0.030, 4.98e+09),
(-0.027, 5.11e+09),
(-0.024, 6.64e+09),
(-0.020, 4.59e+09),
(-0.017, 5.79e+09),
(-0.013, 5.46e+09),
(-0.010, 5.44e+09),
(-0.007, 5.21e+09),
(-0.003, 5.79e+09),
(-0.000, 7.78e+09),
( 0.003, 6.59e+09),
( 0.007, 8.17e+09),
( 0.010, 6.45e+09),
( 0.014, 8.50e+09),
( 0.017, 8.06e+09),
( 0.020, 7.55e+09),
( 0.024, 8.99e+09),
( 0.027, 7.87e+09),
( 0.030, 9.08e+09),
( 0.034, 1.01e+10),
( 0.037, 8.75e+09),
( 0.040, 9.04e+09),
( 0.044, 8.76e+09),
( 0.047, 8.75e+09),
( 0.051, 9.08e+09),
( 0.054, 8.29e+09),
( 0.057, 9.54e+09),
( 0.061, 8.96e+09),
( 0.064, 9.96e+09),
( 0.068, 9.54e+09),
( 0.071, 1.08e+10),
( 0.074, 1.02e+10),
( 0.078, 1.25e+10),
( 0.081, 1.25e+10),
( 0.084, 1.09e+10),
( 0.088, 1.10e+10),
( 0.091, 1.34e+10),
( 0.095, 1.08e+10),
( 0.098, 1.09e+10),
( 0.101, 1.28e+10),
( 0.105, 1.25e+10),
( 0.108, 1.13e+10),
( 0.111, 1.28e+10),
( 0.115, 1.46e+10),
( 0.118, 1.19e+10),
( 0.121, 1.15e+10),
( 0.125, 1.31e+10),
( 0.128, 1.45e+10),
( 0.132, 1.29e+10),
( 0.135, 1.51e+10),
( 0.138, 1.39e+10),
( 0.142, 1.42e+10),
( 0.145, 1.55e+10),
( 0.148, 1.49e+10),
( 0.152, 1.37e+10),
( 0.155, 1.61e+10),
( 0.159, 1.62e+10),
( 0.162, 1.61e+10),
( 0.165, 1.82e+10),
( 0.169, 1.82e+10),
( 0.172, 1.66e+10),
( 0.176, 1.82e+10),
( 0.179, 1.89e+10),
( 0.182, 1.83e+10),
( 0.186, 2.02e+10),
( 0.189, 1.98e+10),
( 0.192, 2.06e+10),
( 0.196, 2.24e+10),
( 0.199, 2.05e+10),
( 0.202, 2.19e+10),
( 0.206, 2.19e+10),
( 0.209, 2.15e+10),
( 0.213, 2.25e+10),
( 0.216, 2.26e+10),
( 0.219, 2.36e+10),
( 0.223, 2.54e+10),
( 0.226, 2.53e+10),
( 0.229, 2.34e+10),
( 0.233, 2.38e+10),
( 0.236, 2.42e+10),
( 0.240, 2.49e+10),
( 0.243, 2.48e+10),
( 0.246, 2.49e+10),
( 0.250, 2.50e+10),
( 0.253, 2.54e+10),
( 0.257, 2.57e+10),
( 0.260, 2.46e+10),
( 0.263, 2.58e+10),
( 0.267, 2.62e+10),
( 0.270, 2.55e+10),
( 0.273, 2.68e+10),
( 0.277, 2.75e+10),
( 0.280, 2.75e+10),
( 0.284, 2.53e+10),
( 0.287, 2.66e+10),
( 0.290, 2.64e+10),
( 0.294, 2.73e+10),
( 0.297, 2.96e+10),
( 0.300, 2.64e+10),
( 0.304, 2.81e+10),
( 0.307, 2.91e+10),
( 0.310, 2.94e+10),
( 0.314, 2.93e+10),
( 0.317, 2.96e+10),
( 0.321, 3.10e+10),
( 0.324, 3.14e+10),
( 0.327, 3.21e+10),
( 0.331, 3.34e+10),
( 0.334, 3.31e+10),
( 0.338, 3.12e+10),
( 0.341, 3.21e+10),
( 0.344, 3.25e+10),
( 0.348, 3.32e+10),
( 0.351, 3.22e+10),
( 0.354, 3.30e+10),
( 0.358, 3.31e+10),
( 0.361, 3.39e+10),
( 0.365, 3.45e+10),
( 0.368, 3.38e+10),
( 0.371, 3.40e+10),
( 0.375, 3.59e+10),
( 0.378, 3.56e+10),
( 0.381, 3.67e+10),
( 0.385, 3.67e+10),
( 0.388, 3.75e+10),
( 0.391, 3.89e+10),
( 0.395, 3.76e+10),
( 0.398, 3.85e+10),
( 0.402, 3.97e+10),
( 0.405, 3.87e+10),
( 0.408, 3.99e+10),
( 0.412, 4.06e+10),
( 0.415, 4.05e+10),
( 0.418, 4.12e+10),
( 0.422, 4.18e+10),
( 0.425, 4.24e+10),
( 0.429, 4.27e+10),
( 0.432, 4.25e+10),
( 0.435, 4.49e+10),
( 0.439, 4.43e+10),
( 0.442, 4.57e+10),
( 0.446, 4.60e+10),
( 0.449, 4.69e+10),
( 0.452, 4.63e+10),
( 0.456, 4.66e+10),
( 0.459, 4.66e+10),
( 0.462, 4.79e+10),
( 0.466, 4.77e+10),
( 0.469, 4.95e+10),
( 0.472, 4.92e+10),
( 0.476, 4.87e+10),
( 0.479, 5.09e+10),
( 0.483, 5.06e+10),
( 0.486, 5.06e+10),
( 0.489, 5.08e+10),
( 0.493, 5.12e+10),
( 0.496, 4.99e+10),
( 0.499, 5.14e+10),
( 0.503, 5.21e+10),
( 0.506, 5.18e+10),
( 0.510, 5.43e+10),
( 0.513, 5.54e+10),
( 0.516, 5.61e+10),
( 0.520, 5.54e+10),
( 0.523, 5.71e+10),
( 0.527, 5.72e+10),
( 0.530, 5.70e+10),
( 0.533, 5.85e+10),
( 0.537, 5.97e+10),
( 0.540, 5.95e+10),
( 0.543, 5.96e+10),
( 0.547, 6.00e+10),
( 0.550, 6.39e+10),
( 0.554, 6.25e+10),
( 0.557, 6.31e+10),
( 0.560, 6.58e+10),
( 0.564, 6.38e+10),
( 0.567, 6.65e+10),
( 0.570, 6.57e+10),
( 0.574, 6.67e+10),
( 0.577, 6.64e+10),
( 0.580, 6.83e+10),
( 0.584, 6.91e+10),
( 0.587, 6.88e+10),
( 0.591, 6.90e+10),
( 0.594, 7.04e+10),
( 0.597, 7.04e+10),
( 0.601, 7.26e+10),
( 0.604, 7.14e+10),
( 0.608, 7.17e+10),
( 0.611, 7.38e+10),
( 0.614, 7.31e+10),
( 0.618, 7.41e+10),
( 0.621, 7.34e+10),
( 0.624, 7.32e+10),
( 0.628, 7.54e+10),
( 0.631, 7.56e+10),
( 0.635, 7.62e+10),
( 0.638, 7.75e+10),
( 0.641, 7.74e+10),
( 0.645, 7.78e+10),
( 0.648, 7.82e+10),
( 0.651, 7.89e+10),
( 0.655, 7.94e+10),
( 0.658, 7.93e+10),
( 0.661, 7.99e+10),
( 0.665, 7.95e+10),
( 0.668, 7.99e+10),
( 0.672, 8.19e+10),
( 0.675, 8.15e+10),
( 0.678, 8.16e+10),
( 0.682, 8.37e+10),
( 0.685, 8.23e+10),
( 0.688, 8.29e+10),
( 0.692, 8.50e+10),
( 0.695, 8.58e+10),
( 0.699, 8.58e+10),
( 0.702, 8.51e+10),
( 0.705, 8.51e+10),
( 0.709, 8.47e+10),
( 0.712, 8.64e+10),
( 0.716, 8.63e+10),
( 0.719, 8.71e+10),
( 0.722, 8.68e+10),
( 0.726, 8.51e+10),
( 0.729, 8.63e+10),
( 0.732, 8.81e+10),
( 0.736, 8.71e+10),
( 0.739, 8.81e+10),
( 0.742, 8.72e+10),
( 0.746, 8.88e+10),
( 0.749, 8.96e+10),
( 0.753, 9.09e+10),
( 0.756, 8.85e+10),
( 0.759, 9.03e+10),
( 0.763, 8.74e+10),
( 0.766, 8.92e+10),
( 0.769, 9.10e+10),
( 0.773, 9.12e+10),
( 0.776, 9.23e+10),
( 0.780, 9.10e+10),
( 0.783, 9.15e+10),
( 0.786, 9.30e+10),
( 0.790, 9.07e+10),
( 0.793, 9.17e+10),
( 0.797, 9.27e+10),
( 0.800, 9.38e+10),
( 0.803, 9.37e+10),
( 0.807, 9.40e+10),
( 0.810, 9.47e+10),
( 0.813, 9.64e+10),
( 0.817, 9.60e+10),
( 0.820, 9.47e+10),
( 0.824, 9.63e+10),
( 0.827, 9.74e+10),
( 0.830, 9.70e+10),
( 0.834, 9.65e+10),
( 0.837, 9.94e+10),
( 0.840, 9.99e+10),
( 0.844, 1.01e+11),
( 0.847, 1.02e+11),
( 0.850, 1.02e+11),
( 0.854, 1.02e+11),
( 0.857, 1.02e+11),
( 0.861, 1.04e+11),
( 0.864, 1.02e+11),
( 0.867, 1.05e+11),
( 0.871, 1.05e+11),
( 0.874, 1.06e+11),
( 0.878, 1.07e+11),
( 0.881, 1.08e+11),
( 0.884, 1.08e+11),
( 0.888, 1.08e+11),
( 0.891, 1.08e+11),
( 0.894, 1.10e+11),
( 0.898, 1.10e+11),
( 0.901, 1.10e+11),
( 0.905, 1.10e+11),
( 0.908, 1.10e+11),
( 0.911, 1.12e+11),
( 0.915, 1.11e+11),
( 0.918, 1.12e+11),
( 0.921, 1.12e+11),
( 0.925, 1.13e+11),
( 0.928, 1.13e+11),
( 0.931, 1.14e+11),
( 0.935, 1.14e+11),
( 0.938, 1.14e+11),
( 0.942, 1.15e+11),
( 0.945, 1.14e+11),
( 0.948, 1.16e+11),
( 0.952, 1.17e+11),
( 0.955, 1.17e+11),
( 0.958, 1.19e+11),
( 0.962, 1.20e+11),
( 0.965, 1.18e+11),
( 0.969, 1.20e+11),
( 0.972, 1.23e+11),
( 0.975, 1.21e+11),
( 0.979, 1.21e+11),
( 0.982, 1.20e+11),
( 0.986, 1.21e+11),
( 0.989, 1.22e+11),
( 0.992, 1.23e+11),
( 0.996, 1.24e+11),
( 0.999, 1.24e+11),
( 1.002, 1.25e+11),
( 1.006, 1.25e+11),
( 1.009, 1.24e+11),
( 1.012, 1.25e+11),
( 1.016, 1.24e+11),
( 1.019, 1.25e+11),
( 1.023, 1.28e+11),
( 1.026, 1.27e+11),
( 1.029, 1.27e+11),
( 1.033, 1.28e+11),
( 1.036, 1.29e+11),
( 1.039, 1.28e+11),
( 1.043, 1.30e+11),
( 1.046, 1.29e+11),
( 1.050, 1.30e+11),
( 1.053, 1.31e+11),
( 1.056, 1.31e+11),
( 1.060, 1.32e+11),
( 1.063, 1.32e+11),
( 1.067, 1.32e+11),
( 1.070, 1.33e+11),
( 1.073, 1.33e+11),
( 1.077, 1.32e+11),
( 1.080, 1.30e+11),
( 1.083, 1.31e+11),
( 1.087, 1.31e+11),
( 1.090, 1.32e+11),
( 1.094, 1.32e+11),
( 1.097, 1.32e+11),
( 1.100, 1.31e+11),
( 1.104, 1.32e+11),
( 1.107, 1.32e+11),
( 1.110, 1.32e+11),
( 1.114, 1.31e+11),
( 1.117, 1.32e+11),
( 1.120, 1.35e+11),
( 1.124, 1.35e+11),
( 1.127, 1.33e+11),
( 1.131, 1.36e+11),
( 1.134, 1.36e+11),
( 1.137, 1.38e+11),
( 1.141, 1.40e+11),
( 1.144, 1.40e+11),
( 1.148, 1.41e+11),
( 1.151, 1.44e+11),
( 1.154, 1.45e+11),
( 1.158, 1.45e+11),
( 1.161, 1.44e+11),
( 1.164, 1.47e+11),
( 1.168, 1.46e+11),
( 1.171, 1.48e+11),
( 1.175, 1.51e+11),
( 1.178, 1.50e+11),
( 1.181, 1.52e+11),
( 1.185, 1.52e+11),
( 1.188, 1.53e+11),
( 1.191, 1.53e+11),
( 1.195, 1.55e+11),
( 1.198, 1.55e+11),
( 1.201, 1.57e+11),
( 1.205, 1.58e+11),
( 1.208, 1.59e+11),
( 1.212, 1.61e+11),
( 1.215, 1.63e+11),
( 1.218, 1.62e+11),
( 1.222, 1.63e+11),
( 1.225, 1.66e+11),
( 1.228, 1.65e+11),
( 1.232, 1.68e+11),
( 1.235, 1.69e+11),
( 1.239, 1.72e+11),
( 1.242, 1.73e+11),
( 1.245, 1.75e+11),
( 1.249, 1.79e+11),
( 1.252, 1.80e+11),
( 1.256, 1.84e+11),
( 1.259, 1.84e+11),
( 1.262, 1.86e+11),
( 1.266, 1.87e+11),
( 1.269, 1.89e+11),
( 1.272, 1.89e+11),
( 1.276, 1.93e+11),
( 1.279, 1.95e+11),
( 1.282, 1.96e+11),
( 1.286, 1.99e+11),
( 1.289, 1.99e+11),
( 1.293, 2.00e+11),
( 1.296, 2.02e+11),
( 1.299, 2.02e+11),
( 1.303, 2.03e+11),
( 1.306, 2.03e+11),
( 1.309, 2.05e+11),
( 1.313, 2.05e+11),
( 1.316, 2.06e+11),
( 1.320, 2.06e+11),
( 1.323, 2.06e+11),
( 1.326, 2.07e+11),
( 1.330, 2.08e+11),
( 1.333, 2.11e+11),
( 1.337, 2.09e+11),
( 1.340, 2.10e+11),
( 1.343, 2.11e+11),
( 1.347, 2.14e+11),
( 1.350, 2.15e+11),
( 1.353, 2.16e+11),
( 1.357, 2.17e+11),
( 1.360, 2.19e+11),
( 1.364, 2.19e+11),
( 1.367, 2.21e+11),
( 1.370, 2.22e+11),
( 1.374, 2.26e+11),
( 1.377, 2.26e+11),
( 1.380, 2.25e+11),
( 1.384, 2.27e+11),
( 1.387, 2.28e+11),
( 1.390, 2.29e+11),
( 1.394, 2.31e+11),
( 1.397, 2.32e+11),
( 1.401, 2.33e+11),
( 1.404, 2.35e+11),
( 1.407, 2.36e+11),
( 1.411, 2.35e+11),
( 1.414, 2.36e+11),
( 1.418, 2.36e+11),
( 1.421, 2.38e+11),
( 1.424, 2.39e+11),
( 1.428, 2.39e+11),
( 1.431, 2.39e+11),
( 1.434, 2.42e+11),
( 1.438, 2.42e+11),
( 1.441, 2.41e+11),
( 1.445, 2.42e+11),
( 1.448, 2.41e+11),
( 1.451, 2.42e+11),
( 1.455, 2.44e+11),
( 1.458, 2.47e+11),
( 1.461, 2.48e+11),
( 1.465, 2.48e+11),
( 1.468, 2.48e+11),
( 1.471, 2.50e+11),
( 1.475, 2.47e+11),
( 1.478, 2.47e+11),
( 1.482, 2.46e+11),
( 1.485, 2.48e+11),
( 1.488, 2.48e+11),
( 1.492, 2.48e+11),
( 1.495, 2.48e+11),
( 1.498, 2.48e+11),
( 1.502, 2.47e+11),
( 1.505, 2.49e+11),
( 1.509, 2.45e+11),
( 1.512, 2.46e+11),
( 1.515, 2.48e+11),
( 1.519, 2.49e+11),
( 1.522, 2.49e+11),
( 1.526, 2.51e+11),
( 1.529, 2.51e+11),
( 1.532, 2.50e+11),
( 1.536, 2.51e+11),
( 1.539, 2.51e+11),
( 1.542, 2.54e+11),
( 1.546, 2.51e+11),
( 1.549, 2.50e+11),
( 1.552, 2.48e+11),
( 1.556, 2.49e+11),
( 1.559, 2.48e+11),
( 1.563, 2.46e+11),
( 1.566, 2.46e+11),
( 1.569, 2.46e+11),
( 1.573, 2.46e+11),
( 1.576, 2.44e+11),
( 1.579, 2.45e+11),
( 1.583, 2.44e+11),
( 1.586, 2.41e+11),
( 1.590, 2.41e+11),
( 1.593, 2.39e+11),
( 1.596, 2.37e+11),
( 1.600, 2.36e+11),
( 1.603, 2.37e+11),
( 1.607, 2.36e+11),
( 1.610, 2.35e+11),
( 1.613, 2.35e+11),
( 1.617, 2.36e+11),
( 1.620, 2.35e+11),
( 1.623, 2.35e+11),
( 1.627, 2.37e+11),
( 1.630, 2.35e+11),
( 1.634, 2.34e+11),
( 1.637, 2.36e+11),
( 1.640, 2.36e+11),
( 1.644, 2.35e+11),
( 1.647, 2.36e+11),
( 1.650, 2.36e+11),
( 1.654, 2.39e+11),
( 1.657, 2.40e+11),
( 1.660, 2.41e+11),
( 1.664, 2.41e+11),
( 1.667, 2.41e+11),
( 1.671, 2.42e+11),
( 1.674, 2.44e+11),
( 1.677, 2.45e+11),
( 1.681, 2.46e+11),
( 1.684, 2.50e+11),
( 1.688, 2.52e+11),
( 1.691, 2.56e+11),
( 1.694, 2.56e+11),
( 1.698, 2.57e+11),
( 1.701, 2.61e+11),
( 1.704, 2.62e+11),
( 1.708, 2.63e+11),
( 1.711, 2.67e+11),
( 1.715, 2.69e+11),
( 1.718, 2.70e+11),
( 1.721, 2.76e+11),
( 1.725, 2.77e+11),
( 1.728, 2.77e+11),
( 1.731, 2.83e+11),
( 1.735, 2.86e+11),
( 1.738, 2.87e+11),
( 1.741, 2.90e+11),
( 1.745, 2.94e+11),
( 1.748, 2.98e+11),
( 1.752, 2.99e+11),
( 1.755, 3.00e+11),
( 1.758, 3.04e+11),
( 1.762, 3.06e+11),
( 1.765, 3.07e+11),
( 1.768, 3.12e+11),
( 1.772, 3.13e+11),
( 1.775, 3.16e+11),
( 1.779, 3.21e+11),
( 1.782, 3.22e+11),
( 1.785, 3.25e+11),
( 1.789, 3.27e+11),
( 1.792, 3.28e+11),
( 1.796, 3.32e+11),
( 1.799, 3.33e+11),
( 1.802, 3.35e+11),
( 1.806, 3.38e+11),
( 1.809, 3.39e+11),
( 1.812, 3.41e+11),
( 1.816, 3.43e+11),
( 1.819, 3.47e+11),
( 1.822, 3.50e+11),
( 1.826, 3.51e+11),
( 1.829, 3.50e+11),
( 1.833, 3.52e+11),
( 1.836, 3.57e+11),
( 1.839, 3.60e+11),
( 1.843, 3.65e+11),
( 1.846, 3.66e+11),
( 1.849, 3.68e+11),
( 1.853, 3.70e+11),
( 1.856, 3.72e+11),
( 1.860, 3.71e+11),
( 1.863, 3.75e+11),
( 1.866, 3.79e+11),
( 1.870, 3.79e+11),
( 1.873, 3.79e+11),
( 1.877, 3.81e+11),
( 1.880, 3.83e+11),
( 1.883, 3.83e+11),
( 1.887, 3.87e+11),
( 1.890, 3.88e+11),
( 1.893, 3.89e+11),
( 1.897, 3.88e+11),
( 1.900, 3.88e+11),
( 1.904, 3.88e+11),
( 1.907, 3.88e+11),
( 1.910, 3.90e+11),
( 1.914, 3.92e+11),
( 1.917, 3.95e+11),
( 1.920, 3.95e+11),
( 1.924, 3.99e+11),
( 1.927, 4.01e+11),
( 1.930, 4.03e+11),
( 1.934, 4.05e+11),
( 1.937, 4.07e+11),
( 1.941, 4.09e+11),
( 1.944, 4.11e+11),
( 1.947, 4.14e+11),
( 1.951, 4.15e+11),
( 1.954, 4.16e+11),
( 1.958, 4.19e+11),
( 1.961, 4.20e+11),
( 1.964, 4.23e+11),
( 1.968, 4.23e+11),
( 1.971, 4.24e+11),
( 1.974, 4.26e+11),
( 1.978, 4.31e+11),
( 1.981, 4.35e+11),
( 1.985, 4.36e+11),
( 1.988, 4.40e+11),
( 1.991, 4.41e+11),
( 1.995, 4.45e+11),
( 1.998, 4.49e+11),
( 2.001, 4.55e+11),
( 2.005, 4.57e+11),
( 2.008, 4.56e+11),
( 2.011, 4.59e+11),
( 2.015, 4.61e+11),
( 2.018, 4.66e+11),
( 2.022, 4.68e+11),
( 2.025, 4.71e+11),
( 2.028, 4.74e+11),
( 2.032, 4.75e+11),
( 2.035, 4.76e+11),
( 2.038, 4.73e+11),
( 2.042, 4.74e+11),
( 2.045, 4.71e+11),
( 2.049, 4.71e+11),
( 2.052, 4.69e+11),
( 2.055, 4.67e+11),
( 2.059, 4.64e+11),
( 2.062, 4.61e+11),
( 2.066, 4.59e+11),
( 2.069, 4.59e+11),
( 2.072, 4.59e+11),
( 2.076, 4.59e+11),
( 2.079, 4.61e+11),
( 2.082, 4.61e+11),
( 2.086, 4.59e+11),
( 2.089, 4.57e+11),
( 2.092, 4.56e+11),
( 2.096, 4.59e+11),
( 2.099, 4.58e+11),
( 2.103, 4.57e+11),
( 2.106, 4.55e+11),
( 2.109, 4.53e+11),
( 2.113, 4.51e+11),
( 2.116, 4.51e+11),
( 2.119, 4.49e+11),
( 2.123, 4.49e+11),
( 2.126, 4.50e+11),
( 2.130, 4.51e+11),
( 2.133, 4.50e+11),
( 2.136, 4.50e+11),
( 2.140, 4.49e+11),
( 2.143, 4.50e+11),
( 2.147, 4.48e+11),
( 2.150, 4.45e+11),
( 2.153, 4.41e+11),
( 2.157, 4.39e+11),
( 2.160, 4.35e+11),
( 2.163, 4.31e+11),
( 2.167, 4.32e+11),
( 2.170, 4.34e+11),
( 2.174, 4.31e+11),
( 2.177, 4.31e+11),
( 2.180, 4.25e+11),
( 2.184, 4.24e+11),
( 2.187, 4.21e+11),
( 2.190, 4.19e+11),
( 2.194, 4.13e+11),
( 2.197, 4.12e+11),
( 2.200, 4.08e+11),
( 2.204, 4.03e+11),
( 2.207, 4.02e+11),
( 2.211, 3.99e+11),
( 2.214, 3.98e+11),
( 2.217, 3.95e+11),
( 2.221, 3.92e+11),
( 2.224, 3.91e+11),
( 2.228, 3.87e+11),
( 2.231, 3.85e+11),
( 2.234, 3.82e+11),
( 2.238, 3.83e+11),
( 2.241, 3.78e+11),
( 2.244, 3.76e+11),
( 2.248, 3.73e+11),
( 2.251, 3.71e+11),
( 2.255, 3.69e+11),
( 2.258, 3.68e+11),
( 2.261, 3.65e+11),
( 2.265, 3.63e+11),
( 2.268, 3.61e+11),
( 2.271, 3.59e+11),
( 2.275, 3.55e+11),
( 2.278, 3.52e+11),
( 2.281, 3.51e+11),
( 2.285, 3.49e+11),
( 2.288, 3.46e+11),
( 2.292, 3.44e+11),
( 2.295, 3.43e+11),
( 2.298, 3.39e+11),
( 2.302, 3.39e+11),
( 2.305, 3.38e+11),
( 2.308, 3.35e+11),
( 2.312, 3.33e+11),
( 2.315, 3.35e+11),
( 2.319, 3.33e+11),
( 2.322, 3.33e+11),
( 2.325, 3.30e+11),
( 2.329, 3.30e+11),
( 2.332, 3.29e+11),
( 2.336, 3.29e+11),
( 2.339, 3.29e+11),
( 2.342, 3.25e+11),
( 2.346, 3.27e+11),
( 2.349, 3.25e+11),
( 2.352, 3.23e+11),
( 2.356, 3.22e+11),
( 2.359, 3.19e+11),
( 2.362, 3.20e+11),
( 2.366, 3.20e+11),
( 2.369, 3.19e+11),
( 2.373, 3.16e+11),
( 2.376, 3.15e+11),
( 2.379, 3.16e+11),
( 2.383, 3.16e+11),
( 2.386, 3.14e+11),
( 2.389, 3.13e+11),
( 2.393, 3.13e+11),
( 2.396, 3.14e+11),
( 2.400, 3.13e+11),
( 2.403, 3.12e+11),
( 2.406, 3.10e+11),
( 2.410, 3.09e+11),
( 2.413, 3.09e+11),
( 2.417, 3.10e+11),
( 2.420, 3.09e+11),
( 2.423, 3.07e+11),
( 2.427, 3.05e+11),
( 2.430, 3.06e+11),
( 2.433, 3.04e+11),
( 2.437, 3.05e+11),
( 2.440, 3.05e+11),
( 2.444, 3.07e+11),
( 2.447, 3.09e+11),
( 2.450, 3.10e+11),
( 2.454, 3.07e+11),
( 2.457, 3.08e+11),
( 2.460, 3.09e+11),
( 2.464, 3.09e+11),
( 2.467, 3.10e+11),
( 2.470, 3.10e+11),
( 2.474, 3.07e+11),
( 2.477, 3.07e+11),
( 2.481, 3.09e+11),
( 2.484, 3.07e+11),
( 2.487, 3.09e+11),
( 2.491, 3.08e+11),
( 2.494, 3.08e+11),
( 2.498, 3.07e+11),
( 2.501, 3.04e+11),
( 2.504, 3.02e+11),
( 2.508, 3.03e+11),
( 2.511, 3.05e+11),
( 2.514, 3.04e+11),
( 2.518, 3.03e+11),
( 2.521, 3.05e+11),
( 2.525, 3.04e+11),
( 2.528, 3.04e+11),
( 2.531, 3.04e+11),
( 2.535, 3.03e+11),
( 2.538, 3.02e+11),
( 2.541, 3.04e+11),
( 2.545, 3.05e+11),
( 2.548, 3.02e+11),
( 2.551, 3.00e+11),
( 2.555, 3.02e+11),
( 2.558, 3.03e+11),
( 2.562, 3.02e+11),
( 2.565, 2.99e+11),
( 2.568, 2.97e+11),
( 2.572, 2.98e+11),
( 2.575, 2.97e+11),
( 2.578, 2.96e+11),
( 2.582, 2.98e+11),
( 2.585, 2.95e+11),
( 2.589, 2.96e+11),
( 2.592, 2.93e+11),
( 2.595, 2.92e+11),
( 2.599, 2.94e+11),
( 2.602, 2.90e+11),
( 2.606, 2.89e+11),
( 2.609, 2.90e+11),
( 2.612, 2.87e+11),
( 2.616, 2.82e+11),
( 2.619, 2.79e+11),
( 2.622, 2.76e+11),
( 2.626, 2.78e+11),
( 2.629, 2.76e+11),
( 2.632, 2.71e+11),
( 2.636, 2.69e+11),
( 2.639, 2.66e+11),
( 2.643, 2.63e+11),
( 2.646, 2.61e+11),
( 2.649, 2.59e+11),
( 2.653, 2.57e+11),
( 2.656, 2.56e+11),
( 2.659, 2.53e+11),
( 2.663, 2.52e+11),
( 2.666, 2.48e+11),
( 2.670, 2.47e+11),
( 2.673, 2.43e+11),
( 2.676, 2.42e+11),
( 2.680, 2.39e+11),
( 2.683, 2.36e+11),
( 2.687, 2.34e+11),
( 2.690, 2.31e+11),
( 2.693, 2.28e+11),
( 2.697, 2.23e+11),
( 2.700, 2.21e+11),
( 2.703, 2.17e+11),
( 2.707, 2.16e+11),
( 2.710, 2.11e+11),
( 2.714, 2.07e+11),
( 2.717, 2.04e+11),
( 2.720, 2.03e+11),
( 2.724, 2.00e+11),
( 2.727, 1.97e+11),
( 2.730, 1.94e+11),
( 2.734, 1.92e+11),
( 2.737, 1.89e+11),
( 2.740, 1.90e+11),
( 2.744, 1.87e+11),
( 2.747, 1.85e+11),
( 2.751, 1.82e+11),
( 2.754, 1.82e+11),
( 2.757, 1.79e+11),
( 2.761, 1.77e+11),
( 2.764, 1.75e+11),
( 2.768, 1.74e+11),
( 2.771, 1.71e+11),
( 2.774, 1.68e+11),
( 2.778, 1.66e+11),
( 2.781, 1.63e+11),
( 2.784, 1.58e+11),
( 2.788, 1.55e+11),
( 2.791, 1.53e+11),
( 2.795, 1.49e+11),
( 2.798, 1.47e+11),
( 2.801, 1.47e+11),
( 2.805, 1.44e+11),
( 2.808, 1.42e+11),
( 2.811, 1.40e+11),
( 2.815, 1.39e+11),
( 2.818, 1.37e+11),
( 2.821, 1.33e+11),
( 2.825, 1.31e+11),
( 2.828, 1.27e+11),
( 2.832, 1.26e+11),
( 2.835, 1.23e+11),
( 2.838, 1.21e+11),
( 2.842, 1.19e+11),
( 2.845, 1.17e+11),
( 2.848, 1.14e+11),
( 2.852, 1.13e+11),
( 2.855, 1.10e+11),
( 2.859, 1.08e+11),
( 2.862, 1.06e+11),
( 2.865, 1.03e+11),
( 2.869, 1.00e+11),
( 2.872, 9.85e+10),
( 2.876, 9.71e+10),
( 2.879, 9.55e+10),
( 2.882, 9.37e+10),
( 2.886, 8.96e+10),
( 2.889, 8.69e+10),
( 2.892, 8.67e+10),
( 2.896, 8.54e+10),
( 2.899, 8.23e+10),
( 2.902, 8.06e+10),
( 2.906, 7.73e+10),
( 2.909, 7.51e+10),
( 2.913, 7.47e+10),
( 2.916, 7.50e+10),
( 2.919, 7.23e+10),
( 2.923, 7.07e+10),
( 2.926, 6.87e+10),
( 2.929, 6.65e+10),
( 2.933, 6.56e+10),
( 2.936, 6.48e+10),
( 2.940, 6.23e+10),
( 2.943, 5.91e+10),
( 2.946, 5.93e+10),
( 2.950, 5.82e+10),
( 2.953, 5.59e+10),
( 2.957, 5.58e+10),
( 2.960, 5.35e+10),
( 2.963, 5.30e+10),
( 2.967, 4.94e+10),
( 2.970, 4.88e+10),
( 2.973, 4.82e+10),
( 2.977, 4.61e+10),
( 2.980, 4.44e+10),
( 2.984, 4.51e+10),
( 2.987, 4.38e+10),
( 2.990, 4.18e+10),
( 2.994, 4.19e+10),
( 2.997, 3.99e+10),
( 3.000, 3.86e+10),
( 3.004, 3.87e+10),
( 3.007, 3.76e+10),
( 3.010, 3.68e+10),
( 3.014, 3.67e+10),
( 3.017, 3.39e+10),
( 3.021, 3.22e+10),
( 3.024, 3.21e+10),
( 3.027, 3.12e+10),
( 3.031, 3.18e+10),
( 3.034, 3.02e+10),
( 3.038, 2.94e+10),
( 3.041, 3.02e+10),
( 3.044, 3.05e+10),
( 3.048, 2.78e+10),
( 3.051, 2.71e+10),
( 3.054, 2.79e+10),
( 3.058, 2.71e+10),
( 3.061, 2.42e+10),
( 3.065, 2.33e+10),
( 3.068, 2.32e+10),
( 3.071, 2.45e+10),
( 3.075, 2.43e+10),
( 3.078, 2.24e+10),
( 3.081, 2.21e+10),
( 3.085, 2.03e+10),
( 3.088, 2.01e+10),
( 3.091, 2.15e+10),
( 3.095, 2.13e+10),
( 3.098, 1.91e+10),
( 3.102, 1.88e+10),
( 3.105, 1.95e+10),
( 3.108, 1.98e+10),
( 3.112, 1.92e+10),
( 3.115, 1.83e+10),
( 3.118, 1.78e+10),
( 3.122, 1.76e+10),
( 3.125, 1.92e+10),
( 3.129, 1.71e+10),
( 3.132, 1.60e+10),
( 3.135, 1.81e+10),
( 3.139, 1.50e+10),
( 3.142, 1.54e+10),
( 3.146, 1.42e+10),
( 3.149, 1.37e+10),
( 3.152, 1.30e+10),
( 3.156, 1.29e+10),
( 3.159, 1.38e+10),
( 3.162, 1.40e+10),
( 3.166, 1.25e+10),
( 3.169, 1.38e+10),
( 3.172, 1.33e+10),
( 3.176, 1.20e+10),
( 3.179, 1.22e+10),
( 3.183, 1.33e+10),
( 3.186, 1.20e+10),
( 3.189, 1.06e+10),
( 3.193, 1.14e+10),
( 3.196, 1.11e+10),
( 3.199, 1.16e+10),
( 3.203, 1.12e+10),
( 3.206, 1.07e+10),
( 3.210, 1.05e+10),
( 3.213, 1.14e+10),
( 3.216, 1.14e+10),
( 3.220, 1.01e+10),
( 3.223, 8.42e+09),
( 3.227, 7.40e+09),
( 3.230, 9.09e+09),
( 3.233, 8.31e+09),
( 3.237, 8.61e+09),
( 3.240, 9.51e+09),
( 3.243, 7.06e+09),
( 3.247, 7.13e+09),
( 3.250, 6.82e+09),
( 3.254, 7.42e+09),
( 3.257, 7.70e+09),
( 3.260, 7.69e+09),
( 3.264, 7.70e+09),
( 3.267, 5.03e+09),
( 3.270, 4.70e+09),
( 3.274, 7.28e+09),
( 3.277, 6.40e+09),
( 3.280, 7.22e+09),
( 3.284, 7.63e+09),
( 3.287, 6.86e+09),
( 3.291, 7.29e+09),
( 3.294, 6.27e+09),
( 3.297, 7.03e+09),
( 3.301, 8.52e+09),
( 3.304, 6.95e+09),
( 3.308, 6.70e+09),
( 3.311, 7.40e+09),
( 3.314, 5.47e+09),
( 3.318, 4.92e+09),
( 3.321, 5.99e+09),
( 3.324, 6.44e+09),
( 3.328, 4.70e+09),
( 3.331, 4.26e+09),
( 3.335, 3.96e+09),
( 3.338, 4.72e+09),
( 3.341, 4.59e+09),
( 3.345, 4.91e+09),
( 3.348, 3.73e+09),
( 3.351, 2.68e+09),
( 3.355, 5.30e+09),
( 3.358, 3.83e+09),
( 3.361, 4.34e+09),
( 3.365, 4.36e+09),
( 3.368, 2.63e+09),
( 3.372, 1.51e+09),
( 3.375, 3.21e+09),
( 3.378, 3.89e+09),
( 3.382, 2.77e+09),
( 3.385, 3.59e+09),
( 3.388, 1.69e+09),
( 3.392, 3.74e+09),
( 3.395, 4.50e+09),
( 3.399, 4.63e+09),
( 3.402, 4.32e+09),
( 3.405, 3.99e+09),
( 3.409, 3.96e+09),
( 3.412, 1.82e+09),
( 3.416, 2.63e+09),
( 3.419, 2.81e+09),
( 3.422, 2.49e+09),
( 3.426, 1.31e+09),
( 3.429, 1.91e+09),
( 3.432, 3.14e+09),
( 3.436, 1.94e+09),
( 3.439, 1.38e+09),
( 3.442, 1.44e+09),
( 3.446, 2.90e+09),
( 3.449, 1.70e+09),
( 3.453, 3.21e+09),
( 3.456, 2.11e+09),
( 3.459, 1.47e+09),
( 3.463, 2.51e+09),
( 3.466, 2.64e+09),
( 3.469, 3.84e+09),
( 3.473, 2.88e+09),
( 3.476, 2.85e+09),
( 3.480, 1.43e+09),
( 3.483, 8.01e+08),
( 3.486, 1.88e+09),
( 3.490, 2.40e+09),
( 3.493, 1.97e+09),
( 3.497, 1.08e+09),
( 3.500, 1.22e+09),
( 3.503,-2.51e+08),
( 3.507, 1.45e+09),
( 3.510, 1.46e+09),
( 3.513, 1.41e+09),
( 3.517, 1.99e+09),
( 3.520, 3.24e+09),
( 3.524, 1.46e+09),
( 3.527, 3.08e+09),
( 3.530, 1.90e+09),
( 3.534, 3.40e+09),
( 3.537, 3.05e+09),
( 3.540, 7.76e+08),
( 3.544, 2.88e+09),
( 3.547, 1.25e+09),
( 3.550, 1.45e+09),
( 3.554, 2.30e+09),
( 3.557, 1.52e+09),
( 3.561, 7.27e+08),
( 3.564, 1.94e+09),
( 3.567, 1.41e+09),
( 3.571,-4.23e+08),
( 3.574, 1.03e+09),
( 3.578,-3.16e+08),
( 3.581, 1.62e+09),
( 3.584, 1.84e+09),
( 3.588, 2.95e+09),
( 3.591, 1.52e+09),
( 3.594, 2.78e+09),
( 3.598, 3.83e+09),
( 3.601, 2.76e+09),
( 3.605, 1.38e+09),
( 3.608, 1.91e+09),
( 3.611, 1.71e+09),
( 3.615, 2.76e+09),
( 3.618, 7.27e+08),
( 3.621, 1.73e+09),
( 3.625, 1.93e+09),
( 3.628, 1.42e+09),
( 3.631, 2.50e+09),
( 3.635, 2.90e+09),
( 3.638, 3.77e+09),
( 3.642, 3.25e+08),
( 3.645, 2.47e+09),
( 3.648, 1.90e+09),
( 3.652, 2.07e+09),
( 3.655, 3.23e+09),
( 3.658, 2.60e+09),
( 3.662, 3.50e+09),
( 3.665, 1.58e+09),
( 3.669, 1.46e+09),
( 3.672,-7.44e+08),
( 3.675, 1.36e+08),
( 3.679, 7.68e+08),
( 3.682, 1.03e+09),
( 3.686, 2.13e+09),
( 3.689, 2.33e+09),
( 3.692, 1.86e+09),
( 3.696, 8.91e+08),
( 3.699, 1.61e+09),
( 3.702, 9.00e+08),
( 3.706, 2.05e+07),
( 3.709, 7.19e+08),
( 3.712,-4.31e+08),
( 3.716,-5.46e+08),
( 3.719,-1.52e+08),
( 3.723, 1.44e+08),
( 3.726,-2.18e+08),
( 3.729,-1.15e+09),
( 3.733, 3.33e+08),
( 3.736, 1.95e+09),
( 3.739, 5.13e+08),
( 3.743,-5.38e+08),
( 3.746, 6.86e+08),
( 3.750, 8.59e+08),
( 3.753, 1.06e+09),
( 3.756,-7.85e+08),
( 3.760, 9.65e+08),
( 3.763, 1.27e+09),
( 3.767, 1.60e+08),
( 3.770, 1.15e+09),
( 3.773, 1.01e+09),
( 3.777, 2.77e+09),
( 3.780, 2.16e+09),
( 3.783, 9.90e+08),
( 3.787, 1.08e+09),
( 3.790,-2.75e+08),
( 3.794, 1.12e+09),
( 3.797, 1.94e+09),
( 3.800, 9.24e+08),
( 3.804, 1.23e+09),
( 3.807, 1.48e+09),
( 3.810, 2.31e+09),
( 3.814, 6.70e+08),
( 3.817, 8.75e+08),
( 3.820, 8.67e+08),
( 3.824, 2.67e+08),
( 3.827,-1.22e+09),
( 3.831, 5.63e+08),
( 3.834, 6.53e+08),
( 3.837, 1.43e+09),
( 3.841, 6.04e+08),
( 3.844, 1.98e+09),
( 3.848, 1.10e+09),
( 3.851,-1.04e+09),
( 3.854,-5.05e+08),
( 3.858,-2.53e+09),
( 3.861, 9.44e+07),
( 3.864, 1.35e+09),
( 3.868, 1.83e+09),
( 3.871, 1.53e+09),
( 3.875, 7.52e+08),
( 3.878, 1.34e+09),
( 3.881, 9.08e+08),
( 3.885, 2.26e+08),
( 3.888,-2.51e+08),
( 3.891,-7.81e+07),
( 3.895, 6.37e+08),
( 3.898, 4.81e+08),
( 3.901, 8.91e+08),
( 3.905, 8.75e+08),
( 3.908, 2.49e+09),
( 3.912, 1.15e+09),
( 3.915, 1.15e+09),
( 3.918, 5.05e+08),
( 3.922, 2.09e+09),
( 3.925, 9.98e+08),
( 3.928, 2.42e+08),
( 3.932, 2.05e+07),
( 3.935,-1.36e+08),
( 3.939, 6.16e+07),
( 3.942, 1.43e+09),
( 3.945, 1.69e+09),
( 3.949, 2.09e+09),
( 3.952, 7.27e+08),
( 3.956, 9.57e+08),
( 3.959, 9.57e+08),
( 3.962, 1.20e+09),
( 3.966, 1.71e+09),
( 3.969, 2.01e+08),
( 3.972,-6.86e+08),
( 3.976, 6.53e+08),
( 3.979, 1.08e+09),
( 3.982, 2.87e+07),
( 3.986, 6.16e+07),
( 3.989, 2.75e+08),
( 3.993, 1.04e+09),
( 3.996, 3.33e+08),
( 3.999, 1.85e+09),
( 4.003, 5.22e+08),
( 4.006, 6.53e+08),
( 4.009, 1.66e+09),
( 4.013, 8.09e+08),
( 4.016, 1.60e+09),
( 4.020, 1.08e+09),
( 4.023, 1.51e+09),
( 4.026,-1.02e+09),
( 4.030, 5.46e+08),
( 4.033, 1.93e+08),
( 4.037, 8.91e+08),
( 4.040, 2.12e+09),
( 4.043, 3.74e+08),
( 4.047,-1.44e+09),
( 4.050, 1.53e+09),
( 4.053, 1.53e+09),
( 4.057,-2.42e+08),
( 4.060, 1.03e+09),
( 4.064, 1.06e+09),
( 4.067, 2.27e+09),
( 4.070, 1.33e+09),
( 4.074,-3.57e+08),
( 4.077,-1.29e+09),
( 4.080, 1.87e+09),
( 4.084,-3.74e+08),
( 4.087, 1.75e+09),
( 4.090, 2.67e+08),
( 4.094,-1.25e+09),
( 4.097, 4.56e+08),
( 4.101, 1.61e+09),
( 4.104, 4.81e+08),
( 4.107, 8.42e+08),
( 4.111, 4.89e+08),
( 4.114, 3.33e+08),
( 4.118, 1.58e+09),
( 4.121, 5.22e+08),
( 4.124, 1.57e+09),
( 4.128, 5.30e+08),
( 4.131, 7.27e+08),
( 4.134, 1.96e+09),
( 4.138, 2.42e+08),
( 4.141, 1.11e+09),
( 4.145, 2.18e+09),
( 4.148, 5.55e+08),
( 4.151, 4.81e+08),
( 4.155, 2.63e+09),
( 4.158, 5.46e+08),
( 4.161, 4.72e+08),
( 4.165, 9.98e+08),
( 4.168, 6.12e+08),
( 4.171, 7.93e+08),
( 4.175, 1.14e+09),
( 4.178, 1.24e+09),
( 4.182,-5.14e+08),
( 4.185, 1.44e+09),
( 4.188, 9.49e+08),
( 4.192, 1.09e+09),
( 4.195,-4.89e+08),
( 4.198, 7.93e+08),
( 4.202, 4.07e+08),
( 4.205, 5.87e+08),
( 4.209, 1.95e+09),
( 4.212, 1.13e+09),
( 4.215, 6.86e+08),
( 4.219, 1.20e+09),
( 4.222, 3.98e+08),
( 4.226, 2.71e+09),
( 4.229, 7.27e+08),
( 4.232, 2.26e+08),
( 4.236, 1.03e+09),
( 4.239, 4.56e+08),
( 4.242,-1.38e+09),
( 4.246, 1.05e+09),
( 4.249, 1.52e+09),
( 4.252, 2.34e+08),
( 4.256, 1.25e+09),
( 4.259, 9.65e+08),
( 4.263, 1.17e+09),
( 4.266, 3.74e+08),
( 4.269,-1.27e+08),
( 4.273, 1.44e+09),
( 4.276, 1.27e+09),
( 4.279, 1.57e+09),
( 4.283, 9.00e+08),
( 4.286, 6.70e+08),
( 4.290, 4.97e+08),
( 4.293, 2.09e+08),
( 4.296,-4.73e+08),
( 4.300, 1.55e+09),
( 4.303, 1.01e+09),
( 4.307, 5.63e+08),
( 4.310,-4.89e+08),
( 4.313, 1.01e+09),
( 4.317,-1.24e+07),
( 4.320,-1.11e+09),
( 4.323,-2.06e+07),
( 4.327, 9.24e+08),
( 4.330,-2.26e+08),
( 4.334, 2.87e+07),
( 4.337,-4.73e+08),
( 4.340,-4.97e+08),
( 4.344,-3.74e+08),
( 4.347, 8.67e+08),
( 4.350,-1.15e+09),
( 4.354,-3.74e+08),
( 4.357, 1.77e+08),
( 4.360, 1.29e+09),
( 4.364,-3.33e+08),
( 4.367, 9.57e+08),
( 4.371, 8.01e+08),
( 4.374,-1.96e+09),
( 4.377,-3.99e+08),
( 4.381, 2.38e+09),
( 4.384, 2.18e+09),
( 4.388,-1.56e+09),
( 4.391,-8.01e+08),
( 4.394,-8.92e+08),
( 4.398, 6.37e+08),
( 4.401, 2.92e+08),
( 4.404,-1.20e+09),
( 4.408,-5.30e+08),
( 4.411, 1.48e+09),
( 4.415,-1.70e+09),
( 4.418, 4.40e+08),
( 4.421, 6.94e+08),
( 4.425, 7.02e+08),
( 4.428,-7.27e+08),
( 4.431, 1.23e+09),
( 4.435, 1.52e+08),
( 4.438,-2.92e+08),
( 4.441,-5.96e+08),
( 4.445, 8.91e+08),
( 4.448, 3.90e+08),
( 4.452, 3.33e+08),
( 4.455, 3.90e+08),
( 4.458, 7.52e+08),
( 4.462,-9.16e+08),
( 4.465, 1.12e+09),
( 4.468, 8.09e+08),
( 4.472, 1.28e+09),
( 4.475, 1.64e+09),
( 4.479, 1.11e+09),
( 4.482, 1.43e+09),
( 4.485, 4.23e+08),
( 4.489,-5.79e+08),
( 4.492, 1.56e+09),
( 4.496, 3.98e+08),
( 4.499, 3.08e+08),
( 4.502, 5.46e+08),
( 4.506, 1.23e+07),
( 4.509,-4.97e+08),
( 4.512, 1.30e+09),
( 4.516, 9.74e+08),
( 4.519, 3.41e+08),
( 4.522, 2.46e+09),
( 4.526, 5.34e+07),
( 4.529, 8.42e+08),
( 4.533, 7.19e+08),
( 4.536, 3.25e+08),
( 4.539, 2.51e+08),
( 4.543, 1.79e+09),
( 4.546, 3.49e+08),
( 4.549, 5.46e+08),
( 4.553, 1.07e+09),
( 4.556, 1.56e+09),
( 4.560,-6.17e+07),
( 4.563, 5.79e+08),
( 4.566, 6.94e+08),
( 4.570,-9.45e+07),
( 4.573, 8.59e+08),
( 4.577, 1.10e+09),
( 4.580, 8.18e+08),
( 4.583, 4.40e+08),
( 4.587,-9.45e+07),
( 4.590,-7.44e+08),
( 4.593, 1.11e+09),
( 4.597, 3.98e+08),
( 4.600,-4.15e+08),
( 4.604, 8.18e+08),
( 4.607, 9.00e+08),
( 4.610, 2.18e+08),
( 4.614, 9.74e+08),
( 4.617,-2.42e+08),
( 4.620, 2.83e+08),
( 4.624, 1.08e+09),
( 4.627, 2.83e+08),
( 4.630, 7.68e+08),
( 4.634,-6.78e+08),
( 4.637, 3.33e+08),
( 4.641,-4.16e+06),
( 4.644, 1.24e+09),
( 4.647,-4.81e+08),
( 4.651, 1.55e+09),
( 4.654, 1.19e+08),
( 4.658,-3.66e+08),
( 4.661,-7.44e+08),
( 4.664,-1.85e+09),
( 4.668, 1.85e+08),
( 4.671, 7.35e+08),
( 4.674, 5.34e+07),
( 4.678,-1.93e+08),
( 4.681,-6.94e+08),
( 4.685, 8.59e+08),
( 4.688,-1.07e+09),
( 4.691, 1.06e+09),
( 4.695, 1.19e+08),
( 4.698, 1.06e+09),
( 4.701,-1.43e+09),
( 4.705,-3.82e+08),
( 4.708, 1.02e+09),
( 4.711, 9.00e+08),
( 4.715, 4.51e+07),
( 4.718,-3.82e+08),
( 4.722,-3.57e+08),
( 4.725, 2.41e+09),
( 4.728,-1.19e+08),
( 4.732, 1.19e+08),
( 4.735,-5.38e+08),
( 4.738,-8.01e+08),
( 4.742,-3.74e+08),
( 4.745,-1.11e+08),
( 4.749, 1.36e+08),
( 4.752,-1.03e+08),
( 4.755, 1.43e+09),
( 4.759, 1.77e+08),
( 4.762,-2.51e+08),
( 4.766,-1.32e+09),
( 4.769, 6.98e+07),
( 4.772,-2.26e+08),
( 4.776, 5.87e+08),
( 4.779, 3.82e+08),
( 4.782,-1.11e+08),
( 4.786,-4.97e+08),
( 4.789, 8.83e+08),
( 4.792,-2.67e+08),
( 4.796, 2.42e+08),
( 4.799,-5.30e+08),
( 4.803, 3.98e+08),
( 4.806,-1.60e+08),
( 4.809,-1.11e+09),
( 4.813, 8.50e+08),
( 4.816,-7.81e+07),
( 4.819,-7.85e+08),
( 4.823,-5.22e+08),
( 4.826, 4.15e+08),
( 4.830,-1.62e+09),
( 4.833,-2.01e+08),
( 4.836, 2.07e+09),
( 4.840, 7.19e+08),
( 4.843,-8.83e+08),
( 4.847,-4.15e+08),
( 4.850, 4.72e+08),
( 4.853, 1.88e+09),
( 4.857,-2.84e+08),
( 4.860,-3.82e+08),
( 4.863,-8.59e+08),
( 4.867,-6.78e+08),
( 4.870, 8.67e+08),
( 4.874, 1.35e+09),
( 4.877,-9.24e+08),
( 4.880, 5.63e+08),
( 4.884, 7.68e+08),
( 4.887, 8.83e+08),
( 4.890,-2.88e+07),
( 4.894,-2.34e+08),
( 4.897, 3.98e+08),
( 4.900, 2.75e+08),
( 4.904,-6.53e+08),
( 4.907, 1.30e+09),
( 4.911,-1.01e+09),
( 4.914, 3.49e+08),
( 4.917, 1.36e+08),
( 4.921, 1.29e+09),
( 4.924,-6.45e+08),
( 4.928, 1.84e+09),
( 4.931,-7.35e+08),
( 4.934,-2.67e+08),
( 4.938, 1.10e+09),
( 4.941,-4.31e+08),
( 4.944, 2.59e+08),
( 4.948, 1.11e+09),
( 4.951, 8.50e+08),
( 4.955,-1.93e+08),
( 4.958, 1.15e+09),
( 4.961, 3.66e+08),
( 4.965, 7.11e+08),
( 4.968, 3.66e+08),
( 4.971,-6.17e+07),
( 4.975, 1.43e+09),
( 4.978, 7.27e+08),
( 4.981,-2.10e+08),
( 4.985, 7.68e+08),
( 4.988, 5.34e+07),
( 4.992,-6.78e+08),
( 4.995,-2.92e+08),
( 4.998, 4.89e+08),
( 5.002, 2.40e+09),
( 5.005, 1.93e+08),
( 5.008, 4.23e+08),
( 5.012,-1.44e+08),
( 5.015, 9.16e+08),
( 5.019, 1.85e+08),
( 5.022, 8.26e+08),
( 5.025, 3.25e+08),
( 5.029, 1.77e+09),
( 5.032, 1.39e+09),
( 5.036, 5.34e+07),
( 5.039, 1.48e+09),
( 5.042, 1.02e+09),
( 5.046, 2.59e+08),
( 5.049,-3.70e+07),
( 5.052, 2.26e+08),
( 5.056, 5.46e+08),
( 5.059, 7.44e+08),
( 5.062,-8.18e+08),
( 5.066, 6.94e+08),
( 5.069, 1.09e+09),
( 5.073, 3.00e+08),
( 5.076, 6.53e+08),
( 5.079, 3.66e+08),
( 5.083, 5.30e+08),
( 5.086,-1.07e+09),
( 5.089, 1.47e+09),
( 5.093, 5.63e+08),
( 5.096, 8.18e+08),
( 5.100,-9.66e+08),
( 5.103,-2.59e+08),
( 5.106,-7.68e+08),
( 5.110,-2.75e+08),
( 5.113, 3.16e+08),
( 5.117,-1.77e+08),
( 5.120, 2.75e+08),
( 5.123,-6.29e+08),
( 5.127,-4.15e+08),
( 5.130, 1.66e+09),
( 5.133, 1.22e+09),
( 5.137,-7.81e+07),
( 5.140, 8.67e+08),
( 5.144, 2.20e+09),
( 5.147, 5.87e+08),
( 5.150, 5.34e+07),
( 5.154, 8.59e+08),
( 5.157, 1.49e+09),
( 5.160, 4.23e+08),
( 5.164, 1.08e+09),
( 5.167, 3.82e+08),
( 5.170, 6.53e+08),
( 5.174, 3.00e+08),
( 5.177,-7.81e+07),
( 5.181, 1.73e+09),
( 5.184, 1.41e+09),
( 5.187, 5.46e+08),
( 5.191, 1.18e+09),
( 5.194, 8.50e+08),
( 5.198, 7.27e+08),
( 5.201,-6.78e+08),
( 5.204, 6.45e+08),
( 5.208,-5.30e+08),
( 5.211,-9.16e+08),
( 5.214, 3.74e+08),
( 5.218, 8.50e+08),
( 5.221, 7.52e+08),
( 5.225, 6.94e+08),
( 5.228,-1.19e+09),
( 5.231, 7.80e+07),
( 5.235,-2.18e+08),
( 5.238, 7.60e+08),
( 5.241, 7.85e+08),
( 5.245,-2.01e+08),
( 5.248,-1.12e+09),
( 5.251,-4.48e+08),
( 5.255,-5.63e+08),
( 5.258,-7.93e+08),
( 5.262, 7.52e+08),
( 5.265,-6.29e+08),
( 5.268, 9.44e+07),
( 5.272, 1.16e+09),
( 5.275, 1.36e+09),
( 5.278,-3.00e+08),
( 5.282, 9.00e+08),
( 5.285, 6.29e+08),
( 5.289,-1.01e+09),
( 5.292, 9.49e+08),
( 5.295, 6.20e+08),
( 5.299, 3.98e+08),
( 5.302, 4.56e+08),
( 5.306, 7.52e+08),
( 5.309, 2.18e+08),
( 5.312, 1.03e+09),
( 5.316, 8.67e+08),
( 5.319, 2.87e+07),
( 5.322, 4.07e+08),
( 5.326, 2.83e+08),
( 5.329, 3.16e+08),
( 5.332,-6.17e+07),
( 5.336, 8.01e+08),
( 5.339, 3.49e+08),
( 5.343,-1.26e+09),
( 5.346,-4.15e+08),
( 5.349, 7.35e+08),
( 5.353,-2.75e+08),
( 5.356, 6.20e+08),
( 5.359, 5.38e+08),
( 5.363,-1.24e+09),
( 5.366, 2.59e+08),
( 5.370, 1.23e+07),
( 5.373, 1.77e+08),
( 5.376, 8.09e+08),
( 5.380, 2.05e+07),
( 5.383,-3.25e+08),
( 5.387,-4.56e+08),
( 5.390,-1.19e+08),
( 5.393, 4.31e+08),
( 5.397,-7.77e+08),
( 5.400,-4.15e+08),
( 5.403, 1.52e+09),
( 5.407,-3.74e+08),
( 5.410,-6.12e+08),
( 5.414, 1.23e+09),
( 5.417, 4.06e+06),
( 5.420,-6.04e+08),
( 5.424, 5.96e+08),
( 5.427, 7.60e+08),
( 5.430,-3.05e+09),
( 5.434, 8.62e+07),
( 5.437,-6.99e+07),
( 5.440, 3.00e+08),
( 5.444, 1.14e+09),
( 5.447,-1.52e+08),
( 5.451,-6.99e+07),
( 5.454, 8.91e+08),
( 5.457, 1.82e+09),
( 5.461,-2.75e+08),
( 5.464,-4.15e+08),
( 5.468, 8.26e+08),
( 5.471,-3.57e+08),
( 5.474, 1.39e+09),
( 5.478, 4.72e+08),
( 5.481, 6.37e+08),
( 5.484,-9.08e+08),
( 5.488,-2.11e+09),
( 5.491, 1.27e+09),
( 5.495, 8.42e+08),
( 5.498,-5.22e+08),
( 5.501,-1.89e+09),
( 5.505,-3.16e+08),
( 5.508, 4.48e+08),
( 5.511,-3.25e+08),
( 5.515, 1.44e+08),
( 5.518,-7.19e+08),
( 5.521,-4.31e+08),
( 5.525,-9.66e+08),
( 5.528, 7.52e+08),
( 5.532, 2.27e+09),
( 5.535,-9.74e+08),
( 5.538,-5.05e+08),
( 5.542,-5.63e+08),
( 5.545, 6.78e+08),
( 5.548, 1.05e+09),
( 5.552,-3.66e+08),
( 5.555, 1.40e+09),
( 5.559, 3.33e+08),
( 5.562, 1.52e+08),
( 5.565, 8.50e+08),
( 5.569,-9.82e+08),
( 5.572, 3.90e+08),
( 5.576,-1.85e+08),
( 5.579, 2.01e+08),
( 5.582, 1.43e+09),
( 5.586, 3.90e+08),
( 5.589,-2.92e+08),
( 5.592, 1.27e+08),
( 5.596, 3.98e+08),
( 5.599, 1.10e+09),
( 5.602,-2.51e+08),
( 5.606,-2.51e+08),
( 5.609, 4.40e+08),
( 5.613,-9.90e+08),
( 5.616,-6.29e+08),
( 5.619, 4.64e+08),
( 5.623,-1.03e+08),
( 5.626,-1.77e+08),
( 5.629,-3.99e+08),
( 5.633,-1.19e+08),
( 5.636, 9.82e+08),
( 5.640,-9.00e+08),
( 5.643, 2.18e+08),
( 5.646, 4.56e+08),
( 5.650, 5.38e+08),
( 5.653, 2.42e+08),
( 5.657,-2.88e+07),
( 5.660,-1.27e+08),
( 5.663,-8.01e+08),
( 5.667, 1.11e+08),
( 5.670, 6.94e+08),
( 5.673,-4.48e+08),
( 5.677, 2.75e+08),
( 5.680, 3.74e+08),
( 5.684,-1.97e+09),
( 5.687,-3.66e+08),
( 5.690,-6.86e+08),
( 5.694,-1.68e+08),
( 5.697, 4.31e+08),
( 5.700, 3.33e+08),
( 5.704, 1.03e+08),
( 5.707,-1.47e+09),
( 5.710, 2.42e+08),
( 5.714, 1.04e+09),
( 5.717, 2.59e+08),
( 5.721,-7.85e+08),
( 5.724, 3.57e+08),
( 5.727,-1.03e+08),
( 5.731, 9.49e+08),
( 5.734,-2.42e+08),
( 5.738, 4.64e+08),
( 5.741, 7.76e+08),
( 5.744, 8.83e+08),
( 5.748, 6.86e+08),
( 5.751,-3.66e+08),
( 5.754, 4.81e+08),
( 5.758, 8.42e+08),
( 5.761,-3.57e+08),
( 5.765,-2.34e+08),
( 5.768,-5.71e+08),
( 5.771, 1.28e+09),
( 5.775, 3.49e+08),
( 5.778,-1.01e+09),
( 5.781, 7.80e+07),
( 5.785, 9.00e+08),
( 5.788,-3.08e+08),
( 5.791,-3.70e+07),
( 5.795,-5.96e+08),
( 5.798,-1.24e+09),
( 5.802,-8.42e+08),
( 5.805, 1.20e+09),
( 5.808,-1.16e+09),
( 5.812,-5.22e+08),
( 5.815,-9.45e+07),
( 5.818, 5.34e+07),
( 5.822,-5.38e+08),
( 5.825, 6.16e+07),
( 5.829,-4.73e+08),
( 5.832, 1.68e+08),
( 5.835, 4.31e+08),
( 5.839, 3.16e+08),
( 5.842,-3.66e+08),
( 5.846,-1.89e+09),
( 5.849,-1.18e+09),
( 5.852, 1.11e+09),
( 5.856, 9.65e+08),
( 5.859,-6.20e+08),
( 5.862, 9.44e+07),
( 5.866,-1.58e+09),
( 5.869,-7.11e+08),
( 5.872, 9.24e+08),
( 5.876, 5.71e+08),
( 5.879,-1.72e+09),
( 5.883,-1.01e+09),
( 5.886,-2.22e+09),
( 5.889,-2.26e+09),
( 5.893,-6.62e+08),
( 5.896,-6.78e+08),
( 5.899,-2.06e+07),
( 5.903,-2.03e+09),
( 5.906, 2.28e+09),
( 5.910, 3.57e+08),
( 5.913,-1.52e+09),
( 5.916, 8.01e+08),
( 5.920,-1.79e+09),
( 5.923, 5.30e+08),
( 5.927,-5.55e+08),
( 5.930, 1.27e+08),
( 5.933, 2.42e+08),
( 5.937,-4.40e+08),
( 5.940,-1.10e+09),
( 5.943,-2.67e+08),
( 5.947,-9.45e+07),
( 5.950,-8.67e+08),
( 5.954,-2.67e+08),
( 5.957, 4.06e+06),
( 5.960, 4.06e+06),
( 5.964, 3.69e+07),
( 5.967,-1.25e+09),
( 5.970, 1.03e+08),
( 5.974, 6.94e+08),
( 5.977,-3.25e+08),
( 5.980, 9.33e+08),
( 5.984,-1.44e+08),
( 5.987,-8.67e+08),
( 5.991, 8.09e+08),
( 5.994, 1.17e+09),
( 5.997, 2.05e+07),
( 6.001,-7.68e+08),
( 6.004,-4.40e+08),
( 6.008, 4.64e+08),
( 6.011,-7.93e+08),
( 6.014, 1.93e+08),
( 6.018,-1.85e+08),
( 6.021,-8.01e+08),
( 6.024,-6.99e+07),
( 6.028,-4.23e+08),
( 6.031, 1.03e+08),
( 6.035,-2.72e+09),
( 6.038,-9.00e+08),
( 6.041, 9.44e+07),
( 6.045,-6.20e+08),
( 6.048, 5.96e+08),
( 6.051,-9.41e+08),
( 6.055,-5.46e+08),
( 6.058,-8.42e+08),
( 6.061, 5.30e+08),
( 6.065,-1.44e+09),
( 6.068,-2.26e+09),
( 6.072,-1.71e+09),
( 6.075,-1.34e+09),
( 6.078,-3.00e+09),
( 6.082,-2.01e+09),
( 6.085,-2.75e+08),
( 6.088,-5.79e+08),
( 6.092,-1.27e+09),
( 6.095,-8.26e+08),
( 6.099,-3.57e+08),
( 6.102,-8.92e+08),
( 6.105,-1.20e+09),
( 6.109,-3.33e+08),
( 6.112, 1.23e+07),
( 6.116,-1.65e+09),
( 6.119,-5.30e+08),
( 6.122, 1.85e+08),
( 6.126,-1.03e+09),
( 6.129, 1.19e+08),
( 6.132, 7.68e+08),
( 6.136, 8.34e+08),
( 6.139,-1.12e+09),
( 6.142,-4.56e+08),
( 6.146, 3.57e+08),
( 6.149,-5.63e+08),
( 6.153,-5.63e+08),
( 6.156,-6.86e+08),
( 6.159,-9.16e+08),
( 6.163,-3.99e+08),
( 6.166, 9.74e+08),
( 6.169,-5.79e+08),
( 6.173,-1.78e+09),
( 6.176,-2.68e+09),
( 6.180,-3.00e+08),
( 6.183,-9.24e+08),
( 6.186,-1.56e+09),
( 6.190, 2.51e+08),
( 6.193,-9.41e+08),
( 6.197,-2.37e+09),
( 6.200,-2.84e+08),
( 6.203, 1.42e+09),
( 6.207,-1.84e+09),
( 6.210,-2.26e+08),
( 6.213,-5.55e+08),
( 6.217,-3.74e+08),
( 6.220,-7.19e+08),
( 6.224, 1.85e+08),
( 6.227,-1.24e+09),
( 6.230,-9.16e+08),
( 6.234,-8.63e+07),
( 6.237,-3.74e+08),
( 6.240,-1.27e+08),
( 6.244,-1.52e+09),
( 6.247,-1.23e+09),
( 6.250,-6.04e+08),
( 6.254, 9.44e+07),
( 6.257,-7.52e+08),
( 6.261,-6.29e+08),
( 6.264,-1.73e+09),
( 6.267,-2.18e+09),
( 6.271,-1.68e+08),
( 6.274,-4.97e+08),
( 6.278,-3.00e+08),
( 6.281,-1.34e+09),
( 6.284,-4.81e+08),
( 6.288,-7.60e+08),
( 6.291,-1.47e+09),
( 6.294, 8.67e+08),
( 6.298,-1.48e+09),
( 6.301,-1.44e+09),
( 6.305,-2.92e+08),
( 6.308,-7.03e+08),
( 6.311,-1.93e+09),
( 6.315,-2.26e+08),
( 6.318,-9.98e+08),
( 6.321,-1.17e+09),
( 6.325,-2.13e+09),
( 6.328, 7.27e+08),
( 6.331,-1.15e+09),
( 6.335, 4.07e+08),
( 6.338,-1.37e+09),
( 6.342,-1.73e+09),
( 6.345, 4.64e+08),
( 6.348,-1.03e+08),
( 6.352,-8.42e+08),
( 6.355,-6.99e+07),
( 6.358, 5.55e+08),
( 6.362,-8.18e+08),
( 6.365,-6.53e+08),
( 6.369,-7.11e+08),
( 6.372, 1.33e+09),
( 6.375,-1.15e+09),
( 6.379,-3.57e+08),
( 6.382, 7.11e+08),
( 6.386,-1.10e+09),
( 6.389, 3.25e+08),
( 6.392,-3.66e+08),
( 6.396,-9.41e+08),
( 6.399,-1.17e+09),
( 6.402,-9.41e+08),
( 6.406,-3.74e+08),
( 6.409,-3.08e+08),
( 6.412, 4.06e+06),
( 6.416,-1.95e+09),
( 6.419, 1.68e+08),
( 6.423, 1.10e+09),
( 6.426,-1.58e+09),
( 6.429,-7.60e+08),
( 6.433,-3.66e+08),
( 6.436,-1.66e+09),
( 6.439,-7.35e+08),
( 6.443,-1.72e+09),
( 6.446,-5.71e+08),
( 6.450,-4.81e+08),
( 6.453,-6.37e+08),
( 6.456,-1.17e+09),
( 6.460,-2.42e+08),
( 6.463, 1.32e+09),
( 6.467,-4.52e+07),
( 6.470,-2.51e+08),
( 6.473, 1.11e+08),
( 6.477,-2.75e+08),
( 6.480, 1.23e+07),
( 6.483,-8.83e+08),
( 6.487, 1.52e+08),
( 6.490,-7.85e+08),
( 6.494, 3.16e+08),
( 6.497,-5.63e+08),
( 6.500,-1.03e+09),
( 6.504,-6.53e+08),
( 6.507,-1.52e+08),
( 6.510,-1.13e+09),
( 6.514,-5.88e+08),
( 6.517,-1.27e+09),
( 6.520, 3.69e+07),
( 6.524, 2.87e+07),
( 6.527, 4.07e+08),
( 6.531, 2.34e+08),
( 6.534,-6.94e+08),
( 6.537,-1.22e+09),
( 6.541, 8.34e+08),
( 6.544,-7.11e+08),
( 6.548,-4.52e+07),
( 6.551, 9.49e+08),
( 6.554,-1.74e+09),
( 6.558,-3.74e+08),
( 6.561,-1.75e+09),
( 6.564,-1.68e+09),
( 6.568,-2.07e+09),
( 6.571,-3.74e+08),
( 6.575,-1.85e+08),
( 6.578, 1.19e+08),
( 6.581,-6.29e+08),
( 6.585,-8.83e+08),
( 6.588,-3.33e+08),
( 6.591,-1.77e+08),
( 6.595,-1.24e+09),
( 6.598, 8.09e+08),
( 6.601,-1.36e+09),
( 6.605,-2.34e+08),
( 6.608, 9.33e+08),
( 6.612,-6.70e+08),
( 6.615,-3.57e+08),
( 6.618,-7.19e+08),
( 6.622, 1.01e+09),
( 6.625,-2.92e+08),
( 6.628,-3.57e+08),
( 6.632,-2.51e+08),
( 6.635,-2.51e+08),
( 6.639,-3.16e+08),
( 6.642,-3.99e+08),
( 6.645,-5.14e+08),
( 6.649,-2.67e+08),
( 6.652, 2.67e+08),
( 6.656,-1.13e+09),
( 6.659,-1.38e+09),
( 6.662,-9.90e+08),
( 6.666,-6.29e+08),
( 6.669,-2.51e+08),
( 6.672, 3.66e+08),
( 6.676,-1.43e+09),
( 6.679,-9.98e+08),
( 6.682,-1.59e+09),
( 6.686,-1.11e+08),
( 6.689,-1.71e+09),
( 6.693,-7.77e+08),
( 6.696,-2.11e+09),
( 6.699,-1.56e+09),
( 6.703, 3.25e+08),
( 6.706,-1.43e+09),
( 6.709, 9.49e+08),
( 6.713,-1.39e+09),
( 6.716,-9.49e+08),
( 6.720,-1.17e+09),
( 6.723,-1.33e+09),
( 6.726,-4.31e+08),
( 6.730,-1.49e+09),
( 6.733,-2.50e+09),
( 6.737,-2.42e+08),
( 6.740,-1.86e+09),
( 6.743,-2.44e+09),
( 6.747, 7.52e+08),
( 6.750,-1.13e+09),
( 6.753,-9.49e+08),
( 6.757,-8.18e+08),
( 6.760,-2.67e+08),
( 6.764,-1.09e+09),
( 6.767,-9.24e+08),
( 6.770,-9.66e+08),
( 6.774,-2.34e+08),
( 6.777,-1.34e+09),
( 6.780,-9.08e+08),
( 6.784, 5.30e+08),
( 6.787,-1.29e+09),
( 6.790,-5.55e+08),
( 6.794,-3.99e+08),
( 6.797, 2.75e+08),
( 6.801,-2.06e+07),
( 6.804, 1.30e+09),
( 6.807, 4.48e+08),
( 6.811, 5.34e+07),
( 6.814,-1.22e+09),
( 6.818,-8.09e+08),
( 6.821, 9.00e+08),
( 6.824,-4.16e+06),
( 6.828,-5.46e+08),
( 6.831, 6.53e+08),
( 6.834,-9.90e+08),
( 6.838,-3.08e+08),
( 6.841,-4.81e+08),
( 6.845, 5.34e+07),
( 6.848,-4.15e+08),
( 6.851,-1.68e+09),
( 6.855, 3.16e+08),
( 6.858, 5.55e+08),
( 6.861, 2.87e+07),
( 6.865, 4.51e+07),
( 6.868, 3.33e+08),
( 6.871,-1.06e+09),
( 6.875, 1.78e+09),
( 6.878,-7.81e+07),
( 6.882,-2.07e+09),
( 6.885, 9.44e+07),
( 6.888, 2.01e+08),
( 6.892, 4.56e+08),
( 6.895, 4.40e+08),
( 6.898, 1.51e+09),
( 6.902, 5.71e+08),
( 6.905,-1.24e+07),
( 6.909,-1.49e+09),
( 6.912, 1.11e+08),
( 6.915, 3.98e+08),
( 6.919,-7.85e+08),
( 6.922, 5.63e+08),
( 6.926, 1.27e+09),
( 6.929,-4.48e+08),
( 6.932, 6.61e+08),
( 6.936, 1.44e+08),
( 6.939,-1.03e+09),
( 6.942,-4.52e+07),
( 6.946, 1.02e+09),
( 6.949,-8.50e+08),
( 6.952, 8.01e+08),
( 6.956,-2.92e+08),
( 6.959, 9.24e+08),
( 6.963, 7.19e+08),
( 6.966, 1.93e+08),
( 6.969,-5.05e+08),
( 6.973, 3.49e+08),
( 6.976, 8.09e+08),
( 6.979, 9.24e+08),
( 6.983, 7.44e+08),
( 6.986, 1.36e+08),
( 6.990, 7.76e+08),
( 6.993, 5.55e+08),
( 6.996, 1.45e+09),
( 7.000, 3.66e+08)]
