Bolide Detection Notification: 2016-044

At 00:10:13 UT on 13 Feb 2016, sensors aboard U. S. Government satellites recorded
the flash signature of a large meteoroid entry into the atmosphere. Location of the
flash was Lat 3.1 °N, Lon 117.9 °E.

Based upon the visible-light intensity-time signature, peak brightness of the flash
was determined to be approximately 1.70e+10 watts/steradian, and total radiated flash
energy 5.18e+10 joules (6000K blackbody model).

Intensity-time signature of the event and integrated intensity are depicted on the
plots below.

Columns: time, intensity (w/sr)
Intensity=[(-0.199,  5.84e+08),
           (-0.196, -6.15e+08),
           (-0.192, -1.92e+09),
           (-0.189, -7.20e+08),
           (-0.186,  1.15e+09),
           (-0.182,  1.23e+09),
           (-0.179, -7.34e+08),
           (-0.176,  1.17e+09),
           (-0.172, -4.76e+08),
           (-0.169, -1.32e+09),
           (-0.165, -3.10e+08),
           (-0.162,  4.25e+08),
           (-0.159,  7.70e+08),
           (-0.155,  9.74e+08),
           (-0.152,  5.55e+08),
           (-0.149,  5.10e+08),
           (-0.145, -4.76e+07),
           (-0.142, -4.69e+08),
           (-0.138, -1.33e+08),
           (-0.135,  6.83e+07),
           (-0.132,  9.12e+08),
           (-0.128, -2.56e+09),
           (-0.125, -1.88e+09),
           (-0.121, -1.32e+09),
           (-0.118, -3.16e+05),
           (-0.115,  1.02e+08),
           (-0.111, -5.56e+08),
           (-0.108,  2.95e+08),
           (-0.105, -1.60e+09),
           (-0.101,  8.91e+08),
           (-0.098, -1.02e+09),
           (-0.095, -1.26e+08),
           (-0.091,  4.51e+08),
           (-0.088, -4.43e+08),
           (-0.084, -1.90e+09),
           (-0.081,  5.32e+08),
           (-0.078, -1.43e+08),
           (-0.074, -2.30e+08),
           (-0.071, -2.52e+07),
           (-0.068, -1.93e+08),
           (-0.064,  1.93e+08),
           (-0.061, -6.88e+08),
           (-0.057, -7.78e+07),
           (-0.054, -1.61e+09),
           (-0.051, -4.81e+08),
           (-0.047,  1.22e+09),
           (-0.044, -7.62e+08),
           (-0.040,  5.91e+08),
           (-0.037, -2.23e+07),
           (-0.034, -8.12e+08),
           (-0.030, -7.51e+08),
           (-0.027,  7.06e+08),
           (-0.024, -1.40e+09),
           (-0.020,  1.35e+09),
           (-0.017, -6.05e+07),
           (-0.014,  1.57e+09),
           (-0.010,  4.06e+08),
           (-0.007,  1.13e+09),
           (-0.003,  2.31e+09),
           ( 0.000,  5.26e+09),
           ( 0.003,  3.37e+09),
           ( 0.007,  4.35e+09),
           ( 0.010,  6.17e+09),
           ( 0.014,  5.85e+09),
           ( 0.017,  6.35e+09),
           ( 0.020,  7.58e+09),
           ( 0.024,  7.16e+09),
           ( 0.027,  8.14e+09),
           ( 0.030,  1.15e+10),
           ( 0.034,  1.05e+10),
           ( 0.037,  8.07e+09),
           ( 0.040,  1.15e+10),
           ( 0.044,  1.08e+10),
           ( 0.047,  9.35e+09),
           ( 0.051,  1.04e+10),
           ( 0.054,  1.19e+10),
           ( 0.061,  9.57e+09),
           ( 0.064,  1.38e+10),
           ( 0.067,  9.86e+09),
           ( 0.074,  1.27e+10),
           ( 0.078,  1.03e+10),
           ( 0.081,  1.19e+10),
           ( 0.084,  1.16e+10),
           ( 0.088,  1.44e+10),
           ( 0.091,  1.37e+10),
           ( 0.094,  1.48e+10),
           ( 0.098,  1.45e+10),
           ( 0.101,  1.57e+10),
           ( 0.105,  1.59e+10),
           ( 0.108,  1.61e+10),
           ( 0.111,  1.70e+10),
           ( 0.115,  1.60e+10),
           ( 0.118,  1.47e+10),
           ( 0.121,  1.66e+10),
           ( 0.125,  1.51e+10),
           ( 0.128,  1.47e+10),
           ( 0.132,  1.37e+10),
           ( 0.135,  1.11e+10),
           ( 0.138,  1.26e+10),
           ( 0.142,  1.37e+10),
           ( 0.145,  1.21e+10),
           ( 0.149,  1.02e+10),
           ( 0.152,  1.18e+10),
           ( 0.155,  1.19e+10),
           ( 0.159,  9.21e+09),
           ( 0.162,  1.27e+10),
           ( 0.165,  1.05e+10),
           ( 0.169,  1.06e+10),
           ( 0.172,  1.13e+10),
           ( 0.175,  1.04e+10),
           ( 0.179,  1.03e+10),
           ( 0.182,  9.77e+09),
           ( 0.186,  8.34e+09),
           ( 0.189,  8.08e+09),
           ( 0.192,  8.92e+09),
           ( 0.196,  9.10e+09),
           ( 0.199,  8.74e+09),
           ( 0.202,  8.56e+09),
           ( 0.206,  1.07e+10),
           ( 0.209,  9.29e+09),
           ( 0.213,  8.47e+09),
           ( 0.216,  9.28e+09),
           ( 0.219,  7.27e+09),
           ( 0.223,  8.79e+09),
           ( 0.226,  8.89e+09),
           ( 0.229,  9.10e+09),
           ( 0.233,  8.57e+09),
           ( 0.236,  1.12e+10),
           ( 0.240,  8.55e+09),
           ( 0.243,  7.84e+09),
           ( 0.246,  6.61e+09),
           ( 0.250,  9.75e+09),
           ( 0.253,  1.02e+10),
           ( 0.257,  8.59e+09),
           ( 0.260,  8.34e+09),
           ( 0.263,  7.17e+09),
           ( 0.267,  8.46e+09),
           ( 0.270,  7.88e+09),
           ( 0.273,  1.02e+10),
           ( 0.277,  8.64e+09),
           ( 0.280,  5.66e+09),
           ( 0.283,  5.65e+09),
           ( 0.287,  6.00e+09),
           ( 0.290,  6.27e+09),
           ( 0.294,  6.76e+09),
           ( 0.297,  6.07e+09),
           ( 0.300,  4.37e+09),
           ( 0.304,  5.79e+09),
           ( 0.307,  7.58e+09),
           ( 0.310,  7.23e+09),
           ( 0.314,  7.26e+09),
           ( 0.317,  8.03e+09),
           ( 0.321,  6.64e+09),
           ( 0.324,  5.50e+09),
           ( 0.327,  8.36e+09),
           ( 0.331,  7.73e+09),
           ( 0.334,  4.65e+09),
           ( 0.337,  5.35e+09),
           ( 0.341,  5.89e+09),
           ( 0.344,  5.62e+09),
           ( 0.348,  7.01e+09),
           ( 0.351,  4.22e+09),
           ( 0.358,  7.48e+09),
           ( 0.361,  6.41e+09),
           ( 0.364,  5.75e+09),
           ( 0.368,  7.00e+09),
           ( 0.371,  5.59e+09),
           ( 0.375,  6.04e+09),
           ( 0.378,  5.20e+09),
           ( 0.381,  5.21e+09),
           ( 0.385,  6.24e+09),
           ( 0.388,  6.10e+09),
           ( 0.392,  5.89e+09),
           ( 0.395,  6.00e+09),
           ( 0.402,  4.92e+09),
           ( 0.405,  6.98e+09),
           ( 0.408,  4.57e+09),
           ( 0.412,  3.12e+09),
           ( 0.415,  4.89e+09),
           ( 0.418,  4.22e+09),
           ( 0.422,  4.94e+09),
           ( 0.425,  3.27e+09),
           ( 0.429,  3.59e+09),
           ( 0.432,  1.52e+09),
           ( 0.435,  2.16e+09),
           ( 0.439,  3.77e+09),
           ( 0.442,  2.65e+09),
           ( 0.445,  3.53e+09),
           ( 0.449,  3.95e+09),
           ( 0.452,  4.68e+09),
           ( 0.456,  1.97e+09),
           ( 0.459,  3.93e+09),
           ( 0.462,  4.46e+09),
           ( 0.466,  1.05e+09),
           ( 0.469,  4.70e+09),
           ( 0.472,  1.41e+09),
           ( 0.476,  2.67e+09),
           ( 0.479,  1.73e+09),
           ( 0.483,  2.30e+09),
           ( 0.486,  3.07e+09),
           ( 0.489,  6.92e+08),
           ( 0.493,  3.65e+09),
           ( 0.496,  1.59e+09),
           ( 0.499,  1.34e+09),
           ( 0.503,  1.93e+09),
           ( 0.506,  5.41e+08),
           ( 0.510,  7.74e+08),
           ( 0.513,  1.40e+09),
           ( 0.516,  3.03e+09),
           ( 0.520,  2.13e+09),
           ( 0.523,  1.88e+09),
           ( 0.526,  4.33e+08),
           ( 0.530,  1.95e+09),
           ( 0.533,  1.15e+09),
           ( 0.537,  1.39e+09),
           ( 0.540, -4.76e+08),
           ( 0.543,  1.18e+09),
           ( 0.547, -1.20e+08),
           ( 0.550,  1.28e+09),
           ( 0.553,  2.29e+09),
           ( 0.557,  2.52e+08),
           ( 0.560,  1.12e+09),
           ( 0.564,  5.29e+08),
           ( 0.567,  1.24e+09),
           ( 0.570, -7.23e+08),
           ( 0.574,  1.75e+09),
           ( 0.577, -4.45e+08),
           ( 0.580,  6.02e+08),
           ( 0.584,  6.80e+08),
           ( 0.587, -1.10e+09),
           ( 0.591,  8.54e+08),
           ( 0.594,  4.43e+08),
           ( 0.597,  2.79e+08),
           ( 0.601, -2.51e+08),
           ( 0.604,  4.01e+08),
           ( 0.607,  4.88e+08),
           ( 0.611,  6.99e+08),
           ( 0.614, -7.64e+08),
           ( 0.618, -9.52e+08),
           ( 0.621, -1.55e+08),
           ( 0.624,  1.66e+09),
           ( 0.628,  2.39e+09),
           ( 0.631, -4.63e+08),
           ( 0.635,  3.04e+08),
           ( 0.638, -9.11e+08),
           ( 0.641, -5.08e+08),
           ( 0.645,  3.07e+08),
           ( 0.648, -1.58e+09),
           ( 0.651, -1.28e+09),
           ( 0.655, -1.07e+09),
           ( 0.658,  3.03e+08),
           ( 0.661,  9.18e+08),
           ( 0.665, -5.67e+07),
           ( 0.668,  1.25e+09),
           ( 0.672, -2.15e+09),
           ( 0.675, -7.94e+08),
           ( 0.678, -1.89e+09),
           ( 0.682,  3.56e+08),
           ( 0.685,  1.24e+09),
           ( 0.688, -5.86e+08),
           ( 0.692,  1.91e+09),
           ( 0.695,  1.32e+09),
           ( 0.699, -1.01e+09),
           ( 0.702,  1.13e+09),
           ( 0.705,  7.61e+08),
           ( 0.709, -6.36e+08),
           ( 0.712, -1.64e+09),
           ( 0.715, -6.60e+08),
           ( 0.719,  1.47e+09),
           ( 0.722,  6.54e+08),
           ( 0.726, -4.53e+08),
           ( 0.729, -1.92e+08),
           ( 0.732,  6.62e+08),
           ( 0.736, -1.24e+09),
           ( 0.739, -2.30e+09),
           ( 0.742, -6.14e+08),
           ( 0.746, -2.80e+08),
           ( 0.749,  7.04e+08),
           ( 0.753, -1.41e+09),
           ( 0.756, -5.25e+08),
           ( 0.759,  5.15e+08),
           ( 0.763, -6.68e+08),
           ( 0.766, -1.36e+09),
           ( 0.770, -3.30e+09),
           ( 0.773, -4.64e+07),
           ( 0.776, -1.07e+09),
           ( 0.780,  1.36e+09),
           ( 0.783,  9.63e+08),
           ( 0.786, -1.40e+09),
           ( 0.790, -4.56e+08),
           ( 0.793, -1.03e+09),
           ( 0.796,  1.23e+09),
           ( 0.800, -9.38e+08),
           ( 0.800, -9.38e+08)]
