Bolide Detection Notification: 2020-017

At 21:29:46 UT on 17 Jan 2020, sensors aboard U. S. Government satellites recorded
the flash signature of a large meteoroid entry into the atmosphere. Location of the
flash was Lat 19.4 °N, Lon 66.0 °W.

Based upon the visible-light intensity-time signature, peak brightness of the flash
was determined to be approximately 6.58e+09 watts/steradian, and total radiated flash
energy 1.17e+11 joules (6000K blackbody model).

Intensity-time signature of the event and integrated intensity are depicted on the
plots below.

Columns: time, intensity (w/sr)
Intensity=[(-3.183,  2.35e+07),
           (-3.179,  4.73e+06),
           (-3.176, -5.37e+08),
           (-3.172, -3.87e+08),
           (-3.169,  4.51e+07),
           (-3.162, -9.55e+08),
           (-3.159, -1.58e+08),
           (-3.156, -1.02e+09),
           (-3.152, -9.75e+08),
           (-3.149,  6.76e+08),
           (-3.145,  4.55e+08),
           (-3.142, -4.72e+08),
           (-3.132,  2.30e+08),
           (-3.129,  1.69e+08),
           (-3.125,  2.09e+08),
           (-3.122, -2.12e+08),
           (-3.118, -1.22e+09),
           (-3.115, -1.09e+09),
           (-3.102,  4.53e+08),
           (-3.098, -1.40e+09),
           (-3.085,  3.28e+08),
           (-3.078, -4.34e+07),
           (-3.075, -8.35e+08),
           (-3.068,  1.20e+09),
           (-3.061, -5.78e+08),
           (-3.054,  5.74e+08),
           (-3.051,  8.56e+07),
           (-3.048,  1.74e+08),
           (-3.041, -4.92e+08),
           (-3.038, -1.66e+08),
           (-3.034, -1.05e+09),
           (-3.027, -9.27e+08),
           (-3.021, -3.09e+08),
           (-3.017,  6.06e+07),
           (-3.004, -1.00e+09),
           (-2.997,  5.27e+08),
           (-2.994, -8.72e+08),
           (-2.987,  4.23e+08),
           (-2.980, -6.83e+08),
           (-2.973, -5.03e+08),
           (-2.970,  1.71e+08),
           (-2.963, -5.28e+08),
           (-2.960, -7.10e+07),
           (-2.956, -5.99e+08),
           (-2.950,  5.96e+08),
           (-2.946,  5.30e+07),
           (-2.943,  9.64e+08),
           (-2.933,  3.08e+08),
           (-2.926, -1.62e+09),
           (-2.923, -1.54e+09),
           (-2.919,  3.65e+08),
           (-2.916,  1.51e+08),
           (-2.909, -1.14e+09),
           (-2.896,  6.35e+07),
           (-2.892, -1.46e+09),
           (-2.886,  1.74e+08),
           (-2.882,  2.32e+08),
           (-2.876, -1.06e+09),
           (-2.872,  5.97e+08),
           (-2.869, -5.37e+08),
           (-2.862,  6.20e+08),
           (-2.859,  7.48e+08),
           (-2.852, -1.49e+09),
           (-2.845,  1.44e+08),
           (-2.842, -1.36e+09),
           (-2.838, -9.63e+08),
           (-2.835, -9.86e+08),
           (-2.832, -9.76e+08),
           (-2.828, -5.39e+08),
           (-2.825, -9.68e+08),
           (-2.821, -3.44e+08),
           (-2.818, -9.66e+08),
           (-2.815, -4.59e+08),
           (-2.808, -9.08e+08),
           (-2.805,  7.04e+08),
           (-2.801,  6.77e+08),
           (-2.798, -7.44e+08),
           (-2.794, -6.15e+08),
           (-2.791,  2.65e+08),
           (-2.788, -1.08e+09),
           (-2.781,  1.66e+08),
           (-2.778, -3.46e+08),
           (-2.774,  5.48e+08),
           (-2.771, -1.13e+08),
           (-2.767,  4.68e+08),
           (-2.764, -1.51e+08),
           (-2.761,  1.04e+08),
           (-2.757,  6.96e+08),
           (-2.754, -4.32e+07),
           (-2.751, -2.92e+07),
           (-2.747,  8.05e+08),
           (-2.744,  4.93e+08),
           (-2.741, -1.09e+09),
           (-2.737,  8.67e+08),
           (-2.730, -5.08e+07),
           (-2.727,  3.38e+08),
           (-2.724, -2.02e+08),
           (-2.720, -1.20e+08),
           (-2.710,  1.28e+09),
           (-2.703, -3.03e+08),
           (-2.700, -1.22e+09),
           (-2.693,  1.60e+09),
           (-2.687, -8.72e+08),
           (-2.683,  1.10e+08),
           (-2.680,  1.26e+08),
           (-2.673, -1.16e+09),
           (-2.663,  7.57e+08),
           (-2.659,  4.18e+08),
           (-2.656,  9.26e+08),
           (-2.653, -4.62e+08),
           (-2.646,  3.97e+08),
           (-2.643,  2.08e+08),
           (-2.639, -1.46e+09),
           (-2.632,  9.94e+08),
           (-2.629,  5.09e+08),
           (-2.626,  1.23e+09),
           (-2.619, -5.52e+08),
           (-2.612,  8.03e+08),
           (-2.609, -4.36e+07),
           (-2.605,  1.66e+09),
           (-2.599,  5.94e+08),
           (-2.595, -5.23e+08),
           (-2.589,  4.32e+07),
           (-2.585,  1.11e+09),
           (-2.579,  2.61e+08),
           (-2.575,  2.87e+08),
           (-2.572,  1.77e+09),
           (-2.565, -6.40e+07),
           (-2.562, -2.43e+08),
           (-2.558, -1.39e+08),
           (-2.552,  7.30e+08),
           (-2.548, -6.26e+07),
           (-2.545,  2.79e+08),
           (-2.541, -9.57e+08),
           (-2.535,  1.70e+09),
           (-2.531,  1.52e+08),
           (-2.528,  2.30e+08),
           (-2.525,  9.48e+08),
           (-2.518, -1.35e+08),
           (-2.514, -5.65e+07),
           (-2.511,  7.21e+08),
           (-2.508,  4.63e+08),
           (-2.504, -3.76e+08),
           (-2.501,  1.24e+09),
           (-2.497,  1.85e+08),
           (-2.494,  3.89e+08),
           (-2.491,  3.81e+08),
           (-2.487, -2.44e+08),
           (-2.484,  2.83e+08),
           (-2.481, -5.09e+08),
           (-2.474,  6.51e+08),
           (-2.470, -7.89e+08),
           (-2.467, -3.85e+08),
           (-2.464,  9.73e+08),
           (-2.460,  5.88e+07),
           (-2.454,  1.61e+08),
           (-2.443,  1.62e+09),
           (-2.440, -4.60e+08),
           (-2.433,  1.64e+09),
           (-2.430,  1.41e+09),
           (-2.423,  4.08e+08),
           (-2.420,  3.18e+08),
           (-2.417,  4.17e+08),
           (-2.413,  1.61e+08),
           (-2.406,  2.19e+09),
           (-2.400, -6.17e+07),
           (-2.396, -1.18e+07),
           (-2.393,  1.02e+09),
           (-2.390, -3.18e+05),
           (-2.386,  1.13e+09),
           (-2.379, -7.86e+07),
           (-2.373,  7.15e+08),
           (-2.369, -6.94e+08),
           (-2.366,  2.83e+08),
           (-2.363,  2.77e+08),
           (-2.359,  4.74e+08),
           (-2.356,  1.18e+09),
           (-2.349,  1.81e+08),
           (-2.346,  6.21e+08),
           (-2.342, -1.82e+08),
           (-2.335,  7.88e+08),
           (-2.332, -3.19e+08),
           (-2.329, -7.35e+06),
           (-2.325,  8.44e+08),
           (-2.322,  3.38e+08),
           (-2.315,  1.06e+09),
           (-2.308, -4.80e+08),
           (-2.305, -4.37e+08),
           (-2.298,  1.29e+08),
           (-2.295, -1.23e+09),
           (-2.292, -1.09e+09),
           (-2.288, -7.75e+07),
           (-2.285, -3.91e+08),
           (-2.281, -1.98e+08),
           (-2.278,  1.49e+09),
           (-2.271,  2.72e+08),
           (-2.268,  4.24e+08),
           (-2.265,  3.97e+07),
           (-2.258,  2.21e+08),
           (-2.251, -9.71e+08),
           (-2.244,  3.86e+08),
           (-2.238, -1.70e+09),
           (-2.234, -1.31e+09),
           (-2.231,  1.60e+09),
           (-2.228,  1.17e+09),
           (-2.221, -1.09e+09),
           (-2.217, -1.10e+09),
           (-2.211,  3.22e+08),
           (-2.207, -4.16e+08),
           (-2.204, -4.27e+08),
           (-2.201, -7.86e+08),
           (-2.197, -6.02e+08),
           (-2.194,  1.13e+08),
           (-2.190, -5.49e+08),
           (-2.187, -5.55e+07),
           (-2.184, -9.94e+08),
           (-2.177,  8.80e+08),
           (-2.173, -8.05e+08),
           (-2.170,  1.77e+08),
           (-2.163, -6.43e+08),
           (-2.160, -5.34e+08),
           (-2.157, -8.26e+08),
           (-2.150,  7.83e+08),
           (-2.143, -1.88e+09),
           (-2.136, -1.26e+08),
           (-2.133,  5.30e+08),
           (-2.126, -7.06e+08),
           (-2.123,  5.84e+08),
           (-2.116, -1.39e+09),
           (-2.109,  5.11e+08),
           (-2.106, -6.28e+08),
           (-2.103,  5.68e+08),
           (-2.096, -2.22e+08),
           (-2.093,  4.88e+08),
           (-2.086, -1.33e+09),
           (-2.082,  2.72e+08),
           (-2.079, -1.44e+06),
           (-2.076, -1.22e+09),
           (-2.072,  3.38e+08),
           (-2.066, -1.43e+09),
           (-2.059,  7.68e+08),
           (-2.055, -1.21e+09),
           (-2.049,  2.24e+08),
           (-2.045, -1.32e+08),
           (-2.042,  6.34e+07),
           (-2.039, -6.70e+08),
           (-2.035, -4.64e+08),
           (-2.032, -4.77e+08),
           (-2.028,  7.66e+08),
           (-2.025, -1.04e+09),
           (-2.018,  2.85e+08),
           (-2.015, -8.76e+08),
           (-2.012, -7.80e+08),
           (-2.008,  2.60e+08),
           (-2.005, -2.97e+08),
           (-2.001,  9.82e+08),
           (-1.998, -7.77e+08),
           (-1.995,  6.81e+08),
           (-1.991, -4.74e+07),
           (-1.988,  1.28e+08),
           (-1.981, -7.38e+08),
           (-1.978, -2.87e+08),
           (-1.974, -9.72e+08),
           (-1.971, -1.28e+08),
           (-1.964, -7.44e+08),
           (-1.961,  3.04e+07),
           (-1.957, -2.57e+08),
           (-1.954, -1.38e+08),
           (-1.951, -1.17e+09),
           (-1.947, -1.00e+09),
           (-1.944, -5.77e+08),
           (-1.941, -1.06e+09),
           (-1.934,  2.90e+08),
           (-1.927, -1.86e+09),
           (-1.924, -4.24e+08),
           (-1.914, -1.23e+09),
           (-1.910, -1.12e+09),
           (-1.900, -5.08e+08),
           (-1.893, -9.29e+08),
           (-1.890, -1.93e+09),
           (-1.887,  2.11e+08),
           (-1.880, -7.68e+08),
           (-1.877, -7.30e+08),
           (-1.873, -8.49e+08),
           (-1.870, -2.18e+09),
           (-1.853,  8.09e+08),
           (-1.850, -7.94e+08),
           (-1.846, -3.06e+08),
           (-1.843, -6.87e+08),
           (-1.839, -5.57e+08),
           (-1.836, -7.02e+08),
           (-1.829, -4.79e+08),
           (-1.826, -1.06e+08),
           (-1.822, -2.77e+08),
           (-1.816, -1.10e+09),
           (-1.812, -1.09e+09),
           (-1.806, -9.66e+08),
           (-1.802, -1.02e+09),
           (-1.795,  2.30e+08),
           (-1.792,  2.39e+08),
           (-1.789, -6.82e+08),
           (-1.785, -5.46e+07),
           (-1.782, -2.89e+08),
           (-1.779,  3.55e+07),
           (-1.775, -1.96e+08),
           (-1.772, -1.07e+09),
           (-1.768, -1.09e+09),
           (-1.765, -1.41e+09),
           (-1.762, -1.65e+08),
           (-1.758, -3.70e+08),
           (-1.755, -1.30e+09),
           (-1.752,  9.50e+07),
           (-1.748, -1.59e+09),
           (-1.745, -9.70e+08),
           (-1.742, -1.25e+09),
           (-1.731,  3.15e+08),
           (-1.728, -5.52e+08),
           (-1.725, -4.26e+08),
           (-1.721, -8.70e+08),
           (-1.718, -7.89e+08),
           (-1.715,  9.99e+07),
           (-1.711, -1.32e+09),
           (-1.704, -2.56e+08),
           (-1.701, -1.41e+08),
           (-1.698, -1.54e+09),
           (-1.694, -5.54e+08),
           (-1.691, -1.14e+09),
           (-1.681,  6.10e+08),
           (-1.677, -8.47e+08),
           (-1.674, -8.19e+08),
           (-1.671, -1.35e+09),
           (-1.667, -4.52e+08),
           (-1.664, -1.29e+09),
           (-1.660, -6.80e+08),
           (-1.657, -2.96e+09),
           (-1.650,  4.40e+06),
           (-1.644, -1.69e+09),
           (-1.640, -6.91e+08),
           (-1.637, -9.08e+08),
           (-1.633, -1.78e+09),
           (-1.630,  4.93e+07),
           (-1.627, -5.00e+08),
           (-1.623,  6.91e+08),
           (-1.620, -1.67e+09),
           (-1.613, -3.63e+08),
           (-1.610, -4.07e+08),
           (-1.606, -1.69e+09),
           (-1.603, -1.67e+09),
           (-1.596, -3.51e+08),
           (-1.593, -7.45e+08),
           (-1.590, -1.78e+09),
           (-1.583, -4.70e+08),
           (-1.580, -2.29e+09),
           (-1.573, -9.09e+08),
           (-1.566, -1.53e+09),
           (-1.559, -5.34e+08),
           (-1.556, -1.23e+08),
           (-1.549, -2.07e+09),
           (-1.539,  3.46e+08),
           (-1.532, -1.83e+09),
           (-1.529, -1.55e+09),
           (-1.526, -7.98e+08),
           (-1.519, -1.62e+09),
           (-1.515, -1.13e+09),
           (-1.512, -1.37e+09),
           (-1.509, -6.26e+08),
           (-1.505, -9.92e+08),
           (-1.502, -1.45e+08),
           (-1.495, -2.18e+09),
           (-1.492, -1.24e+09),
           (-1.488, -1.86e+09),
           (-1.485, -3.56e+08),
           (-1.482, -1.83e+09),
           (-1.478,  3.91e+07),
           (-1.475, -1.34e+09),
           (-1.471, -8.19e+08),
           (-1.468, -1.03e+09),
           (-1.465,  7.17e+08),
           (-1.461, -9.89e+08),
           (-1.458, -9.19e+08),
           (-1.455, -6.00e+08),
           (-1.451, -6.99e+08),
           (-1.448, -5.89e+08),
           (-1.444,  2.87e+08),
           (-1.438, -1.25e+09),
           (-1.434, -9.06e+08),
           (-1.428, -2.51e+09),
           (-1.424, -1.15e+09),
           (-1.421, -2.12e+09),
           (-1.418, -5.49e+08),
           (-1.414, -5.18e+08),
           (-1.411, -2.62e+09),
           (-1.407, -1.04e+09),
           (-1.404, -1.76e+09),
           (-1.401, -1.42e+09),
           (-1.397, -1.81e+08),
           (-1.394, -1.43e+09),
           (-1.387, -5.04e+08),
           (-1.384, -5.32e+08),
           (-1.380, -1.86e+09),
           (-1.377, -1.44e+09),
           (-1.374,  5.91e+08),
           (-1.367, -1.69e+09),
           (-1.364, -2.05e+08),
           (-1.360, -2.47e+09),
           (-1.357, -1.77e+09),
           (-1.353,  6.34e+08),
           (-1.347, -1.98e+09),
           (-1.343, -8.66e+08),
           (-1.340, -2.52e+09),
           (-1.333, -3.19e+08),
           (-1.326, -1.69e+09),
           (-1.323, -3.33e+08),
           (-1.320, -5.04e+08),
           (-1.316, -1.31e+09),
           (-1.309, -2.69e+07),
           (-1.306, -1.45e+09),
           (-1.303, -7.61e+08),
           (-1.299, -1.02e+09),
           (-1.296, -1.54e+08),
           (-1.293, -1.09e+09),
           (-1.282, -7.51e+07),
           (-1.279, -1.29e+09),
           (-1.276, -1.31e+09),
           (-1.272,  1.68e+08),
           (-1.266, -3.50e+08),
           (-1.262,  4.16e+08),
           (-1.256, -1.68e+09),
           (-1.252, -6.14e+07),
           (-1.249, -1.00e+09),
           (-1.245, -8.89e+08),
           (-1.242, -9.94e+08),
           (-1.235, -4.08e+08),
           (-1.232, -1.01e+09),
           (-1.229, -1.00e+09),
           (-1.225, -9.54e+08),
           (-1.218,  5.14e+08),
           (-1.215, -3.90e+08),
           (-1.212, -1.20e+08),
           (-1.208, -1.30e+09),
           (-1.202, -2.17e+08),
           (-1.198, -1.92e+09),
           (-1.195, -1.89e+09),
           (-1.188, -6.45e+08),
           (-1.181, -2.77e+08),
           (-1.178, -1.19e+09),
           (-1.174, -9.95e+08),
           (-1.168, -1.67e+09),
           (-1.164, -1.33e+09),
           (-1.161, -6.55e+08),
           (-1.158, -8.69e+08),
           (-1.154,  4.81e+07),
           (-1.151, -8.27e+08),
           (-1.147, -4.71e+08),
           (-1.144,  4.59e+08),
           (-1.141, -4.54e+08),
           (-1.137, -1.27e+08),
           (-1.131, -8.84e+08),
           (-1.127, -6.16e+08),
           (-1.124, -9.96e+08),
           (-1.120, -2.26e+09),
           (-1.117, -4.09e+08),
           (-1.110, -9.54e+08),
           (-1.107, -9.03e+07),
           (-1.104, -8.84e+08),
           (-1.100, -7.67e+08),
           (-1.097,  4.80e+07),
           (-1.090, -1.13e+09),
           (-1.087,  8.95e+08),
           (-1.083, -1.13e+09),
           (-1.080,  3.62e+08),
           (-1.077, -2.09e+08),
           (-1.070,  1.02e+08),
           (-1.067, -5.89e+08),
           (-1.063,  2.60e+08),
           (-1.060, -3.48e+08),
           (-1.056,  8.63e+08),
           (-1.053,  5.15e+08),
           (-1.050,  9.65e+08),
           (-1.043, -5.04e+08),
           (-1.040,  2.86e+07),
           (-1.033, -9.57e+08),
           (-1.029, -4.26e+07),
           (-1.026, -8.97e+08),
           (-1.023, -3.87e+08),
           (-1.019, -6.76e+08),
           (-1.016, -1.52e+09),
           (-1.013,  4.00e+08),
           (-1.009, -1.33e+09),
           (-1.006, -4.32e+08),
           (-1.002, -6.37e+08),
           (-0.999, -6.06e+08),
           (-0.996, -4.50e+08),
           (-0.992, -6.40e+08),
           (-0.989, -1.46e+09),
           (-0.985,  2.04e+08),
           (-0.982, -1.17e+08),
           (-0.979, -7.72e+08),
           (-0.975, -6.60e+08),
           (-0.972, -9.55e+08),
           (-0.969, -1.90e+09),
           (-0.962,  3.79e+08),
           (-0.958,  3.06e+08),
           (-0.952, -1.43e+09),
           (-0.945,  1.14e+08),
           (-0.942,  2.07e+08),
           (-0.938, -2.59e+08),
           (-0.935, -1.57e+09),
           (-0.931, -6.13e+08),
           (-0.928, -9.05e+08),
           (-0.925, -1.84e+08),
           (-0.921, -2.53e+08),
           (-0.918, -9.57e+08),
           (-0.915,  5.57e+08),
           (-0.905, -1.15e+09),
           (-0.901, -3.64e+08),
           (-0.898, -6.63e+08),
           (-0.894, -1.34e+09),
           (-0.891, -2.08e+08),
           (-0.884, -2.88e+08),
           (-0.881, -1.59e+09),
           (-0.874,  1.97e+08),
           (-0.864, -8.40e+08),
           (-0.861, -6.29e+08),
           (-0.857, -1.44e+09),
           (-0.854, -2.15e+08),
           (-0.851, -2.22e+08),
           (-0.844, -9.64e+08),
           (-0.840,  9.98e+07),
           (-0.830, -1.11e+09),
           (-0.827, -2.20e+09),
           (-0.823, -6.37e+08),
           (-0.820, -1.30e+09),
           (-0.813,  2.39e+08),
           (-0.810, -8.24e+08),
           (-0.807, -3.59e+08),
           (-0.803, -1.40e+09),
           (-0.800, -4.60e+08),
           (-0.793, -8.33e+08),
           (-0.790,  8.81e+08),
           (-0.780, -1.50e+09),
           (-0.776, -1.33e+09),
           (-0.773,  1.17e+09),
           (-0.769, -6.42e+08),
           (-0.766, -6.87e+08),
           (-0.763, -1.06e+09),
           (-0.759, -1.01e+09),
           (-0.756, -4.19e+08),
           (-0.749, -1.77e+09),
           (-0.746, -1.34e+09),
           (-0.743,  3.05e+08),
           (-0.736, -5.04e+08),
           (-0.732, -1.71e+08),
           (-0.726, -1.37e+09),
           (-0.722, -8.02e+08),
           (-0.719, -8.27e+08),
           (-0.716, -4.17e+08),
           (-0.712,  6.57e+08),
           (-0.705, -9.29e+08),
           (-0.702, -6.10e+07),
           (-0.699, -1.51e+09),
           (-0.689,  2.26e+08),
           (-0.685,  2.11e+08),
           (-0.682, -8.33e+08),
           (-0.678, -1.89e+07),
           (-0.675, -1.36e+09),
           (-0.672, -9.15e+08),
           (-0.668,  4.92e+08),
           (-0.661, -7.87e+08),
           (-0.658,  1.00e+08),
           (-0.655, -8.69e+08),
           (-0.651, -3.80e+08),
           (-0.648, -8.00e+08),
           (-0.641,  1.33e+08),
           (-0.638, -1.19e+09),
           (-0.631,  4.97e+08),
           (-0.628,  7.00e+08),
           (-0.621, -7.55e+08),
           (-0.618, -4.96e+08),
           (-0.611,  1.48e+09),
           (-0.604, -6.45e+08),
           (-0.601, -5.30e+07),
           (-0.597, -4.75e+08),
           (-0.594,  9.13e+08),
           (-0.591, -1.33e+09),
           (-0.584,  4.73e+08),
           (-0.581,  4.53e+08),
           (-0.577, -1.16e+09),
           (-0.574, -7.96e+08),
           (-0.570,  5.14e+08),
           (-0.564, -1.03e+09),
           (-0.554,  6.63e+08),
           (-0.547, -1.01e+09),
           (-0.537, -1.26e+08),
           (-0.533, -1.69e+09),
           (-0.523,  3.03e+08),
           (-0.520, -4.90e+08),
           (-0.516,  3.22e+08),
           (-0.510, -1.03e+09),
           (-0.506, -3.84e+08),
           (-0.503, -5.62e+08),
           (-0.499,  3.65e+08),
           (-0.493, -8.11e+08),
           (-0.489, -5.29e+08),
           (-0.486, -1.35e+09),
           (-0.483, -2.58e+08),
           (-0.476, -8.36e+08),
           (-0.462, -6.20e+08),
           (-0.459,  7.43e+08),
           (-0.452, -1.83e+09),
           (-0.445, -3.56e+08),
           (-0.442, -1.05e+09),
           (-0.439,  9.24e+07),
           (-0.435, -4.60e+08),
           (-0.432, -3.98e+08),
           (-0.429, -4.42e+08),
           (-0.425,  6.72e+07),
           (-0.422, -1.21e+09),
           (-0.419, -1.22e+09),
           (-0.415, -2.39e+08),
           (-0.405, -1.25e+09),
           (-0.402, -1.24e+09),
           (-0.395, -1.83e+08),
           (-0.388, -1.21e+09),
           (-0.385, -1.14e+09),
           (-0.381, -1.26e+09),
           (-0.378, -8.95e+08),
           (-0.371,  1.52e+08),
           (-0.368, -1.10e+09),
           (-0.365,  6.90e+08),
           (-0.361, -1.09e+09),
           (-0.358, -1.07e+09),
           (-0.354,  1.66e+08),
           (-0.351, -4.86e+08),
           (-0.348, -4.98e+08),
           (-0.341,  7.13e+08),
           (-0.337, -1.55e+09),
           (-0.327,  4.54e+08),
           (-0.324,  2.27e+08),
           (-0.317, -1.38e+09),
           (-0.314,  3.22e+08),
           (-0.310, -1.02e+08),
           (-0.307,  4.11e+08),
           (-0.304, -4.41e+08),
           (-0.300, -3.37e+08),
           (-0.297, -5.61e+08),
           (-0.294, -5.14e+08),
           (-0.290, -7.10e+08),
           (-0.280,  3.18e+08),
           (-0.277, -1.22e+09),
           (-0.273, -9.57e+08),
           (-0.270, -1.52e+09),
           (-0.267,  2.39e+08),
           (-0.263, -8.42e+08),
           (-0.260,  2.15e+08),
           (-0.257, -5.38e+08),
           (-0.253, -4.48e+08),
           (-0.250,  1.73e+08),
           (-0.240, -1.51e+09),
           (-0.233, -1.63e+08),
           (-0.230, -1.45e+09),
           (-0.226, -1.44e+09),
           (-0.219,  3.49e+08),
           (-0.213, -1.55e+09),
           (-0.206,  1.04e+08),
           (-0.203, -1.95e+09),
           (-0.199,  7.77e+07),
           (-0.196, -7.16e+08),
           (-0.192, -2.80e+07),
           (-0.189, -5.86e+08),
           (-0.186, -2.22e+08),
           (-0.182, -6.84e+08),
           (-0.179,  3.68e+08),
           (-0.175, -8.43e+08),
           (-0.169, -3.64e+08),
           (-0.165, -5.10e+08),
           (-0.162, -1.37e+08),
           (-0.159, -1.24e+09),
           (-0.155,  8.87e+07),
           (-0.148, -4.83e+08),
           (-0.145, -6.20e+08),
           (-0.142, -1.72e+09),
           (-0.138, -1.00e+09),
           (-0.135,  5.95e+08),
           (-0.132,  2.91e+08),
           (-0.125,  5.79e+08),
           (-0.121,  1.75e+08),
           (-0.118,  3.16e+08),
           (-0.115,  6.20e+07),
           (-0.111,  9.48e+07),
           (-0.108,  6.95e+08),
           (-0.101, -1.63e+09),
           (-0.095,  2.70e+08),
           (-0.091, -6.42e+08),
           (-0.084,  9.80e+08),
           (-0.081, -6.81e+08),
           (-0.074,  5.56e+08),
           (-0.071, -6.36e+08),
           (-0.064,  5.66e+08),
           (-0.061, -9.60e+08),
           (-0.054,  1.44e+08),
           (-0.051, -7.44e+08),
           (-0.044,  2.86e+08),
           (-0.041, -8.78e+08),
           (-0.037,  1.29e+09),
           (-0.034, -1.32e+09),
           (-0.030,  3.35e+08),
           (-0.024, -4.50e+08),
           (-0.020,  8.26e+07),
           (-0.017, -4.22e+08),
           (-0.014, -8.34e+07),
           (-0.010, -8.65e+07),
           (-0.007,  1.49e+08),
           (-0.003, -8.03e+08),
           ( 0.000,  1.97e+08),
           ( 0.003, -5.25e+08),
           ( 0.007, -6.14e+07),
           ( 0.010, -2.46e+08),
           ( 0.014, -1.56e+08),
           ( 0.017, -3.74e+08),
           ( 0.020, -2.75e+08),
           ( 0.024, -7.72e+08),
           ( 0.027,  8.87e+08),
           ( 0.030, -1.06e+09),
           ( 0.034,  3.61e+06),
           ( 0.037, -7.13e+08),
           ( 0.041, -3.24e+08),
           ( 0.044, -4.60e+08),
           ( 0.047,  1.36e+08),
           ( 0.051, -9.85e+08),
           ( 0.054,  7.25e+08),
           ( 0.057, -8.59e+08),
           ( 0.064,  3.31e+08),
           ( 0.068, -1.90e+08),
           ( 0.071,  5.54e+08),
           ( 0.078, -9.87e+08),
           ( 0.081,  6.50e+08),
           ( 0.088, -1.14e+09),
           ( 0.091,  4.66e+08),
           ( 0.094, -2.32e+08),
           ( 0.101, -2.52e+07),
           ( 0.105, -3.50e+07),
           ( 0.108,  1.36e+08),
           ( 0.111, -8.55e+08),
           ( 0.115,  9.57e+07),
           ( 0.118, -1.62e+08),
           ( 0.121, -9.79e+08),
           ( 0.125,  1.09e+08),
           ( 0.128, -6.17e+08),
           ( 0.132, -2.87e+08),
           ( 0.135, -8.66e+08),
           ( 0.138, -6.32e+07),
           ( 0.142, -1.33e+09),
           ( 0.145,  1.65e+08),
           ( 0.152, -4.15e+08),
           ( 0.155,  1.08e+07),
           ( 0.159, -1.16e+09),
           ( 0.162, -1.04e+09),
           ( 0.169, -1.18e+08),
           ( 0.172, -3.84e+08),
           ( 0.179, -1.92e+09),
           ( 0.182, -7.09e+08),
           ( 0.186, -1.01e+09),
           ( 0.189, -6.65e+08),
           ( 0.192,  3.99e+07),
           ( 0.196, -1.05e+08),
           ( 0.203, -8.13e+08),
           ( 0.206, -5.48e+08),
           ( 0.213,  5.80e+08),
           ( 0.216,  2.77e+08),
           ( 0.219, -7.05e+08),
           ( 0.226,  2.15e+08),
           ( 0.230, -3.88e+08),
           ( 0.236,  4.46e+08),
           ( 0.240,  3.91e+07),
           ( 0.246,  2.96e+08),
           ( 0.250,  5.85e+07),
           ( 0.253, -1.73e+09),
           ( 0.256,  8.96e+07),
           ( 0.260,  9.77e+07),
           ( 0.263, -1.91e+09),
           ( 0.270, -1.64e+08),
           ( 0.273, -9.40e+07),
           ( 0.277, -1.51e+09),
           ( 0.280, -2.00e+08),
           ( 0.283, -1.05e+09),
           ( 0.287, -1.74e+08),
           ( 0.290, -1.98e+08),
           ( 0.294, -1.00e+09),
           ( 0.297,  3.98e+08),
           ( 0.300, -9.34e+08),
           ( 0.307,  1.60e+08),
           ( 0.310, -2.56e+08),
           ( 0.314, -2.10e+08),
           ( 0.317,  2.91e+08),
           ( 0.321, -4.67e+07),
           ( 0.324,  5.20e+08),
           ( 0.327, -1.06e+09),
           ( 0.331, -6.59e+08),
           ( 0.334,  5.60e+08),
           ( 0.338,  3.17e+08),
           ( 0.341,  9.62e+08),
           ( 0.344,  9.84e+07),
           ( 0.348,  4.62e+08),
           ( 0.351, -3.74e+08),
           ( 0.354, -3.28e+08),
           ( 0.358,  3.11e+08),
           ( 0.361, -8.58e+08),
           ( 0.365,  6.54e+08),
           ( 0.371, -2.29e+08),
           ( 0.375,  4.14e+08),
           ( 0.378, -1.09e+09),
           ( 0.381,  1.11e+08),
           ( 0.385,  1.21e+08),
           ( 0.392,  1.22e+09),
           ( 0.395, -7.46e+08),
           ( 0.398, -6.16e+08),
           ( 0.402,  4.77e+08),
           ( 0.405,  3.32e+08),
           ( 0.412, -2.44e+09),
           ( 0.418, -3.08e+08),
           ( 0.422, -1.64e+09),
           ( 0.429,  9.39e+08),
           ( 0.432, -8.57e+08),
           ( 0.439,  1.74e+08),
           ( 0.449, -4.58e+08),
           ( 0.452, -2.35e+08),
           ( 0.456, -3.44e+08),
           ( 0.462,  5.00e+08),
           ( 0.466, -1.00e+09),
           ( 0.469,  1.89e+08),
           ( 0.472, -1.64e+08),
           ( 0.476,  3.02e+08),
           ( 0.483, -1.04e+09),
           ( 0.486, -6.10e+08),
           ( 0.493,  5.95e+08),
           ( 0.496, -4.81e+08),
           ( 0.503,  1.71e+09),
           ( 0.506,  2.04e+08),
           ( 0.510,  1.06e+09),
           ( 0.513, -1.96e+08),
           ( 0.516,  1.51e+09),
           ( 0.523, -4.58e+08),
           ( 0.527, -3.12e+08),
           ( 0.530,  7.84e+08),
           ( 0.533,  6.00e+08),
           ( 0.537,  6.37e+07),
           ( 0.543,  1.60e+08),
           ( 0.547, -2.21e+08),
           ( 0.554,  3.04e+08),
           ( 0.557,  8.75e+07),
           ( 0.564, -6.55e+08),
           ( 0.567,  1.28e+09),
           ( 0.570,  5.31e+08),
           ( 0.574, -1.55e+09),
           ( 0.580,  6.02e+08),
           ( 0.584, -5.38e+08),
           ( 0.587,  1.87e+08),
           ( 0.591,  1.17e+08),
           ( 0.594,  9.20e+08),
           ( 0.597, -4.57e+08),
           ( 0.604,  8.04e+08),
           ( 0.611, -4.78e+08),
           ( 0.614, -4.18e+08),
           ( 0.618, -4.24e+08),
           ( 0.621, -5.53e+08),
           ( 0.624,  5.47e+08),
           ( 0.631, -5.99e+08),
           ( 0.634, -4.02e+08),
           ( 0.638,  3.29e+08),
           ( 0.641,  7.00e+07),
           ( 0.645, -7.26e+08),
           ( 0.648, -6.28e+08),
           ( 0.655,  9.69e+08),
           ( 0.662, -3.57e+08),
           ( 0.665, -4.20e+08),
           ( 0.675,  7.90e+08),
           ( 0.678, -5.75e+08),
           ( 0.685,  2.53e+08),
           ( 0.689, -6.18e+08),
           ( 0.692,  7.07e+08),
           ( 0.695,  2.23e+08),
           ( 0.699,  5.79e+08),
           ( 0.709, -2.89e+08),
           ( 0.712,  8.23e+07),
           ( 0.716,  1.54e+09),
           ( 0.722, -3.72e+08),
           ( 0.729, -1.52e+08),
           ( 0.736,  1.03e+09),
           ( 0.739, -6.83e+07),
           ( 0.742,  9.58e+07),
           ( 0.746, -4.82e+07),
           ( 0.749,  3.47e+08),
           ( 0.753, -1.46e+09),
           ( 0.756,  6.32e+08),
           ( 0.759, -2.62e+08),
           ( 0.763,  2.96e+08),
           ( 0.766, -9.24e+08),
           ( 0.769,  7.17e+07),
           ( 0.773, -1.03e+08),
           ( 0.776, -5.41e+08),
           ( 0.780,  1.69e+08),
           ( 0.783, -1.71e+09),
           ( 0.786, -1.01e+08),
           ( 0.790, -1.52e+09),
           ( 0.796,  5.50e+08),
           ( 0.800, -4.37e+08),
           ( 0.803,  2.69e+08),
           ( 0.810, -1.13e+09),
           ( 0.817, -1.00e+08),
           ( 0.824,  2.76e+08),
           ( 0.827, -1.19e+09),
           ( 0.830, -5.53e+08),
           ( 0.834,  1.02e+09),
           ( 0.840, -9.93e+08),
           ( 0.847,  1.63e+08),
           ( 0.851, -7.41e+08),
           ( 0.857,  6.55e+08),
           ( 0.861, -7.78e+08),
           ( 0.864,  3.13e+08),
           ( 0.878, -7.61e+08),
           ( 0.884, -1.30e+09),
           ( 0.891,  7.47e+08),
           ( 0.898, -7.12e+08),
           ( 0.901,  8.93e+08),
           ( 0.908, -1.30e+09),
           ( 0.911, -2.97e+08),
           ( 0.915, -1.27e+09),
           ( 0.918,  2.30e+08),
           ( 0.921, -3.48e+08),
           ( 0.925, -1.54e+08),
           ( 0.928, -1.27e+09),
           ( 0.931, -9.64e+08),
           ( 0.935, -1.24e+09),
           ( 0.938, -8.24e+08),
           ( 0.942, -1.05e+09),
           ( 0.945, -1.01e+09),
           ( 0.952,  9.79e+08),
           ( 0.955, -6.22e+08),
           ( 0.962, -2.64e+08),
           ( 0.965, -5.11e+08),
           ( 0.975,  4.25e+08),
           ( 0.979, -1.71e+08),
           ( 0.982, -8.03e+07),
           ( 0.985,  3.06e+08),
           ( 0.989, -9.22e+08),
           ( 0.992, -1.28e+08),
           ( 0.996, -7.48e+08),
           ( 1.002,  2.67e+07),
           ( 1.009, -3.72e+08),
           ( 1.013,  6.43e+08),
           ( 1.016,  5.44e+08),
           ( 1.019, -1.11e+09),
           ( 1.023,  2.76e+08),
           ( 1.026,  2.36e+08),
           ( 1.040, -1.28e+09),
           ( 1.043,  2.32e+08),
           ( 1.046, -8.83e+07),
           ( 1.050, -6.68e+07),
           ( 1.053,  3.01e+08),
           ( 1.060, -8.17e+08),
           ( 1.063,  9.53e+08),
           ( 1.067, -3.02e+08),
           ( 1.070,  1.59e+08),
           ( 1.073, -2.40e+08),
           ( 1.077,  9.34e+08),
           ( 1.083, -3.13e+08),
           ( 1.087, -6.17e+08),
           ( 1.090, -3.83e+08),
           ( 1.093,  4.34e+08),
           ( 1.097,  4.07e+08),
           ( 1.100,  4.36e+08),
           ( 1.104, -4.39e+08),
           ( 1.107,  8.28e+08),
           ( 1.110,  2.16e+08),
           ( 1.114, -1.37e+09),
           ( 1.120,  6.17e+08),
           ( 1.124,  5.32e+08),
           ( 1.127, -1.36e+09),
           ( 1.134,  5.77e+08),
           ( 1.141, -1.81e+09),
           ( 1.147, -2.62e+08),
           ( 1.151,  5.65e+08),
           ( 1.158, -4.13e+07),
           ( 1.161,  2.16e+08),
           ( 1.164,  1.63e+08),
           ( 1.168, -1.35e+09),
           ( 1.175,  6.50e+08),
           ( 1.181, -7.97e+08),
           ( 1.185,  7.23e+08),
           ( 1.188, -2.16e+08),
           ( 1.191,  5.46e+08),
           ( 1.195, -4.63e+08),
           ( 1.198,  5.87e+07),
           ( 1.202, -1.65e+08),
           ( 1.205, -6.91e+08),
           ( 1.208,  9.78e+08),
           ( 1.212,  9.52e+08),
           ( 1.218, -4.18e+08),
           ( 1.225, -3.82e+08),
           ( 1.232,  5.38e+08),
           ( 1.235, -1.48e+07),
           ( 1.245,  9.91e+08),
           ( 1.249, -3.46e+08),
           ( 1.252,  9.39e+07),
           ( 1.255, -3.32e+08),
           ( 1.259,  1.25e+08),
           ( 1.262,  1.13e+09),
           ( 1.266, -1.86e+08),
           ( 1.269,  1.53e+08),
           ( 1.272,  5.67e+07),
           ( 1.276, -1.28e+09),
           ( 1.282,  3.73e+08),
           ( 1.286, -6.31e+08),
           ( 1.289,  8.90e+08),
           ( 1.293, -4.16e+08),
           ( 1.296, -2.56e+08),
           ( 1.303,  8.67e+08),
           ( 1.309, -9.21e+08),
           ( 1.313,  1.57e+08),
           ( 1.316,  1.25e+08),
           ( 1.320, -5.54e+07),
           ( 1.323,  1.53e+07),
           ( 1.326,  3.39e+08),
           ( 1.333,  1.27e+08),
           ( 1.340, -5.91e+08),
           ( 1.347,  7.55e+08),
           ( 1.350,  1.65e+08),
           ( 1.353,  6.20e+08),
           ( 1.357, -1.88e+08),
           ( 1.360,  5.13e+08),
           ( 1.364, -8.93e+07),
           ( 1.367,  1.94e+09),
           ( 1.374,  1.12e+08),
           ( 1.377,  8.11e+08),
           ( 1.384, -8.73e+08),
           ( 1.387,  1.16e+09),
           ( 1.391,  8.19e+08),
           ( 1.394,  1.02e+09),
           ( 1.404,  3.67e+07),
           ( 1.407,  2.99e+08),
           ( 1.411, -2.66e+08),
           ( 1.417,  9.65e+08),
           ( 1.421, -6.68e+06),
           ( 1.424,  6.02e+08),
           ( 1.428,  2.78e+08),
           ( 1.431,  8.81e+08),
           ( 1.434,  6.16e+08),
           ( 1.438, -6.57e+08),
           ( 1.441, -2.36e+08),
           ( 1.444,  5.97e+08),
           ( 1.448,  4.42e+08),
           ( 1.451, -2.91e+08),
           ( 1.458,  3.49e+08),
           ( 1.461,  7.42e+08),
           ( 1.465,  4.04e+08),
           ( 1.468, -3.43e+08),
           ( 1.475,  9.55e+08),
           ( 1.478,  2.11e+08),
           ( 1.482,  4.30e+08),
           ( 1.485,  1.13e+09),
           ( 1.488,  9.87e+08),
           ( 1.492, -2.39e+08),
           ( 1.499,  4.61e+08),
           ( 1.502,  6.96e+08),
           ( 1.509,  4.01e+08),
           ( 1.512,  5.64e+08),
           ( 1.515,  5.00e+08),
           ( 1.519, -7.94e+08),
           ( 1.522,  2.96e+08),
           ( 1.526, -3.46e+08),
           ( 1.529,  1.21e+09),
           ( 1.536, -6.62e+08),
           ( 1.539,  8.89e+08),
           ( 1.542, -9.69e+08),
           ( 1.549,  7.47e+08),
           ( 1.553,  8.34e+08),
           ( 1.556, -2.13e+08),
           ( 1.559,  6.83e+08),
           ( 1.563,  1.56e+08),
           ( 1.566,  8.73e+08),
           ( 1.569,  7.31e+07),
           ( 1.573,  1.18e+09),
           ( 1.576,  6.21e+08),
           ( 1.579, -5.05e+08),
           ( 1.583,  1.07e+09),
           ( 1.586,  8.90e+08),
           ( 1.590,  1.12e+09),
           ( 1.600, -5.86e+08),
           ( 1.603,  4.61e+08),
           ( 1.606,  4.77e+08),
           ( 1.610, -8.40e+07),
           ( 1.617,  1.55e+09),
           ( 1.623,  8.90e+06),
           ( 1.627,  3.50e+08),
           ( 1.630, -3.51e+08),
           ( 1.633,  1.26e+09),
           ( 1.637,  7.70e+08),
           ( 1.640,  9.19e+08),
           ( 1.644,  8.76e+08),
           ( 1.647,  1.11e+09),
           ( 1.650,  5.02e+08),
           ( 1.654,  8.34e+08),
           ( 1.661,  1.03e+08),
           ( 1.664,  9.66e+08),
           ( 1.667,  3.68e+08),
           ( 1.671,  1.30e+09),
           ( 1.677,  5.94e+08),
           ( 1.681,  7.10e+08),
           ( 1.684, -5.43e+08),
           ( 1.688,  1.63e+09),
           ( 1.694,  1.28e+09),
           ( 1.698, -8.45e+08),
           ( 1.701,  1.02e+09),
           ( 1.704,  8.26e+08),
           ( 1.708,  1.20e+09),
           ( 1.711,  2.60e+08),
           ( 1.715,  1.39e+09),
           ( 1.721,  4.75e+08),
           ( 1.725,  5.44e+08),
           ( 1.728,  2.70e+08),
           ( 1.735,  1.22e+09),
           ( 1.738,  2.47e+08),
           ( 1.745,  7.26e+08),
           ( 1.748,  3.12e+08),
           ( 1.752,  1.62e+09),
           ( 1.755, -5.96e+08),
           ( 1.758,  7.54e+08),
           ( 1.762,  4.77e+08),
           ( 1.765,  1.19e+09),
           ( 1.772,  1.22e+08),
           ( 1.779,  2.06e+09),
           ( 1.782,  9.47e+07),
           ( 1.785,  2.32e+08),
           ( 1.789,  9.76e+07),
           ( 1.792,  5.73e+08),
           ( 1.795,  1.65e+08),
           ( 1.799,  6.58e+08),
           ( 1.802,  3.58e+08),
           ( 1.806,  1.20e+09),
           ( 1.809,  1.70e+08),
           ( 1.812,  1.56e+09),
           ( 1.816,  8.34e+08),
           ( 1.819,  9.08e+08),
           ( 1.823, -1.84e+08),
           ( 1.826,  7.28e+08),
           ( 1.829,  6.63e+07),
           ( 1.833,  1.51e+09),
           ( 1.836, -3.89e+08),
           ( 1.839,  1.85e+09),
           ( 1.843,  1.73e+09),
           ( 1.850,  6.21e+08),
           ( 1.853,  8.38e+08),
           ( 1.856,  1.12e+09),
           ( 1.860, -2.67e+08),
           ( 1.863, -2.13e+08),
           ( 1.870,  1.51e+09),
           ( 1.873,  1.62e+08),
           ( 1.877,  1.34e+09),
           ( 1.883,  2.18e+08),
           ( 1.887,  2.98e+08),
           ( 1.890,  1.46e+09),
           ( 1.893, -1.73e+08),
           ( 1.897,  1.24e+09),
           ( 1.904, -2.87e+07),
           ( 1.907,  1.15e+09),
           ( 1.910,  7.17e+08),
           ( 1.914, -2.23e+08),
           ( 1.917,  3.18e+08),
           ( 1.924,  2.56e+07),
           ( 1.927,  1.09e+09),
           ( 1.930, -4.47e+08),
           ( 1.934,  9.86e+08),
           ( 1.941,  9.63e+08),
           ( 1.947, -6.78e+07),
           ( 1.951,  8.09e+08),
           ( 1.954,  2.04e+07),
           ( 1.957,  1.64e+08),
           ( 1.961,  1.63e+09),
           ( 1.964,  4.09e+08),
           ( 1.968,  6.04e+08),
           ( 1.971, -7.68e+08),
           ( 1.978,  8.69e+08),
           ( 1.984,  2.10e+08),
           ( 1.988,  4.67e+08),
           ( 1.991, -6.00e+08),
           ( 1.995,  2.74e+08),
           ( 1.998,  2.34e+09),
           ( 2.001,  4.67e+08),
           ( 2.005,  1.07e+09),
           ( 2.012,  3.63e+08),
           ( 2.015,  1.14e+09),
           ( 2.018,  1.03e+09),
           ( 2.025, -9.21e+08),
           ( 2.032,  1.32e+09),
           ( 2.035, -5.86e+08),
           ( 2.039,  1.15e+09),
           ( 2.042,  1.50e+08),
           ( 2.045,  1.28e+09),
           ( 2.055,  2.87e+08),
           ( 2.059,  1.59e+09),
           ( 2.062,  3.66e+07),
           ( 2.069,  2.39e+08),
           ( 2.072,  5.88e+07),
           ( 2.076, -1.00e+09),
           ( 2.082,  9.39e+08),
           ( 2.086, -4.26e+08),
           ( 2.089,  1.04e+07),
           ( 2.092,  1.33e+09),
           ( 2.096,  2.39e+08),
           ( 2.099,  1.00e+09),
           ( 2.106, -1.01e+08),
           ( 2.109,  1.89e+08),
           ( 2.113,  3.96e+08),
           ( 2.116,  3.40e+08),
           ( 2.119,  6.60e+08),
           ( 2.123,  4.15e+08),
           ( 2.126,  1.35e+09),
           ( 2.130,  1.25e+09),
           ( 2.136,  6.02e+08),
           ( 2.140, -1.05e+09),
           ( 2.146,  1.49e+09),
           ( 2.150,  1.37e+09),
           ( 2.153, -7.09e+07),
           ( 2.160,  2.23e+09),
           ( 2.163,  5.76e+08),
           ( 2.167,  6.22e+08),
           ( 2.170,  1.48e+08),
           ( 2.174,  1.12e+09),
           ( 2.177,  4.23e+08),
           ( 2.180,  6.40e+08),
           ( 2.184,  3.47e+08),
           ( 2.190,  1.09e+09),
           ( 2.194,  1.21e+09),
           ( 2.197,  1.01e+09),
           ( 2.201,  1.44e+09),
           ( 2.204,  2.76e+08),
           ( 2.207,  9.44e+08),
           ( 2.211,  5.49e+08),
           ( 2.214,  1.80e+09),
           ( 2.221, -2.82e+08),
           ( 2.224,  7.54e+08),
           ( 2.228,  7.74e+08),
           ( 2.231,  9.54e+08),
           ( 2.234,  5.17e+08),
           ( 2.238,  1.03e+09),
           ( 2.241,  2.81e+08),
           ( 2.248,  9.52e+08),
           ( 2.251,  8.97e+08),
           ( 2.254,  9.02e+08),
           ( 2.258,  9.52e+08),
           ( 2.265,  1.80e+09),
           ( 2.268,  1.05e+09),
           ( 2.271,  1.47e+09),
           ( 2.275,  7.33e+08),
           ( 2.281,  1.72e+09),
           ( 2.285,  3.94e+08),
           ( 2.288,  8.76e+08),
           ( 2.295,  4.17e+08),
           ( 2.298,  1.03e+09),
           ( 2.302,  1.42e+08),
           ( 2.305,  6.15e+08),
           ( 2.308,  3.40e+08),
           ( 2.312,  8.74e+08),
           ( 2.319, -7.17e+07),
           ( 2.325,  9.02e+08),
           ( 2.329,  1.26e+09),
           ( 2.332,  2.43e+08),
           ( 2.336,  1.68e+09),
           ( 2.342, -2.64e+08),
           ( 2.349,  1.01e+09),
           ( 2.352,  2.58e+08),
           ( 2.359,  1.31e+09),
           ( 2.363,  1.32e+09),
           ( 2.369,  4.80e+08),
           ( 2.373,  2.14e+07),
           ( 2.376,  1.39e+09),
           ( 2.379,  1.16e+09),
           ( 2.383,  1.46e+09),
           ( 2.386,  1.38e+09),
           ( 2.393,  1.69e+09),
           ( 2.396,  3.07e+08),
           ( 2.400,  1.37e+09),
           ( 2.403,  1.18e+09),
           ( 2.406,  1.90e+09),
           ( 2.413,  8.12e+08),
           ( 2.416,  2.01e+09),
           ( 2.423,  4.71e+08),
           ( 2.427,  5.20e+08),
           ( 2.430,  1.16e+09),
           ( 2.433,  3.95e+08),
           ( 2.437,  8.58e+08),
           ( 2.440, -2.05e+08),
           ( 2.450,  1.10e+09),
           ( 2.454,  9.47e+08),
           ( 2.457, -1.49e+08),
           ( 2.464,  1.47e+09),
           ( 2.467,  1.22e+09),
           ( 2.470, -1.77e+08),
           ( 2.474,  1.57e+09),
           ( 2.477,  9.55e+08),
           ( 2.481,  1.14e+09),
           ( 2.484, -3.78e+08),
           ( 2.487,  1.18e+09),
           ( 2.491,  1.18e+09),
           ( 2.494,  5.59e+08),
           ( 2.498,  8.43e+08),
           ( 2.501,  5.03e+08),
           ( 2.504,  9.63e+08),
           ( 2.508,  4.33e+06),
           ( 2.511,  6.70e+07),
           ( 2.514, -1.93e+08),
           ( 2.521,  8.56e+08),
           ( 2.525,  9.98e+08),
           ( 2.528, -6.64e+07),
           ( 2.531,  3.37e+08),
           ( 2.535,  1.73e+09),
           ( 2.538,  6.47e+08),
           ( 2.541,  2.19e+09),
           ( 2.545,  2.15e+09),
           ( 2.548,  7.32e+08),
           ( 2.555,  9.82e+08),
           ( 2.565,  5.71e+08),
           ( 2.568,  1.04e+09),
           ( 2.572,  2.50e+08),
           ( 2.575,  1.24e+09),
           ( 2.578, -1.92e+07),
           ( 2.582,  8.40e+08),
           ( 2.589, -1.11e+09),
           ( 2.599,  8.92e+08),
           ( 2.605, -3.87e+08),
           ( 2.609,  1.71e+09),
           ( 2.612,  1.47e+09),
           ( 2.616,  1.86e+09),
           ( 2.626,  7.24e+08),
           ( 2.629,  7.21e+08),
           ( 2.632,  1.01e+09),
           ( 2.636,  1.06e+07),
           ( 2.639,  6.77e+08),
           ( 2.643,  4.57e+08),
           ( 2.649,  1.65e+09),
           ( 2.653,  1.11e+08),
           ( 2.660,  2.71e+09),
           ( 2.670, -3.03e+08),
           ( 2.673,  6.43e+07),
           ( 2.680,  2.18e+09),
           ( 2.683,  6.07e+08),
           ( 2.687,  9.33e+08),
           ( 2.690,  6.97e+08),
           ( 2.693,  1.20e+09),
           ( 2.697,  1.05e+08),
           ( 2.703,  2.23e+09),
           ( 2.707,  8.29e+08),
           ( 2.710,  1.56e+09),
           ( 2.714,  5.08e+08),
           ( 2.720,  1.48e+09),
           ( 2.724,  1.73e+09),
           ( 2.730,  6.10e+08),
           ( 2.734,  1.50e+09),
           ( 2.737,  1.05e+09),
           ( 2.740,  1.20e+09),
           ( 2.747,  3.42e+08),
           ( 2.751, -4.18e+08),
           ( 2.754,  1.90e+09),
           ( 2.761,  1.13e+09),
           ( 2.764,  1.43e+09),
           ( 2.771,  6.57e+08),
           ( 2.778,  2.01e+09),
           ( 2.781,  1.03e+09),
           ( 2.784,  1.85e+09),
           ( 2.788,  1.46e+09),
           ( 2.791,  2.38e+09),
           ( 2.794,  9.48e+08),
           ( 2.798,  1.54e+09),
           ( 2.801,  6.24e+08),
           ( 2.805,  1.40e+09),
           ( 2.808,  9.07e+08),
           ( 2.811,  1.68e+09),
           ( 2.822,  7.39e+08),
           ( 2.832,  2.84e+09),
           ( 2.842,  1.67e+09),
           ( 2.845,  1.80e+09),
           ( 2.849,  2.45e+09),
           ( 2.855,  1.52e+09),
           ( 2.859,  1.60e+09),
           ( 2.862,  1.76e+09),
           ( 2.869,  5.20e+08),
           ( 2.872,  2.72e+09),
           ( 2.879,  1.41e+09),
           ( 2.882,  1.38e+09),
           ( 2.886,  1.78e+09),
           ( 2.889,  1.04e+09),
           ( 2.892,  2.37e+09),
           ( 2.899,  1.32e+09),
           ( 2.903,  1.01e+09),
           ( 2.906,  7.60e+07),
           ( 2.909,  2.31e+09),
           ( 2.916,  6.71e+08),
           ( 2.919,  7.04e+08),
           ( 2.923,  1.62e+09),
           ( 2.933,  1.03e+09),
           ( 2.936,  1.53e+09),
           ( 2.940,  5.31e+08),
           ( 2.943,  1.92e+09),
           ( 2.946,  1.76e+09),
           ( 2.950,  6.45e+08),
           ( 2.953,  3.19e+09),
           ( 2.960,  1.48e+09),
           ( 2.963,  8.56e+08),
           ( 2.973,  1.74e+09),
           ( 2.977,  2.92e+09),
           ( 2.983,  1.50e+09),
           ( 2.987,  1.57e+09),
           ( 2.990,  1.42e+09),
           ( 2.994,  2.96e+09),
           ( 3.000,  1.42e+09),
           ( 3.004,  2.59e+09),
           ( 3.011,  1.74e+09),
           ( 3.014,  2.53e+09),
           ( 3.017,  9.35e+08),
           ( 3.021,  2.18e+09),
           ( 3.024,  1.33e+09),
           ( 3.027,  2.20e+09),
           ( 3.031,  1.95e+09),
           ( 3.034,  2.38e+09),
           ( 3.038,  3.92e+08),
           ( 3.041,  2.47e+09),
           ( 3.044,  1.17e+09),
           ( 3.048,  1.81e+09),
           ( 3.051,  1.74e+09),
           ( 3.054,  1.99e+09),
           ( 3.058,  2.84e+09),
           ( 3.065,  1.87e+09),
           ( 3.068,  1.92e+09),
           ( 3.071,  1.67e+09),
           ( 3.078,  2.78e+09),
           ( 3.081,  2.24e+09),
           ( 3.085,  1.00e+09),
           ( 3.095,  3.02e+09),
           ( 3.102,  1.80e+09),
           ( 3.105,  1.95e+09),
           ( 3.108,  2.58e+09),
           ( 3.112,  1.50e+09),
           ( 3.115,  1.89e+09),
           ( 3.118,  1.69e+09),
           ( 3.122,  1.75e+09),
           ( 3.125,  2.09e+09),
           ( 3.129,  1.64e+09),
           ( 3.132,  2.43e+09),
           ( 3.139,  1.79e+09),
           ( 3.142,  2.66e+09),
           ( 3.145,  1.01e+09),
           ( 3.149,  1.46e+09),
           ( 3.152,  2.54e+09),
           ( 3.156,  1.37e+09),
           ( 3.162,  2.39e+09),
           ( 3.166,  1.49e+09),
           ( 3.169,  1.47e+09),
           ( 3.173,  2.42e+09),
           ( 3.176,  2.26e+09),
           ( 3.179,  2.73e+09),
           ( 3.186,  1.03e+09),
           ( 3.193,  2.66e+09),
           ( 3.196,  1.23e+09),
           ( 3.200,  2.31e+09),
           ( 3.203,  1.36e+09),
           ( 3.213,  2.13e+09),
           ( 3.220,  2.68e+09),
           ( 3.223,  1.02e+09),
           ( 3.227,  2.16e+09),
           ( 3.230,  1.76e+09),
           ( 3.233,  1.92e+09),
           ( 3.237,  2.26e+09),
           ( 3.240,  2.21e+09),
           ( 3.243,  3.90e+08),
           ( 3.250,  3.10e+09),
           ( 3.253,  2.83e+09),
           ( 3.257,  3.33e+09),
           ( 3.260,  3.34e+09),
           ( 3.267,  1.89e+09),
           ( 3.270,  2.88e+09),
           ( 3.274,  1.16e+09),
           ( 3.280,  3.10e+09),
           ( 3.284,  1.97e+09),
           ( 3.287,  2.02e+09),
           ( 3.291,  2.29e+09),
           ( 3.294,  3.11e+09),
           ( 3.297,  2.98e+09),
           ( 3.301,  3.11e+09),
           ( 3.304,  2.44e+09),
           ( 3.307,  2.60e+09),
           ( 3.314,  3.78e+09),
           ( 3.318,  4.06e+09),
           ( 3.321,  3.67e+09),
           ( 3.324,  4.68e+09),
           ( 3.331,  3.36e+09),
           ( 3.335,  3.22e+09),
           ( 3.338,  2.44e+09),
           ( 3.341,  3.78e+09),
           ( 3.348,  2.60e+09),
           ( 3.351,  2.93e+09),
           ( 3.355,  3.72e+09),
           ( 3.362,  2.95e+09),
           ( 3.365,  3.75e+09),
           ( 3.368,  3.23e+09),
           ( 3.372,  4.42e+09),
           ( 3.378,  2.67e+09),
           ( 3.385,  4.62e+09),
           ( 3.392,  3.06e+09),
           ( 3.395,  4.09e+09),
           ( 3.402,  2.98e+09),
           ( 3.405,  3.45e+09),
           ( 3.409,  2.18e+09),
           ( 3.415,  3.70e+09),
           ( 3.419,  3.65e+09),
           ( 3.422,  2.81e+09),
           ( 3.426,  2.80e+09),
           ( 3.432,  3.69e+09),
           ( 3.436,  3.54e+09),
           ( 3.439,  2.94e+09),
           ( 3.442,  3.36e+09),
           ( 3.446,  3.15e+09),
           ( 3.449,  5.15e+09),
           ( 3.453,  3.94e+09),
           ( 3.456,  5.11e+09),
           ( 3.459,  4.50e+09),
           ( 3.463,  4.73e+09),
           ( 3.469,  3.38e+09),
           ( 3.473,  3.44e+09),
           ( 3.480,  3.92e+09),
           ( 3.483,  3.39e+09),
           ( 3.490,  4.48e+09),
           ( 3.497,  3.59e+09),
           ( 3.500,  4.69e+09),
           ( 3.503,  3.50e+09),
           ( 3.507,  3.70e+09),
           ( 3.510,  3.54e+09),
           ( 3.513,  4.37e+09),
           ( 3.517,  2.80e+09),
           ( 3.520,  2.98e+09),
           ( 3.524,  3.76e+09),
           ( 3.530,  3.40e+09),
           ( 3.534,  3.87e+09),
           ( 3.540,  2.76e+09),
           ( 3.544,  4.25e+09),
           ( 3.551,  3.24e+09),
           ( 3.554,  3.17e+09),
           ( 3.557,  2.94e+09),
           ( 3.561,  3.25e+09),
           ( 3.564,  2.98e+09),
           ( 3.571,  4.71e+09),
           ( 3.574,  4.64e+09),
           ( 3.581,  2.74e+09),
           ( 3.584,  3.80e+09),
           ( 3.588,  3.28e+09),
           ( 3.591,  3.69e+09),
           ( 3.594,  2.83e+09),
           ( 3.601,  3.84e+09),
           ( 3.604,  3.77e+09),
           ( 3.608,  3.41e+09),
           ( 3.611,  3.96e+09),
           ( 3.615,  3.60e+09),
           ( 3.618,  4.24e+09),
           ( 3.621,  3.48e+09),
           ( 3.625,  4.35e+09),
           ( 3.628,  4.02e+09),
           ( 3.631,  4.36e+09),
           ( 3.638,  3.22e+09),
           ( 3.645,  4.21e+09),
           ( 3.648,  4.84e+09),
           ( 3.652,  4.23e+09),
           ( 3.655,  3.02e+09),
           ( 3.662,  4.74e+09),
           ( 3.665,  4.97e+09),
           ( 3.675,  3.55e+09),
           ( 3.679,  3.86e+09),
           ( 3.682,  4.75e+09),
           ( 3.686,  4.68e+09),
           ( 3.689,  5.23e+09),
           ( 3.696,  4.79e+09),
           ( 3.699,  4.98e+09),
           ( 3.702,  3.61e+09),
           ( 3.709,  4.84e+09),
           ( 3.713,  4.73e+09),
           ( 3.719,  3.67e+09),
           ( 3.723,  4.65e+09),
           ( 3.729,  3.49e+09),
           ( 3.733,  4.42e+09),
           ( 3.736,  4.13e+09),
           ( 3.739,  4.38e+09),
           ( 3.743,  3.74e+09),
           ( 3.746,  4.04e+09),
           ( 3.753,  3.20e+09),
           ( 3.756,  5.52e+09),
           ( 3.760,  3.99e+09),
           ( 3.763,  3.97e+09),
           ( 3.770,  2.73e+09),
           ( 3.773,  4.83e+09),
           ( 3.777,  4.72e+09),
           ( 3.783,  3.26e+09),
           ( 3.787,  4.63e+09),
           ( 3.793,  4.24e+09),
           ( 3.797,  3.74e+09),
           ( 3.800,  4.25e+09),
           ( 3.804,  2.89e+09),
           ( 3.810,  5.44e+09),
           ( 3.817,  3.90e+09),
           ( 3.821,  3.20e+09),
           ( 3.831,  4.39e+09),
           ( 3.837,  3.97e+09),
           ( 3.841,  4.57e+09),
           ( 3.848,  3.34e+09),
           ( 3.851,  4.68e+09),
           ( 3.858,  4.47e+09),
           ( 3.861,  3.61e+09),
           ( 3.864,  4.58e+09),
           ( 3.868,  4.56e+09),
           ( 3.871,  5.70e+09),
           ( 3.878,  4.18e+09),
           ( 3.881,  5.63e+09),
           ( 3.891,  2.97e+09),
           ( 3.895,  3.56e+09),
           ( 3.898,  3.43e+09),
           ( 3.905,  4.00e+09),
           ( 3.908,  3.34e+09),
           ( 3.912,  5.12e+09),
           ( 3.918,  3.21e+09),
           ( 3.922,  4.56e+09),
           ( 3.925,  3.71e+09),
           ( 3.928,  4.63e+09),
           ( 3.932,  4.40e+09),
           ( 3.935,  3.47e+09),
           ( 3.939,  3.94e+09),
           ( 3.945,  5.34e+09),
           ( 3.949,  5.28e+09),
           ( 3.955,  2.59e+09),
           ( 3.959,  3.50e+09),
           ( 3.966,  3.04e+09),
           ( 3.969,  4.33e+09),
           ( 3.972,  4.18e+09),
           ( 3.979,  3.07e+09),
           ( 3.982,  3.14e+09),
           ( 3.986,  3.88e+09),
           ( 3.989,  3.08e+09),
           ( 3.996,  4.75e+09),
           ( 4.003,  3.59e+09),
           ( 4.006,  4.69e+09),
           ( 4.013,  3.58e+09),
           ( 4.016,  3.77e+09),
           ( 4.020,  3.62e+09),
           ( 4.023,  3.70e+09),
           ( 4.030,  4.94e+09),
           ( 4.033,  5.16e+09),
           ( 4.040,  3.99e+09),
           ( 4.047,  6.58e+09),
           ( 4.053,  4.94e+09),
           ( 4.060,  4.65e+09),
           ( 4.064,  5.12e+09),
           ( 4.067,  4.73e+09),
           ( 4.070,  5.49e+09),
           ( 4.077,  4.20e+09),
           ( 4.080,  4.28e+09),
           ( 4.084,  4.88e+09),
           ( 4.090,  3.88e+09),
           ( 4.094,  4.61e+09),
           ( 4.097,  4.12e+09),
           ( 4.101,  4.80e+09),
           ( 4.104,  4.19e+09),
           ( 4.107,  4.92e+09),
           ( 4.111,  3.99e+09),
           ( 4.117,  4.73e+09),
           ( 4.121,  3.85e+09),
           ( 4.131,  5.23e+09),
           ( 4.138,  5.74e+09),
           ( 4.148,  4.98e+09),
           ( 4.155,  4.63e+09),
           ( 4.158,  4.84e+09),
           ( 4.161,  5.40e+09),
           ( 4.168,  5.17e+09),
           ( 4.172,  4.53e+09),
           ( 4.175,  5.02e+09),
           ( 4.178,  4.95e+09),
           ( 4.182,  3.68e+09),
           ( 4.185,  4.15e+09),
           ( 4.188,  3.94e+09),
           ( 4.192,  4.63e+09),
           ( 4.195,  4.56e+09),
           ( 4.199,  4.75e+09),
           ( 4.202,  4.75e+09),
           ( 4.205,  4.49e+09),
           ( 4.209,  5.18e+09),
           ( 4.212,  5.06e+09),
           ( 4.215,  3.89e+09),
           ( 4.219,  4.17e+09),
           ( 4.226,  4.88e+09),
           ( 4.236,  4.25e+09),
           ( 4.239,  4.48e+09),
           ( 4.242,  3.82e+09),
           ( 4.246,  4.72e+09),
           ( 4.249,  3.50e+09),
           ( 4.252,  4.66e+09),
           ( 4.256,  4.65e+09),
           ( 4.259,  3.06e+09),
           ( 4.263,  3.42e+09),
           ( 4.269,  4.88e+09),
           ( 4.276,  3.46e+09),
           ( 4.279,  4.59e+09),
           ( 4.283,  3.99e+09),
           ( 4.286,  4.52e+09),
           ( 4.293,  2.97e+09),
           ( 4.296,  3.75e+09),
           ( 4.300,  2.99e+09),
           ( 4.303,  3.84e+09),
           ( 4.310,  1.42e+09),
           ( 4.313,  3.43e+09),
           ( 4.317,  2.46e+09),
           ( 4.320,  2.70e+09),
           ( 4.323,  2.49e+09),
           ( 4.327,  3.49e+09),
           ( 4.330,  2.69e+09),
           ( 4.334,  4.05e+09),
           ( 4.337,  2.93e+09),
           ( 4.340,  4.29e+09),
           ( 4.344,  3.36e+09),
           ( 4.347,  4.21e+09),
           ( 4.350,  2.39e+09),
           ( 4.357,  3.33e+09),
           ( 4.361,  3.27e+09),
           ( 4.364,  3.66e+09),
           ( 4.367,  3.50e+09),
           ( 4.374,  2.91e+09),
           ( 4.377,  2.71e+09),
           ( 4.381,  3.33e+09),
           ( 4.384,  2.72e+09),
           ( 4.388,  3.80e+09),
           ( 4.398,  2.20e+09),
           ( 4.401,  2.83e+09),
           ( 4.404,  1.90e+09),
           ( 4.408,  3.92e+09),
           ( 4.411,  3.62e+09),
           ( 4.414,  3.75e+09),
           ( 4.418,  1.96e+09),
           ( 4.421,  2.95e+09),
           ( 4.425,  2.45e+09),
           ( 4.431,  3.99e+09),
           ( 4.435,  3.07e+09),
           ( 4.438,  4.47e+09),
           ( 4.445,  2.29e+09),
           ( 4.448,  2.56e+09),
           ( 4.452,  2.52e+09),
           ( 4.455,  2.39e+09),
           ( 4.458,  2.06e+09),
           ( 4.468,  3.64e+09),
           ( 4.475,  2.36e+09),
           ( 4.479,  2.83e+09),
           ( 4.482,  3.78e+09),
           ( 4.492,  2.29e+09),
           ( 4.502,  4.24e+09),
           ( 4.506,  2.49e+09),
           ( 4.509,  2.89e+09),
           ( 4.512,  3.79e+09),
           ( 4.516,  3.44e+09),
           ( 4.519,  3.96e+09),
           ( 4.523,  2.58e+09),
           ( 4.526,  3.65e+09),
           ( 4.529,  2.70e+09),
           ( 4.533,  2.75e+09),
           ( 4.536,  3.75e+09),
           ( 4.543,  3.25e+09),
           ( 4.546,  3.55e+09),
           ( 4.550,  2.85e+09),
           ( 4.553,  3.49e+09),
           ( 4.556,  3.44e+09),
           ( 4.560,  1.60e+09),
           ( 4.563,  2.19e+09),
           ( 4.566,  1.84e+09),
           ( 4.573,  3.31e+09),
           ( 4.583,  1.97e+09),
           ( 4.587,  2.66e+09),
           ( 4.590,  1.73e+09),
           ( 4.597,  2.56e+09),
           ( 4.600,  1.87e+09),
           ( 4.603,  3.44e+09),
           ( 4.607,  3.22e+09),
           ( 4.610,  2.43e+09),
           ( 4.614,  2.82e+09),
           ( 4.617,  1.70e+09),
           ( 4.627,  3.03e+09),
           ( 4.630,  3.07e+09),
           ( 4.634,  2.12e+09),
           ( 4.641,  3.06e+09),
           ( 4.644,  2.47e+09),
           ( 4.647,  2.78e+09),
           ( 4.651,  4.58e+09),
           ( 4.654,  2.35e+09),
           ( 4.661,  3.05e+09),
           ( 4.664,  4.24e+09),
           ( 4.668,  2.06e+09),
           ( 4.674,  3.12e+09),
           ( 4.678,  2.39e+09),
           ( 4.681,  2.88e+09),
           ( 4.688,  2.35e+09),
           ( 4.695,  3.06e+09),
           ( 4.698,  2.37e+09),
           ( 4.701,  2.78e+09),
           ( 4.705,  7.87e+08),
           ( 4.708,  1.73e+09),
           ( 4.712,  9.83e+08),
           ( 4.718,  2.50e+09),
           ( 4.722,  1.66e+09),
           ( 4.725,  1.69e+09),
           ( 4.728,  1.15e+09),
           ( 4.735,  2.84e+09),
           ( 4.738,  3.13e+09),
           ( 4.742,  1.62e+09),
           ( 4.749,  2.66e+09),
           ( 4.752,  1.97e+09),
           ( 4.755,  3.41e+09),
           ( 4.759,  2.46e+09),
           ( 4.762,  2.74e+09),
           ( 4.769,  9.22e+08),
           ( 4.772,  2.85e+09),
           ( 4.776,  2.08e+09),
           ( 4.779,  2.31e+09),
           ( 4.782,  2.91e+09),
           ( 4.786,  2.33e+09),
           ( 4.789,  5.48e+08),
           ( 4.796,  2.35e+09),
           ( 4.799,  2.23e+09),
           ( 4.806,  1.24e+09),
           ( 4.809,  2.65e+09),
           ( 4.816,  1.19e+09),
           ( 4.820,  1.53e+09),
           ( 4.823,  5.46e+08),
           ( 4.830,  3.33e+09),
           ( 4.836,  2.07e+09),
           ( 4.840,  1.65e+09),
           ( 4.843,  2.52e+09),
           ( 4.853,  1.14e+09),
           ( 4.857,  1.98e+09),
           ( 4.860,  1.18e+09),
           ( 4.867,  2.95e+09),
           ( 4.870,  1.97e+09),
           ( 4.874,  2.89e+09),
           ( 4.877,  2.32e+09),
           ( 4.880,  2.59e+09),
           ( 4.887,  1.91e+09),
           ( 4.890,  2.15e+09),
           ( 4.894,  2.12e+09),
           ( 4.897,  2.44e+09),
           ( 4.901,  1.27e+09),
           ( 4.904,  2.10e+09),
           ( 4.907,  1.79e+09),
           ( 4.911,  1.97e+09),
           ( 4.914,  3.41e+09),
           ( 4.921,  1.62e+09),
           ( 4.927,  2.21e+09),
           ( 4.931,  1.53e+09),
           ( 4.938,  3.54e+09),
           ( 4.944,  7.13e+08),
           ( 4.948,  2.11e+09),
           ( 4.951,  1.26e+09),
           ( 4.958,  1.96e+09),
           ( 4.961,  4.36e+08),
           ( 4.965,  2.80e+09),
           ( 4.971,  1.70e+09),
           ( 4.975,  2.80e+09),
           ( 4.978,  1.42e+09),
           ( 4.981,  1.52e+09),
           ( 4.988,  2.22e+09),
           ( 4.992,  1.08e+09),
           ( 4.995,  1.60e+09),
           ( 4.998,  2.65e+09),
           ( 5.002,  8.48e+08),
           ( 5.009,  2.07e+09),
           ( 5.012,  1.00e+09),
           ( 5.015,  1.41e+09),
           ( 5.022,  1.01e+09),
           ( 5.025,  1.90e+09),
           ( 5.029,  7.07e+08),
           ( 5.032,  1.63e+09),
           ( 5.036,  6.47e+08),
           ( 5.039,  1.46e+09),
           ( 5.042,  7.91e+08),
           ( 5.049,  2.37e+09),
           ( 5.056,  1.05e+09),
           ( 5.059,  6.88e+08),
           ( 5.066,  1.99e+09),
           ( 5.069,  1.59e+09),
           ( 5.076,  1.99e+09),
           ( 5.083,  8.65e+08),
           ( 5.086,  1.13e+09),
           ( 5.093,  8.14e+08),
           ( 5.096,  8.62e+08),
           ( 5.100,  8.37e+07),
           ( 5.103,  1.56e+09),
           ( 5.110,  5.62e+08),
           ( 5.113,  1.94e+09),
           ( 5.116,  1.16e+09),
           ( 5.120,  1.17e+09),
           ( 5.127,  1.77e+09),
           ( 5.130,  2.37e+09),
           ( 5.137,  9.50e+08),
           ( 5.143,  1.96e+09),
           ( 5.147,  1.24e+09),
           ( 5.150,  1.92e+09),
           ( 5.157,  1.26e+09),
           ( 5.164,  1.95e+09),
           ( 5.171,  2.99e+08),
           ( 5.174,  2.45e+09),
           ( 5.181,  9.31e+08),
           ( 5.184,  7.15e+08),
           ( 5.187,  1.41e+09),
           ( 5.194,  6.54e+08),
           ( 5.198,  1.81e+09),
           ( 5.208,  5.43e+08),
           ( 5.211,  4.04e+08),
           ( 5.214,  1.11e+09),
           ( 5.221,  5.84e+08),
           ( 5.225,  8.71e+08),
           ( 5.228,  1.82e+09),
           ( 5.235,  1.18e+09),
           ( 5.238,  5.08e+08),
           ( 5.241,  7.79e+08),
           ( 5.248,  1.99e+09),
           ( 5.251,  1.18e+09),
           ( 5.255,  1.92e+09),
           ( 5.265,  7.66e+08),
           ( 5.268,  1.20e+09),
           ( 5.272,  1.09e+09),
           ( 5.275,  7.73e+08),
           ( 5.278,  7.31e+07),
           ( 5.282,  1.57e+09),
           ( 5.285,  5.79e+08),
           ( 5.289,  1.87e+09),
           ( 5.295,  5.36e+08),
           ( 5.299,  1.42e+09),
           ( 5.302,  1.11e+09),
           ( 5.305,  1.51e+09),
           ( 5.309,  7.90e+08),
           ( 5.316,  2.26e+09),
           ( 5.319,  1.70e+09),
           ( 5.326, -9.21e+07),
           ( 5.329,  2.08e+09),
           ( 5.333,  1.90e+09),
           ( 5.336,  1.16e+09),
           ( 5.343,  1.72e+09),
           ( 5.346,  9.81e+08),
           ( 5.353,  1.79e+09),
           ( 5.356,  1.89e+09),
           ( 5.360,  1.11e+09),
           ( 5.363,  1.17e+09),
           ( 5.366,  1.80e+09),
           ( 5.370,  1.61e+09),
           ( 5.373,  1.92e+09),
           ( 5.376,  1.02e+09),
           ( 5.380,  1.03e+09),
           ( 5.383,  1.91e+09),
           ( 5.387,  5.83e+08),
           ( 5.390,  1.61e+09),
           ( 5.397,  5.32e+08),
           ( 5.400,  1.59e+09),
           ( 5.403, -6.49e+07),
           ( 5.407,  2.74e+09),
           ( 5.410,  1.58e+09),
           ( 5.413,  1.98e+09),
           ( 5.417,  1.46e+09),
           ( 5.420,  2.04e+09),
           ( 5.424,  7.72e+08),
           ( 5.427,  1.39e+09),
           ( 5.430,  3.04e+09),
           ( 5.437,  5.15e+08),
           ( 5.444,  1.41e+09),
           ( 5.447,  2.02e+09),
           ( 5.451,  1.68e+09),
           ( 5.454,  9.92e+08),
           ( 5.457,  1.17e+09),
           ( 5.464,  2.06e+09),
           ( 5.471,  1.04e+09),
           ( 5.478,  1.44e+09),
           ( 5.481,  2.25e+09),
           ( 5.488,  6.05e+08),
           ( 5.491,  1.78e+09),
           ( 5.498,  1.36e+09),
           ( 5.501,  2.22e+09),
           ( 5.505,  1.59e+08),
           ( 5.511,  1.76e+09),
           ( 5.515,  1.67e+09),
           ( 5.518,  7.36e+08),
           ( 5.522,  9.24e+08),
           ( 5.525,  5.34e+07),
           ( 5.532,  1.53e+09),
           ( 5.535,  1.17e+09),
           ( 5.538,  1.76e+09),
           ( 5.542,  1.75e+09),
           ( 5.545,  1.32e+09),
           ( 5.549,  2.13e+09),
           ( 5.552,  1.85e+09),
           ( 5.555,  8.77e+08),
           ( 5.559,  2.08e+09),
           ( 5.562,  9.68e+08),
           ( 5.565,  1.04e+09),
           ( 5.569,  1.63e+09),
           ( 5.572,  1.07e+09),
           ( 5.575,  1.35e+09),
           ( 5.579,  1.34e+09),
           ( 5.582,  1.09e+09),
           ( 5.586,  2.14e+09),
           ( 5.589,  1.43e+09),
           ( 5.596,  2.00e+09),
           ( 5.602,  1.51e+09),
           ( 5.606,  2.09e+09),
           ( 5.609,  1.60e+09),
           ( 5.613,  5.92e+08),
           ( 5.616,  7.03e+08),
           ( 5.619,  1.07e+09),
           ( 5.623,  1.97e+09),
           ( 5.626,  1.59e+09),
           ( 5.629,  1.79e+09),
           ( 5.633,  2.34e+09),
           ( 5.640,  2.47e+08),
           ( 5.643,  1.76e+09),
           ( 5.646,  1.24e+09),
           ( 5.653,  2.30e+09),
           ( 5.657,  1.04e+09),
           ( 5.660,  1.24e+09),
           ( 5.663,  1.86e+09),
           ( 5.667,  1.54e+09),
           ( 5.673,  1.87e+09),
           ( 5.680,  1.04e+09),
           ( 5.684,  1.08e+09),
           ( 5.690,  1.24e+09),
           ( 5.694,  1.01e+09),
           ( 5.697,  2.31e+09),
           ( 5.707,  5.79e+08),
           ( 5.711,  1.47e+09),
           ( 5.714,  1.10e+09),
           ( 5.717,  1.26e+09),
           ( 5.724,  2.67e+09),
           ( 5.731,  8.57e+08),
           ( 5.734,  2.34e+09),
           ( 5.741,  7.92e+08),
           ( 5.748,  1.86e+09),
           ( 5.754,  1.15e+09),
           ( 5.758,  2.03e+09),
           ( 5.761,  7.65e+08),
           ( 5.768,  1.43e+09),
           ( 5.775,  9.17e+08),
           ( 5.778,  1.36e+09),
           ( 5.781,  5.90e+08),
           ( 5.785,  1.56e+09),
           ( 5.791,  3.27e+08),
           ( 5.795,  2.44e+09),
           ( 5.802, -4.26e+08),
           ( 5.805,  1.38e+09),
           ( 5.808,  4.98e+08),
           ( 5.812,  7.36e+08),
           ( 5.815,  1.66e+09),
           ( 5.819,  1.11e+09),
           ( 5.822,  1.51e+09),
           ( 5.825,  7.57e+08),
           ( 5.829,  1.22e+09),
           ( 5.832,  1.04e+09),
           ( 5.835,  4.91e+08),
           ( 5.842,  2.01e+09),
           ( 5.846, -1.39e+08),
           ( 5.852,  1.26e+09),
           ( 5.856,  1.28e+09),
           ( 5.859,  4.84e+08),
           ( 5.862,  1.89e+09),
           ( 5.866,  6.32e+08),
           ( 5.869,  1.46e+09),
           ( 5.873,  2.17e+08),
           ( 5.876,  1.78e+09),
           ( 5.883,  4.37e+08),
           ( 5.886,  1.47e+09),
           ( 5.889,  1.46e+09),
           ( 5.893,  1.41e+09),
           ( 5.896,  1.43e+09),
           ( 5.900,  1.14e+09),
           ( 5.903,  1.31e+09),
           ( 5.910,  2.22e+09),
           ( 5.916,  5.44e+08),
           ( 5.923,  2.56e+09),
           ( 5.926, -4.72e+07),
           ( 5.930,  2.88e+08),
           ( 5.933,  1.82e+09),
           ( 5.937,  8.60e+08),
           ( 5.940,  1.70e+09),
           ( 5.943,  5.41e+08),
           ( 5.947,  1.20e+09),
           ( 5.950,  9.36e+08),
           ( 5.953, -6.11e+08),
           ( 5.960,  1.79e+09),
           ( 5.964,  1.46e+09),
           ( 5.970,  6.16e+07),
           ( 5.977,  1.74e+09),
           ( 5.980,  5.46e+08),
           ( 5.987,  8.10e+08),
           ( 5.991,  1.57e+09),
           ( 5.997, -3.16e+07),
           ( 6.001,  1.62e+09),
           ( 6.004,  1.50e+09),
           ( 6.008,  4.35e+08),
           ( 6.011,  5.07e+08),
           ( 6.014,  2.06e+09),
           ( 6.018,  1.37e+09),
           ( 6.024,  1.90e+09),
           ( 6.028,  6.46e+08),
           ( 6.035,  1.93e+09),
           ( 6.038,  4.76e+08),
           ( 6.048,  1.67e+09),
           ( 6.051,  1.94e+09),
           ( 6.055,  6.02e+08),
           ( 6.062,  1.97e+09),
           ( 6.065,  1.55e+09),
           ( 6.068,  6.45e+08),
           ( 6.072,  1.70e+09),
           ( 6.075,  9.53e+08),
           ( 6.078,  1.04e+09),
           ( 6.082,  1.59e+09),
           ( 6.085,  1.10e+09),
           ( 6.088,  1.73e+09),
           ( 6.092,  1.14e+09),
           ( 6.095,  1.79e+09),
           ( 6.099,  6.55e+08),
           ( 6.109,  1.68e+09),
           ( 6.112,  1.37e+09),
           ( 6.115,  1.61e+09),
           ( 6.119,  6.12e+08),
           ( 6.126,  1.58e+09),
           ( 6.129,  2.83e+08),
           ( 6.136,  2.17e+09),
           ( 6.139,  6.49e+08),
           ( 6.142,  9.02e+08),
           ( 6.146,  2.20e+09),
           ( 6.153, -3.02e+08),
           ( 6.156,  2.43e+09),
           ( 6.159,  2.09e+08),
           ( 6.166,  1.20e+09),
           ( 6.170,  1.22e+09),
           ( 6.173,  1.04e+07),
           ( 6.180,  9.64e+08),
           ( 6.183,  2.47e+09),
           ( 6.190,  7.52e+08),
           ( 6.193,  1.03e+09),
           ( 6.197,  1.33e+08),
           ( 6.210,  1.96e+09),
           ( 6.213, -3.54e+08),
           ( 6.220,  8.62e+08),
           ( 6.224,  2.02e+07),
           ( 6.227,  9.01e+08),
           ( 6.234,  5.91e+07),
           ( 6.237,  2.15e+08),
           ( 6.240, -8.16e+07),
           ( 6.244, -9.61e+08),
           ( 6.254,  1.39e+09),
           ( 6.257, -4.09e+08),
           ( 6.267,  8.14e+08),
           ( 6.271,  7.78e+08),
           ( 6.274,  4.62e+08),
           ( 6.277,  7.68e+08),
           ( 6.281,  2.13e+08),
           ( 6.284,  6.79e+08),
           ( 6.288,  3.47e+08),
           ( 6.291,  1.59e+09),
           ( 6.294,  4.74e+08),
           ( 6.298,  9.22e+08),
           ( 6.301, -1.22e+08),
           ( 6.308,  9.97e+08),
           ( 6.311,  7.39e+08),
           ( 6.315, -2.01e+08),
           ( 6.321,  5.15e+08),
           ( 6.325, -6.72e+08),
           ( 6.328, -6.72e+07),
           ( 6.332,  1.22e+09),
           ( 6.338, -5.95e+08),
           ( 6.342,  9.09e+08),
           ( 6.348, -7.46e+06),
           ( 6.352,  7.70e+08),
           ( 6.355,  6.57e+07),
           ( 6.359,  1.14e+09),
           ( 6.365, -4.82e+08),
           ( 6.369,  4.10e+08),
           ( 6.372, -6.42e+08),
           ( 6.375,  2.01e+07),
           ( 6.379, -8.33e+08),
           ( 6.386,  1.69e+08),
           ( 6.389, -1.12e+09),
           ( 6.392,  9.13e+08),
           ( 6.399, -9.38e+08),
           ( 6.406,  5.06e+07),
           ( 6.409,  4.31e+08),
           ( 6.419, -9.99e+08),
           ( 6.423,  5.12e+08),
           ( 6.426, -6.52e+08),
           ( 6.429,  7.37e+08),
           ( 6.433,  1.29e+08),
           ( 6.436, -1.12e+09),
           ( 6.446,  8.93e+08),
           ( 6.450, -7.10e+08),
           ( 6.453,  2.10e+08),
           ( 6.456, -1.94e+09),
           ( 6.463,  8.91e+08),
           ( 6.466,  4.47e+07),
           ( 6.470,  3.40e+08),
           ( 6.473, -1.10e+09),
           ( 6.477,  1.10e+09),
           ( 6.480,  2.52e+08),
           ( 6.487,  6.60e+08),
           ( 6.494, -1.45e+09),
           ( 6.497,  2.52e+08),
           ( 6.500, -7.10e+08),
           ( 6.507,  6.63e+08),
           ( 6.510, -1.01e+09),
           ( 6.517,  2.42e+08),
           ( 6.521,  1.06e+08),
           ( 6.524, -6.28e+08),
           ( 6.527, -3.12e+08),
           ( 6.531, -3.05e+08),
           ( 6.534,  1.75e+09),
           ( 6.541, -8.58e+08),
           ( 6.544,  4.54e+08),
           ( 6.548, -9.79e+08),
           ( 6.551, -3.57e+08),
           ( 6.554, -9.04e+08),
           ( 6.561,  6.47e+08),
           ( 6.568, -1.23e+09),
           ( 6.574,  1.62e+08),
           ( 6.578, -1.05e+09),
           ( 6.585,  1.76e+08),
           ( 6.588,  1.74e+08),
           ( 6.591,  3.81e+08),
           ( 6.598, -1.26e+09),
           ( 6.601, -4.68e+08),
           ( 6.605, -4.51e+08),
           ( 6.608, -1.00e+08),
           ( 6.612, -3.06e+08),
           ( 6.618,  4.40e+08),
           ( 6.622,  6.10e+08),
           ( 6.625, -7.87e+08),
           ( 6.632,  2.77e+08),
           ( 6.635, -4.66e+08),
           ( 6.639, -2.46e+08),
           ( 6.642,  8.55e+08),
           ( 6.649, -9.14e+08),
           ( 6.652, -1.29e+09),
           ( 6.656,  8.67e+07),
           ( 6.659, -1.15e+08),
           ( 6.662, -1.02e+08),
           ( 6.666,  4.42e+08),
           ( 6.669, -1.46e+09),
           ( 6.676, -6.39e+07),
           ( 6.679, -4.68e+08),
           ( 6.683,  4.47e+08),
           ( 6.686, -1.25e+09),
           ( 6.689,  1.01e+09),
           ( 6.693, -7.79e+07),
           ( 6.699,  8.74e+08),
           ( 6.703, -3.86e+08),
           ( 6.706,  1.25e+09),
           ( 6.710,  7.83e+08),
           ( 6.713, -8.38e+08),
           ( 6.716, -1.92e+07),
           ( 6.723, -9.95e+08),
           ( 6.726, -4.04e+07),
           ( 6.733, -9.28e+08),
           ( 6.736, -2.21e+08),
           ( 6.740, -7.37e+08),
           ( 6.743, -7.47e+08),
           ( 6.747,  7.68e+08),
           ( 6.750, -4.17e+07),
           ( 6.753,  8.95e+07),
           ( 6.757, -8.31e+07),
           ( 6.760, -8.85e+08),
           ( 6.767, -3.53e+07),
           ( 6.770,  1.91e+08),
           ( 6.774, -6.13e+07),
           ( 6.777,  7.25e+08),
           ( 6.784, -4.64e+08),
           ( 6.787, -3.49e+08),
           ( 6.790,  1.12e+09),
           ( 6.794,  7.59e+08),
           ( 6.797, -2.12e+08),
           ( 6.801,  7.16e+08),
           ( 6.804,  7.24e+08),
           ( 6.811, -3.42e+07),
           ( 6.814,  6.42e+08),
           ( 6.818,  2.31e+08),
           ( 6.821, -6.67e+08),
           ( 6.824,  1.00e+09),
           ( 6.828,  4.06e+07),
           ( 6.831,  5.41e+08),
           ( 6.834,  1.39e+08),
           ( 6.838,  5.18e+08),
           ( 6.841,  5.10e+08),
           ( 6.845,  1.19e+09),
           ( 6.848,  6.99e+08),
           ( 6.851, -7.32e+08),
           ( 6.855,  2.59e+08),
           ( 6.858,  2.35e+08),
           ( 6.861,  8.11e+07),
           ( 6.865,  6.15e+08),
           ( 6.868, -5.60e+08),
           ( 6.872,  1.18e+08),
           ( 6.875, -1.15e+08),
           ( 6.878,  2.10e+08),
           ( 6.882, -2.82e+08),
           ( 6.888,  3.94e+08),
           ( 6.892,  2.19e+08),
           ( 6.895, -1.18e+09),
           ( 6.898,  4.09e+08),
           ( 6.905, -4.68e+08),
           ( 6.909, -2.21e+08),
           ( 6.912, -1.18e+09),
           ( 6.915,  8.18e+08),
           ( 6.922, -5.81e+08),
           ( 6.925, -4.13e+08),
           ( 6.929, -5.10e+08),
           ( 6.936,  6.81e+08),
           ( 6.939, -7.04e+08),
           ( 6.942, -2.70e+08),
           ( 6.946, -5.42e+08),
           ( 6.949, -4.12e+08),
           ( 6.952, -1.22e+09),
           ( 6.956, -1.22e+09),
           ( 6.959, -1.15e+09),
           ( 6.963, -1.25e+09),
           ( 6.966,  3.65e+08),
           ( 6.969,  1.72e+08),
           ( 6.976, -1.13e+09),
           ( 6.979, -1.34e+08),
           ( 6.983, -6.88e+08),
           ( 6.986, -6.42e+08),
           ( 6.990, -1.09e+09),
           ( 6.993, -4.95e+08),
           ( 6.996, -4.91e+08),
           ( 7.000, -1.11e+09),
           ( 7.003, -2.30e+08),
           ( 7.007, -5.51e+08),
           ( 7.010, -1.53e+09),
           ( 7.020,  1.91e+08),
           ( 7.023, -8.83e+08),
           ( 7.034,  3.20e+08),
           ( 7.037, -6.06e+08),
           ( 7.040,  7.58e+08),
           ( 7.047, -9.47e+07),
           ( 7.054, -5.37e+08),
           ( 7.057, -8.96e+08),
           ( 7.061,  3.41e+08),
           ( 7.064,  2.40e+08),
           ( 7.071, -1.64e+09),
           ( 7.074, -6.30e+08),
           ( 7.077, -1.69e+09),
           ( 7.081, -6.23e+08),
           ( 7.084, -1.93e+09),
           ( 7.091, -3.57e+08),
           ( 7.094, -1.36e+09),
           ( 7.101, -2.62e+08),
           ( 7.104, -8.16e+08),
           ( 7.108,  9.38e+06),
           ( 7.111, -6.11e+08),
           ( 7.114,  6.42e+08),
           ( 7.121, -4.16e+08),
           ( 7.125, -3.29e+08),
           ( 7.128, -9.30e+08),
           ( 7.131,  5.90e+08),
           ( 7.141, -8.52e+08),
           ( 7.145, -5.28e+08),
           ( 7.148, -6.89e+08),
           ( 7.152, -1.55e+09),
           ( 7.158,  1.66e+08),
           ( 7.162, -2.88e+08),
           ( 7.165, -2.29e+08),
           ( 7.169, -1.09e+09),
           ( 7.175,  9.42e+08),
           ( 7.179, -5.90e+08),
           ( 7.182, -3.20e+08),
           ( 7.185, -6.25e+08),
           ( 7.189,  3.80e+08),
           ( 7.192, -1.06e+08),
           ( 7.196, -1.50e+09),
           ( 7.199, -4.46e+08),
           ( 7.206, -9.82e+08),
           ( 7.212,  9.17e+06),
           ( 7.216, -4.87e+08),
           ( 7.219,  1.06e+09),
           ( 7.223, -9.13e+08),
           ( 7.229, -6.37e+08),
           ( 7.233, -8.97e+08),
           ( 7.236, -5.28e+08),
           ( 7.239, -7.43e+08),
           ( 7.246, -8.90e+07),
           ( 7.249, -1.18e+09),
           ( 7.253,  1.30e+08),
           ( 7.260, -9.88e+08),
           ( 7.263, -6.01e+08),
           ( 7.266, -7.49e+08),
           ( 7.273,  2.80e+08),
           ( 7.276, -2.97e+08),
           ( 7.280,  3.51e+08),
           ( 7.283, -1.12e+09),
           ( 7.287, -8.69e+08),
           ( 7.290, -1.10e+09),
           ( 7.297, -7.42e+08),
           ( 7.303, -1.04e+09),
           ( 7.307, -2.73e+08),
           ( 7.310, -8.44e+08),
           ( 7.314,  6.15e+07),
           ( 7.317,  6.89e+07),
           ( 7.320, -8.59e+08),
           ( 7.324, -8.14e+07),
           ( 7.327, -1.14e+09),
           ( 7.331, -1.10e+09),
           ( 7.337, -1.06e+08),
           ( 7.341, -5.31e+08),
           ( 7.344, -1.39e+09),
           ( 7.347,  1.37e+08),
           ( 7.354, -1.80e+09),
           ( 7.361,  1.66e+08),
           ( 7.364,  2.01e+08),
           ( 7.371, -1.04e+09),
           ( 7.378, -1.46e+08),
           ( 7.381,  3.45e+08),
           ( 7.388, -9.61e+08),
           ( 7.391,  1.00e+08),
           ( 7.395, -4.55e+08),
           ( 7.401,  9.53e+08),
           ( 7.408, -1.57e+08),
           ( 7.411, -5.26e+08),
           ( 7.415, -2.72e+08),
           ( 7.418, -4.09e+08),
           ( 7.422,  1.97e+08),
           ( 7.425,  7.25e+07),
           ( 7.428, -6.21e+08),
           ( 7.432, -2.41e+08),
           ( 7.435, -6.41e+08),
           ( 7.438,  4.29e+08),
           ( 7.442, -7.40e+08),
           ( 7.445, -3.56e+08),
           ( 7.449, -7.99e+08),
           ( 7.452, -3.68e+08),
           ( 7.455, -1.41e+09),
           ( 7.459,  7.07e+08),
           ( 7.465, -5.95e+08),
           ( 7.469, -1.41e+08),
           ( 7.472, -3.17e+08),
           ( 7.476,  1.03e+09),
           ( 7.479,  1.53e+08),
           ( 7.482,  8.25e+08),
           ( 7.489, -4.33e+08),
           ( 7.493, -9.94e+08),
           ( 7.496, -3.08e+08),
           ( 7.499, -3.28e+08),
           ( 7.503, -5.85e+08),
           ( 7.509,  6.05e+07),
           ( 7.513, -9.81e+08),
           ( 7.520,  4.20e+07),
           ( 7.526, -5.14e+08),
           ( 7.530, -8.56e+08),
           ( 7.533, -7.13e+08),
           ( 7.536, -7.10e+08),
           ( 7.540, -1.38e+09),
           ( 7.547,  9.63e+07),
           ( 7.550,  6.77e+07),
           ( 7.553, -6.06e+08),
           ( 7.557,  2.36e+08),
           ( 7.560, -8.18e+08),
           ( 7.563, -1.25e+07),
           ( 7.567, -8.45e+08),
           ( 7.570, -4.98e+08),
           ( 7.573, -1.09e+09),
           ( 7.577,  6.54e+08),
           ( 7.580,  1.53e+08),
           ( 7.584, -1.04e+09),
           ( 7.587,  5.13e+08),
           ( 7.594, -7.28e+08),
           ( 7.600, -5.07e+08),
           ( 7.604, -3.52e+08),
           ( 7.607, -8.20e+08),
           ( 7.611, -9.71e+07),
           ( 7.614, -4.60e+08),
           ( 7.617,  2.69e+08),
           ( 7.624, -5.27e+08),
           ( 7.631, -9.58e+08),
           ( 7.634, -4.96e+08),
           ( 7.638, -7.03e+08),
           ( 7.644,  1.47e+08),
           ( 7.648, -5.94e+08),
           ( 7.651,  1.25e+08),
           ( 7.655, -1.58e+09),
           ( 7.658,  6.73e+08),
           ( 7.661,  2.84e+08),
           ( 7.665, -6.08e+08),
           ( 7.675,  3.25e+08),
           ( 7.682, -9.97e+08),
           ( 7.688, -3.49e+08),
           ( 7.692, -4.95e+08),
           ( 7.695,  2.00e+08),
           ( 7.698, -1.55e+09),
           ( 7.702,  7.23e+08),
           ( 7.709, -1.14e+08),
           ( 7.712,  3.13e+08),
           ( 7.715, -7.83e+08),
           ( 7.719, -1.29e+08),
           ( 7.722, -1.25e+09),
           ( 7.725,  5.65e+08),
           ( 7.729, -1.52e+08),
           ( 7.732, -5.12e+07),
           ( 7.735, -3.59e+08),
           ( 7.739,  1.96e+08),
           ( 7.742, -1.20e+08),
           ( 7.749,  9.95e+08),
           ( 7.752, -8.99e+08),
           ( 7.759,  5.64e+08),
           ( 7.762, -1.02e+09),
           ( 7.766,  9.40e+07),
           ( 7.773, -2.61e+08),
           ( 7.776,  5.71e+07),
           ( 7.779,  8.55e+08),
           ( 7.783, -6.64e+08),
           ( 7.786,  1.52e+08),
           ( 7.789, -1.44e+09),
           ( 7.796,  1.15e+08),
           ( 7.800, -2.82e+07),
           ( 7.803,  4.52e+08),
           ( 7.806, -9.06e+08),
           ( 7.813,  1.42e+08),
           ( 7.817,  6.07e+07),
           ( 7.820,  9.39e+08),
           ( 7.823,  1.06e+08),
           ( 7.827, -1.56e+09),
           ( 7.833,  9.99e+08),
           ( 7.837, -1.32e+08),
           ( 7.840,  7.49e+08),
           ( 7.847, -3.04e+08),
           ( 7.850,  1.54e+07),
           ( 7.854, -6.03e+08),
           ( 7.860,  6.68e+08),
           ( 7.864, -7.78e+08),
           ( 7.871,  8.71e+08),
           ( 7.874,  1.13e+09),
           ( 7.877,  9.33e+08),
           ( 7.881,  1.13e+09),
           ( 7.887, -6.66e+08),
           ( 7.891, -7.65e+08),
           ( 7.894,  1.13e+09),
           ( 7.901, -9.62e+08),
           ( 7.904,  2.74e+08),
           ( 7.908, -2.47e+08),
           ( 7.911,  3.91e+08),
           ( 7.914, -1.45e+09),
           ( 7.921,  1.64e+07),
           ( 7.931,  5.05e+08),
           ( 7.935, -1.54e+09),
           ( 7.941,  5.88e+08),
           ( 7.945,  5.70e+08),
           ( 7.951, -9.48e+08),
           ( 7.955,  6.81e+08),
           ( 7.958, -7.18e+08),
           ( 7.965,  4.01e+08),
           ( 7.968,  2.37e+08),
           ( 7.972, -1.12e+09),
           ( 7.975,  9.97e+08),
           ( 7.982,  1.61e+08),
           ( 7.985,  2.14e+09),
           ( 7.992, -5.34e+08),
           ( 7.995,  3.42e+08),
           ( 8.002,  2.50e+08),
           ( 8.006, -1.25e+08),
           ( 8.009, -5.10e+06),
           ( 8.012, -6.03e+08),
           ( 8.016, -1.82e+08),
           ( 8.019,  1.04e+09),
           ( 8.022,  7.29e+08),
           ( 8.026, -1.40e+08),
           ( 8.029,  8.31e+08),
           ( 8.033,  8.42e+08),
           ( 8.036, -9.73e+08),
           ( 8.039,  1.20e+09),
           ( 8.043,  1.02e+09),
           ( 8.049, -1.21e+09),
           ( 8.056, -1.44e+08),
           ( 8.060,  2.35e+08),
           ( 8.063, -3.27e+06),
           ( 8.066, -8.95e+08),
           ( 8.070, -2.90e+08),
           ( 8.073, -4.87e+08),
           ( 8.080, -9.30e+07),
           ( 8.083, -1.06e+09),
           ( 8.086,  6.21e+08),
           ( 8.090,  3.96e+08),
           ( 8.097, -1.41e+09),
           ( 8.103, -7.18e+08),
           ( 8.107,  5.28e+08),
           ( 8.113, -1.56e+09),
           ( 8.117,  4.96e+07),
           ( 8.120, -4.77e+08),
           ( 8.124,  1.09e+08),
           ( 8.127, -1.37e+09),
           ( 8.134,  9.48e+08),
           ( 8.137,  7.30e+08),
           ( 8.140, -1.01e+09),
           ( 8.144,  9.26e+08),
           ( 8.147, -6.63e+08),
           ( 8.151, -4.80e+08),
           ( 8.154,  8.52e+07),
           ( 8.157, -8.60e+08),
           ( 8.161, -6.46e+08),
           ( 8.164, -9.56e+08),
           ( 8.168,  2.42e+08),
           ( 8.171,  2.52e+08),
           ( 8.174, -2.84e+08),
           ( 8.178, -1.70e+08),
           ( 8.181,  1.16e+09),
           ( 8.188,  1.37e+08),
           ( 8.195, -6.71e+08),
           ( 8.205,  9.23e+08),
           ( 8.208, -8.03e+08),
           ( 8.215, -5.95e+07),
           ( 8.218, -7.14e+08),
           ( 8.225, -6.98e+07),
           ( 8.228,  2.85e+08),
           ( 8.232, -2.27e+08),
           ( 8.238,  1.68e+09),
           ( 8.242,  5.57e+08),
           ( 8.245,  7.13e+08),
           ( 8.248, -9.07e+08),
           ( 8.252,  1.04e+09),
           ( 8.259,  3.79e+07),
           ( 8.262, -7.02e+08),
           ( 8.265, -4.57e+08),
           ( 8.272,  5.74e+08),
           ( 8.275, -4.07e+08),
           ( 8.279,  2.32e+08),
           ( 8.282, -1.10e+09),
           ( 8.286,  6.15e+07),
           ( 8.289, -1.11e+08),
           ( 8.292, -7.66e+08),
           ( 8.296,  1.14e+08),
           ( 8.299, -9.88e+07),
           ( 8.302,  6.96e+08),
           ( 8.309, -8.92e+08),
           ( 8.313,  7.81e+08),
           ( 8.319, -1.19e+09),
           ( 8.323, -1.12e+09),
           ( 8.326, -2.10e+07),
           ( 8.333, -1.50e+09),
           ( 8.336,  3.95e+08),
           ( 8.340, -1.19e+08),
           ( 8.343,  4.77e+08),
           ( 8.350, -4.95e+08),
           ( 8.353,  5.51e+08),
           ( 8.357, -2.17e+08),
           ( 8.360,  8.61e+08),
           ( 8.367, -1.14e+09),
           ( 8.373,  4.18e+08),
           ( 8.377, -4.76e+08),
           ( 8.380,  7.40e+08),
           ( 8.384,  1.57e+08),
           ( 8.387,  1.87e+08),
           ( 8.394, -4.77e+08),
           ( 8.397, -3.58e+08),
           ( 8.404,  2.64e+08),
           ( 8.407, -3.14e+08),
           ( 8.410,  5.91e+08),
           ( 8.414, -5.06e+08),
           ( 8.417,  2.40e+08),
           ( 8.424, -5.62e+06),
           ( 8.427, -5.20e+08),
           ( 8.431,  1.42e+09),
           ( 8.434, -1.90e+08),
           ( 8.437,  6.40e+08),
           ( 8.448, -1.76e+09),
           ( 8.454,  1.70e+09),
           ( 8.461, -1.07e+09),
           ( 8.464,  7.77e+08),
           ( 8.468,  5.21e+08),
           ( 8.475, -1.05e+09),
           ( 8.478, -1.79e+08),
           ( 8.481, -8.57e+08),
           ( 8.485, -2.15e+08),
           ( 8.488, -2.11e+08),
           ( 8.492,  4.27e+08),
           ( 8.495,  1.65e+08),
           ( 8.498, -1.04e+09),
           ( 8.502,  1.09e+08),
           ( 8.505, -9.10e+08),
           ( 8.512,  1.22e+09),
           ( 8.519, -3.28e+08),
           ( 8.525,  5.87e+08),
           ( 8.529,  5.80e+08),
           ( 8.532,  4.10e+08),
           ( 8.535, -2.36e+07),
           ( 8.539, -1.13e+09),
           ( 8.542, -1.00e+09),
           ( 8.549,  3.94e+08),
           ( 8.556, -7.61e+08),
           ( 8.559,  1.22e+08),
           ( 8.562, -1.21e+09),
           ( 8.566, -5.98e+08),
           ( 8.569, -1.05e+09),
           ( 8.572,  2.14e+08),
           ( 8.576, -5.65e+08),
           ( 8.583, -1.16e+07),
           ( 8.586, -9.04e+08),
           ( 8.589,  1.01e+09),
           ( 8.593, -8.88e+07),
           ( 8.599,  3.98e+08),
           ( 8.603, -1.12e+06),
           ( 8.610,  4.31e+08),
           ( 8.613,  9.76e+07),
           ( 8.616,  8.03e+08),
           ( 8.623,  8.76e+07),
           ( 8.626, -8.39e+07),
           ( 8.630,  1.29e+09),
           ( 8.633,  3.58e+08),
           ( 8.637,  6.33e+08),
           ( 8.640,  5.53e+08),
           ( 8.643, -8.52e+08),
           ( 8.647,  7.35e+08),
           ( 8.650,  5.52e+08),
           ( 8.654, -4.15e+08),
           ( 8.654, -4.15e+08)]
