Bolide Detection Notification: 2022-011

At 03:33:13 UT on 11 Jan 2022, sensors aboard U. S. Government satellites recorded
the flash signature of a large meteoroid entry into the atmosphere. Location of the
flash  was Lat 58.4S, Lon 160.2W.

Based upon the visible-light intensity-time signature, peak brightness of the flash
was  determined to be approximately 1.9e11 watts/steradian, and total radiated flash
energy  126.4e10 joules (6000K blackbody model).

Intensity-time signature of the event and integrated intensity are depicted on the
plots  below. On the intensity-time plot, one count on vertical axis corresponds to
2.35E8  watts/steradian. On the integrated intensity plot, one count represents
2.96E9 joules  radiated energy.

Peak Intensity = 1.87e+11 watts/steradian
Total Energy   = 1.27e+12 joules

Intensity=[
(-1.998,-6.80e+08),
(-1.995,-3.18e+08),
(-1.991, 9.47e+08),
(-1.988,-6.07e+08),
(-1.985,-8.57e+08),
(-1.981, 6.05e+08),
(-1.978, 1.71e+09),
(-1.974, 2.23e+09),
(-1.971, 3.18e+09),
(-1.968, 3.94e+06),
(-1.964,-2.52e+08),
(-1.961, 3.06e+08),
(-1.958, 1.20e+09),
(-1.954, 5.36e+08),
(-1.951, 1.59e+09),
(-1.947, 7.60e+08),
(-1.944, 2.27e+09),
(-1.941, 2.26e+09),
(-1.937, 7.93e+08),
(-1.934, 7.80e+08),
(-1.930, 1.26e+09),
(-1.927, 1.30e+09),
(-1.924,-1.47e+08),
(-1.920, 2.19e+09),
(-1.917, 2.64e+09),
(-1.914,-3.28e+08),
(-1.910, 2.10e+09),
(-1.907, 7.43e+08),
(-1.903,-7.16e+08),
(-1.900, 8.06e+08),
(-1.897,-1.51e+08),
(-1.893, 2.12e+09),
(-1.890, 1.39e+08),
(-1.887, 4.94e+08),
(-1.883, 5.13e+08),
(-1.880, 6.12e+08),
(-1.877,-2.13e+08),
(-1.873,-1.34e+08),
(-1.870, 1.91e+08),
(-1.866,-4.00e+08),
(-1.863,-2.85e+08),
(-1.860,-1.28e+08),
(-1.856, 2.37e+09),
(-1.853,-4.69e+08),
(-1.850,-3.55e+07),
(-1.846, 1.24e+09),
(-1.843, 9.31e+08),
(-1.839, 1.41e+09),
(-1.836,-8.74e+08),
(-1.833, 1.82e+09),
(-1.829,-6.40e+08),
(-1.826, 2.56e+09),
(-1.822, 1.94e+09),
(-1.819,-5.52e+08),
(-1.816, 2.09e+09),
(-1.812, 2.00e+09),
(-1.809,-4.76e+08),
(-1.806, 6.57e+05),
(-1.802, 7.14e+08),
(-1.799, 1.10e+09),
(-1.795,-7.22e+08),
(-1.792, 9.97e+08),
(-1.789, 1.55e+09),
(-1.785, 2.54e+08),
(-1.782,-4.63e+08),
(-1.779, 1.55e+09),
(-1.775, 6.35e+08),
(-1.772,-9.39e+08),
(-1.769, 1.04e+09),
(-1.765, 4.94e+08),
(-1.762, 1.37e+09),
(-1.758, 5.00e+08),
(-1.755,-2.26e+08),
(-1.752,-4.40e+08),
(-1.748, 2.78e+09),
(-1.745, 1.13e+09),
(-1.742, 1.62e+09),
(-1.738, 2.44e+08),
(-1.735,-6.90e+08),
(-1.731, 2.46e+09),
(-1.728,-3.08e+08),
(-1.725, 1.58e+08),
(-1.721, 6.51e+08),
(-1.718, 6.48e+08),
(-1.714, 1.81e+09),
(-1.711, 1.91e+09),
(-1.708,-7.95e+08),
(-1.704,-3.94e+08),
(-1.701, 1.05e+09),
(-1.698,-1.95e+09),
(-1.694,-1.24e+09),
(-1.691, 1.58e+09),
(-1.687, 9.21e+08),
(-1.684, 5.07e+08),
(-1.681, 6.61e+08),
(-1.677, 1.86e+09),
(-1.674, 2.10e+09),
(-1.671,-5.48e+08),
(-1.667,-9.06e+08),
(-1.664, 8.42e+08),
(-1.661, 1.09e+09),
(-1.657, 4.71e+08),
(-1.654, 1.80e+09),
(-1.650, 1.37e+09),
(-1.647, 3.35e+07),
(-1.644, 3.45e+09),
(-1.640, 1.03e+08),
(-1.637, 3.85e+08),
(-1.634, 5.73e+08),
(-1.630,-2.89e+07),
(-1.627,-1.67e+08),
(-1.623,-1.90e+08),
(-1.620, 2.48e+09),
(-1.617, 1.42e+09),
(-1.613,-6.67e+08),
(-1.610, 9.18e+08),
(-1.606,-5.75e+08),
(-1.603, 8.22e+08),
(-1.600, 2.50e+09),
(-1.596, 1.42e+09),
(-1.593, 9.90e+08),
(-1.590, 1.91e+08),
(-1.586, 1.85e+08),
(-1.583, 2.21e+09),
(-1.579,-6.34e+08),
(-1.576, 8.61e+07),
(-1.573, 8.65e+08),
(-1.569, 6.71e+08),
(-1.566,-1.00e+09),
(-1.563, 3.75e+08),
(-1.559,-2.75e+08),
(-1.556, 1.58e+09),
(-1.553, 1.47e+09),
(-1.549, 1.96e+09),
(-1.546, 6.42e+08),
(-1.542, 2.07e+09),
(-1.539, 3.47e+09),
(-1.536, 2.22e+09),
(-1.532, 4.09e+09),
(-1.529, 2.81e+09),
(-1.526, 1.86e+09),
(-1.522, 1.88e+09),
(-1.519, 1.19e+09),
(-1.515, 1.53e+09),
(-1.512, 7.80e+08),
(-1.509, 2.41e+08),
(-1.505, 3.04e+09),
(-1.502, 1.17e+09),
(-1.498, 1.04e+09),
(-1.495, 5.76e+08),
(-1.492,-3.90e+08),
(-1.488, 1.01e+09),
(-1.485, 5.73e+08),
(-1.482,-4.96e+08),
(-1.478, 3.16e+08),
(-1.475,-5.58e+08),
(-1.471, 2.21e+09),
(-1.468,-2.36e+08),
(-1.465, 1.06e+09),
(-1.461, 1.94e+09),
(-1.458,-1.19e+09),
(-1.455, 6.55e+08),
(-1.451, 2.80e+09),
(-1.448, 1.69e+09),
(-1.445, 6.25e+08),
(-1.441, 1.13e+09),
(-1.438, 3.52e+08),
(-1.434, 1.98e+09),
(-1.431, 4.34e+07),
(-1.428, 1.07e+09),
(-1.424, 9.14e+08),
(-1.421, 1.39e+09),
(-1.418, 2.03e+09),
(-1.414, 1.25e+09),
(-1.411,-2.00e+08),
(-1.407, 2.44e+09),
(-1.404, 5.17e+08),
(-1.401,-1.61e+09),
(-1.397, 1.33e+09),
(-1.394, 8.49e+08),
(-1.390, 3.49e+08),
(-1.387, 1.29e+09),
(-1.384, 1.28e+09),
(-1.380, 3.10e+08),
(-1.377, 2.63e+09),
(-1.374, 2.70e+09),
(-1.370, 3.66e+09),
(-1.367, 2.97e+09),
(-1.363, 3.51e+09),
(-1.360, 3.44e+09),
(-1.357, 1.02e+09),
(-1.353, 1.25e+09),
(-1.350, 9.05e+08),
(-1.347, 3.35e+07),
(-1.343, 2.26e+09),
(-1.340, 3.55e+09),
(-1.337, 2.67e+08),
(-1.333, 3.63e+09),
(-1.330, 1.55e+09),
(-1.326,-8.57e+08),
(-1.323, 9.37e+08),
(-1.320, 2.60e+09),
(-1.316, 3.72e+08),
(-1.313, 1.80e+09),
(-1.310,-1.83e+08),
(-1.306,-5.09e+08),
(-1.303,-1.16e+09),
(-1.299, 1.62e+09),
(-1.296, 1.48e+09),
(-1.293, 8.19e+08),
(-1.289, 1.19e+09),
(-1.286, 1.62e+09),
(-1.282, 3.06e+09),
(-1.279, 2.97e+09),
(-1.276, 3.63e+09),
(-1.272, 1.90e+09),
(-1.269, 2.38e+09),
(-1.266, 3.12e+09),
(-1.262, 2.68e+09),
(-1.259, 3.00e+08),
(-1.255, 6.05e+08),
(-1.252, 1.43e+09),
(-1.249, 1.41e+09),
(-1.245, 1.74e+09),
(-1.242, 2.16e+09),
(-1.239, 3.22e+09),
(-1.235, 2.71e+09),
(-1.232, 3.87e+09),
(-1.229, 5.10e+09),
(-1.225, 4.71e+09),
(-1.222, 4.93e+09),
(-1.218, 4.44e+09),
(-1.215, 6.40e+09),
(-1.212, 4.54e+09),
(-1.208, 4.59e+09),
(-1.205, 4.60e+09),
(-1.202, 4.88e+09),
(-1.198, 2.84e+09),
(-1.195, 2.83e+09),
(-1.191, 4.21e+09),
(-1.188, 3.11e+09),
(-1.185, 2.21e+09),
(-1.181, 4.41e+09),
(-1.178, 1.31e+09),
(-1.174, 5.58e+09),
(-1.171, 6.41e+09),
(-1.168, 6.30e+09),
(-1.164, 4.85e+09),
(-1.161, 5.47e+09),
(-1.158, 3.09e+09),
(-1.154, 3.41e+09),
(-1.151, 4.55e+09),
(-1.147, 5.18e+09),
(-1.144, 5.35e+09),
(-1.141, 3.32e+09),
(-1.137, 4.62e+09),
(-1.134, 4.76e+09),
(-1.131, 1.37e+09),
(-1.127, 3.39e+09),
(-1.124, 5.28e+09),
(-1.121, 3.92e+09),
(-1.117, 1.83e+09),
(-1.114, 2.92e+09),
(-1.110, 3.59e+09),
(-1.107, 4.09e+09),
(-1.104, 4.89e+09),
(-1.100, 5.47e+09),
(-1.097, 4.16e+09),
(-1.094, 5.91e+09),
(-1.090, 3.79e+09),
(-1.087, 4.63e+09),
(-1.083, 6.10e+09),
(-1.080, 5.96e+09),
(-1.077, 6.46e+09),
(-1.073, 3.97e+09),
(-1.070, 4.10e+09),
(-1.066, 4.34e+09),
(-1.063, 4.56e+09),
(-1.060, 3.61e+09),
(-1.056, 4.44e+09),
(-1.053, 3.83e+09),
(-1.050, 4.36e+09),
(-1.046, 6.49e+09),
(-1.043, 5.65e+09),
(-1.039, 5.42e+09),
(-1.036, 5.51e+09),
(-1.033, 4.75e+09),
(-1.029, 2.59e+09),
(-1.026, 6.52e+09),
(-1.023, 3.75e+09),
(-1.019, 5.29e+09),
(-1.016, 3.74e+09),
(-1.013, 4.86e+09),
(-1.009, 4.64e+09),
(-1.006, 3.50e+09),
(-1.002, 5.03e+09),
(-0.999, 2.49e+09),
(-0.996, 4.20e+09),
(-0.992, 3.74e+09),
(-0.989, 4.90e+09),
(-0.986, 6.91e+09),
(-0.982, 8.10e+09),
(-0.979, 6.07e+09),
(-0.975, 6.62e+09),
(-0.972, 5.44e+09),
(-0.969, 5.44e+09),
(-0.965, 5.51e+09),
(-0.962, 5.24e+09),
(-0.958, 3.72e+09),
(-0.955, 5.78e+09),
(-0.952, 6.24e+09),
(-0.948, 5.65e+09),
(-0.945, 7.17e+09),
(-0.942, 8.60e+09),
(-0.938, 8.11e+09),
(-0.935, 9.60e+09),
(-0.931, 6.04e+09),
(-0.928, 7.54e+09),
(-0.925, 5.52e+09),
(-0.921, 8.18e+09),
(-0.918, 6.83e+09),
(-0.915, 6.45e+09),
(-0.911, 5.78e+09),
(-0.908, 7.06e+09),
(-0.905, 5.65e+09),
(-0.901, 6.13e+09),
(-0.898, 6.60e+09),
(-0.894, 8.20e+09),
(-0.891, 4.91e+09),
(-0.888, 5.48e+09),
(-0.884, 7.92e+09),
(-0.881, 6.37e+09),
(-0.878, 7.05e+09),
(-0.874, 7.45e+09),
(-0.871, 6.51e+09),
(-0.867, 6.72e+09),
(-0.864, 7.86e+09),
(-0.861, 7.98e+09),
(-0.857, 9.74e+09),
(-0.854, 5.30e+09),
(-0.850, 5.90e+09),
(-0.847, 8.70e+09),
(-0.844, 6.65e+09),
(-0.840, 7.94e+09),
(-0.837, 6.78e+09),
(-0.834, 7.44e+09),
(-0.830, 8.15e+09),
(-0.827, 6.99e+09),
(-0.823, 5.43e+09),
(-0.820, 6.14e+09),
(-0.817, 6.71e+09),
(-0.813, 9.12e+09),
(-0.810, 8.49e+09),
(-0.807, 7.56e+09),
(-0.803, 6.87e+09),
(-0.800, 8.24e+09),
(-0.797, 8.92e+09),
(-0.793, 7.93e+09),
(-0.790, 9.10e+09),
(-0.786, 7.89e+09),
(-0.783, 6.10e+09),
(-0.780, 6.36e+09),
(-0.776, 8.65e+09),
(-0.773, 1.01e+10),
(-0.770, 9.58e+09),
(-0.766, 9.28e+09),
(-0.763, 9.37e+09),
(-0.759, 7.89e+09),
(-0.756, 1.02e+10),
(-0.753, 6.02e+09),
(-0.749, 7.90e+09),
(-0.746, 1.06e+10),
(-0.742, 9.70e+09),
(-0.739, 7.02e+09),
(-0.736, 8.12e+09),
(-0.732, 8.67e+09),
(-0.729, 8.40e+09),
(-0.726, 7.48e+09),
(-0.722, 8.05e+09),
(-0.719, 9.43e+09),
(-0.715, 8.01e+09),
(-0.712, 9.61e+09),
(-0.709, 8.06e+09),
(-0.705, 5.91e+09),
(-0.702, 6.87e+09),
(-0.699, 9.05e+09),
(-0.695, 7.00e+09),
(-0.692, 7.28e+09),
(-0.689, 8.99e+09),
(-0.685, 6.35e+09),
(-0.682, 6.52e+09),
(-0.678, 6.18e+09),
(-0.675, 7.84e+09),
(-0.672, 7.68e+09),
(-0.668, 6.55e+09),
(-0.665, 7.29e+09),
(-0.662, 7.92e+09),
(-0.658, 8.74e+09),
(-0.655, 7.10e+09),
(-0.651, 8.70e+09),
(-0.648, 7.90e+09),
(-0.645, 8.30e+09),
(-0.641, 9.22e+09),
(-0.638, 6.67e+09),
(-0.634, 7.05e+09),
(-0.631, 6.53e+09),
(-0.628, 9.02e+09),
(-0.624, 9.71e+09),
(-0.621, 9.47e+09),
(-0.618, 8.49e+09),
(-0.614, 6.67e+09),
(-0.611, 6.82e+09),
(-0.607, 7.81e+09),
(-0.604, 6.11e+09),
(-0.601, 8.59e+09),
(-0.597, 8.54e+09),
(-0.594, 5.81e+09),
(-0.591, 9.64e+09),
(-0.587, 9.76e+09),
(-0.584, 9.74e+09),
(-0.581, 8.57e+09),
(-0.577, 7.46e+09),
(-0.574, 8.59e+09),
(-0.570, 6.93e+09),
(-0.567, 8.29e+09),
(-0.564, 8.88e+09),
(-0.560, 1.16e+10),
(-0.557, 1.03e+10),
(-0.554, 1.04e+10),
(-0.550, 1.01e+10),
(-0.547, 1.01e+10),
(-0.543, 1.03e+10),
(-0.540, 8.46e+09),
(-0.537, 8.62e+09),
(-0.533, 1.03e+10),
(-0.530, 7.70e+09),
(-0.526, 1.02e+10),
(-0.523, 1.21e+10),
(-0.520, 8.83e+09),
(-0.516, 7.09e+09),
(-0.513, 8.78e+09),
(-0.510, 9.12e+09),
(-0.506, 7.64e+09),
(-0.503, 8.60e+09),
(-0.499, 1.01e+10),
(-0.496, 1.09e+10),
(-0.493, 1.07e+10),
(-0.489, 1.07e+10),
(-0.486, 1.08e+10),
(-0.483, 1.13e+10),
(-0.479, 1.24e+10),
(-0.476, 1.29e+10),
(-0.473, 1.55e+10),
(-0.469, 1.60e+10),
(-0.466, 1.35e+10),
(-0.462, 1.45e+10),
(-0.459, 1.45e+10),
(-0.456, 1.64e+10),
(-0.452, 1.69e+10),
(-0.449, 1.98e+10),
(-0.446, 2.04e+10),
(-0.442, 2.08e+10),
(-0.439, 2.04e+10),
(-0.435, 2.07e+10),
(-0.432, 2.33e+10),
(-0.429, 2.33e+10),
(-0.425, 2.32e+10),
(-0.422, 2.37e+10),
(-0.418, 2.27e+10),
(-0.415, 2.62e+10),
(-0.412, 2.17e+10),
(-0.408, 2.35e+10),
(-0.405, 2.51e+10),
(-0.402, 2.55e+10),
(-0.398, 2.36e+10),
(-0.395, 2.57e+10),
(-0.391, 2.73e+10),
(-0.388, 2.89e+10),
(-0.385, 2.74e+10),
(-0.381, 2.85e+10),
(-0.378, 2.97e+10),
(-0.375, 3.04e+10),
(-0.371, 3.12e+10),
(-0.368, 3.20e+10),
(-0.365, 3.07e+10),
(-0.361, 2.89e+10),
(-0.358, 3.00e+10),
(-0.354, 3.05e+10),
(-0.351, 2.83e+10),
(-0.348, 3.10e+10),
(-0.344, 3.17e+10),
(-0.341, 3.13e+10),
(-0.338, 3.56e+10),
(-0.334, 3.77e+10),
(-0.331, 3.87e+10),
(-0.327, 3.87e+10),
(-0.324, 3.60e+10),
(-0.321, 3.70e+10),
(-0.317, 3.88e+10),
(-0.314, 3.63e+10),
(-0.310, 4.00e+10),
(-0.307, 3.82e+10),
(-0.304, 3.81e+10),
(-0.300, 3.92e+10),
(-0.297, 3.91e+10),
(-0.294, 3.97e+10),
(-0.290, 4.00e+10),
(-0.287, 4.31e+10),
(-0.283, 4.43e+10),
(-0.280, 4.44e+10),
(-0.277, 4.32e+10),
(-0.273, 4.60e+10),
(-0.270, 4.52e+10),
(-0.267, 4.60e+10),
(-0.263, 4.63e+10),
(-0.260, 4.88e+10),
(-0.257, 5.16e+10),
(-0.253, 5.56e+10),
(-0.250, 5.47e+10),
(-0.246, 5.86e+10),
(-0.243, 6.44e+10),
(-0.240, 6.64e+10),
(-0.236, 6.62e+10),
(-0.233, 6.42e+10),
(-0.230, 6.33e+10),
(-0.226, 6.56e+10),
(-0.223, 6.83e+10),
(-0.219, 7.41e+10),
(-0.216, 7.54e+10),
(-0.213, 7.62e+10),
(-0.209, 7.59e+10),
(-0.206, 7.53e+10),
(-0.202, 7.45e+10),
(-0.199, 7.44e+10),
(-0.196, 7.54e+10),
(-0.192, 7.40e+10),
(-0.189, 7.30e+10),
(-0.186, 7.18e+10),
(-0.182, 7.51e+10),
(-0.179, 7.28e+10),
(-0.175, 7.83e+10),
(-0.172, 8.11e+10),
(-0.169, 8.44e+10),
(-0.165, 8.61e+10),
(-0.162, 9.31e+10),
(-0.159, 9.90e+10),
(-0.155, 1.00e+11),
(-0.152, 1.00e+11),
(-0.149, 9.96e+10),
(-0.145, 9.43e+10),
(-0.142, 9.85e+10),
(-0.138, 1.03e+11),
(-0.135, 1.11e+11),
(-0.132, 1.18e+11),
(-0.128, 1.21e+11),
(-0.125, 1.18e+11),
(-0.122, 1.15e+11),
(-0.118, 1.11e+11),
(-0.115, 1.07e+11),
(-0.111, 1.10e+11),
(-0.108, 1.06e+11),
(-0.105, 1.12e+11),
(-0.101, 1.16e+11),
(-0.098, 1.20e+11),
(-0.094, 1.25e+11),
(-0.091, 1.28e+11),
(-0.088, 1.30e+11),
(-0.084, 1.36e+11),
(-0.081, 1.40e+11),
(-0.078, 1.43e+11),
(-0.074, 1.41e+11),
(-0.071, 1.40e+11),
(-0.067, 1.38e+11),
(-0.064, 1.35e+11),
(-0.061, 1.44e+11),
(-0.057, 1.39e+11),
(-0.054, 1.31e+11),
(-0.051, 1.25e+11),
(-0.047, 1.20e+11),
(-0.044, 1.14e+11),
(-0.041, 1.15e+11),
(-0.037, 1.13e+11),
(-0.034, 1.07e+11),
(-0.030, 1.02e+11),
(-0.027, 1.01e+11),
(-0.024, 9.79e+10),
(-0.020, 9.44e+10),
(-0.017, 8.83e+10),
(-0.014, 8.71e+10),
(-0.010, 8.23e+10),
(-0.007, 8.21e+10),
(-0.003, 8.12e+10),
( 0.000, 7.87e+10),
( 0.003, 7.90e+10),
( 0.007, 7.97e+10),
( 0.010, 7.98e+10),
( 0.014, 8.01e+10),
( 0.017, 7.95e+10),
( 0.020, 8.48e+10),
( 0.024, 8.80e+10),
( 0.027, 9.42e+10),
( 0.030, 1.00e+11),
( 0.034, 1.09e+11),
( 0.037, 1.19e+11),
( 0.041, 1.19e+11),
( 0.044, 1.17e+11),
( 0.047, 1.18e+11),
( 0.051, 1.25e+11),
( 0.054, 1.27e+11),
( 0.057, 1.24e+11),
( 0.061, 1.18e+11),
( 0.064, 1.11e+11),
( 0.067, 1.02e+11),
( 0.071, 9.70e+10),
( 0.074, 8.99e+10),
( 0.078, 8.61e+10),
( 0.081, 8.51e+10),
( 0.084, 7.95e+10),
( 0.088, 7.96e+10),
( 0.091, 7.86e+10),
( 0.094, 7.61e+10),
( 0.098, 7.46e+10),
( 0.101, 7.40e+10),
( 0.105, 7.39e+10),
( 0.108, 7.34e+10),
( 0.111, 7.32e+10),
( 0.115, 7.26e+10),
( 0.118, 6.80e+10),
( 0.122, 6.83e+10),
( 0.125, 6.90e+10),
( 0.128, 6.70e+10),
( 0.132, 6.75e+10),
( 0.135, 7.01e+10),
( 0.138, 6.86e+10),
( 0.142, 6.89e+10),
( 0.145, 7.11e+10),
( 0.149, 7.50e+10),
( 0.152, 8.65e+10),
( 0.155, 9.04e+10),
( 0.159, 8.65e+10),
( 0.162, 8.19e+10),
( 0.165, 8.15e+10),
( 0.169, 7.72e+10),
( 0.172, 7.95e+10),
( 0.175, 8.39e+10),
( 0.179, 8.97e+10),
( 0.182, 1.02e+11),
( 0.186, 1.11e+11),
( 0.189, 1.18e+11),
( 0.192, 1.19e+11),
( 0.196, 1.21e+11),
( 0.199, 1.27e+11),
( 0.202, 1.33e+11),
( 0.206, 1.40e+11),
( 0.209, 1.40e+11),
( 0.213, 1.47e+11),
( 0.216, 1.52e+11),
( 0.219, 1.56e+11),
( 0.223, 1.70e+11),
( 0.226, 1.81e+11),
( 0.230, 1.83e+11),
( 0.233, 1.84e+11),
( 0.236, 1.84e+11),
( 0.240, 1.85e+11),
( 0.243, 1.82e+11),
( 0.246, 1.77e+11),
( 0.250, 1.86e+11),
( 0.253, 1.87e+11),
( 0.257, 1.85e+11),
( 0.260, 1.80e+11),
( 0.263, 1.71e+11),
( 0.267, 1.65e+11),
( 0.270, 1.49e+11),
( 0.273, 1.30e+11),
( 0.277, 1.23e+11),
( 0.280, 1.22e+11),
( 0.283, 1.30e+11),
( 0.287, 1.32e+11),
( 0.290, 1.27e+11),
( 0.294, 1.26e+11),
( 0.297, 1.24e+11),
( 0.300, 1.15e+11),
( 0.304, 1.10e+11),
( 0.307, 1.11e+11),
( 0.310, 1.08e+11),
( 0.314, 9.60e+10),
( 0.317, 9.19e+10),
( 0.321, 8.70e+10),
( 0.324, 7.78e+10),
( 0.327, 7.62e+10),
( 0.331, 7.64e+10),
( 0.334, 7.99e+10),
( 0.338, 8.64e+10),
( 0.341, 9.06e+10),
( 0.344, 9.17e+10),
( 0.348, 9.24e+10),
( 0.351, 8.54e+10),
( 0.354, 9.05e+10),
( 0.358, 9.98e+10),
( 0.361, 1.02e+11),
( 0.365, 1.04e+11),
( 0.368, 1.09e+11),
( 0.371, 1.09e+11),
( 0.375, 9.37e+10),
( 0.378, 8.73e+10),
( 0.381, 8.22e+10),
( 0.385, 8.17e+10),
( 0.388, 8.05e+10),
( 0.391, 8.31e+10),
( 0.395, 8.20e+10),
( 0.398, 7.48e+10),
( 0.402, 7.25e+10),
( 0.405, 6.63e+10),
( 0.408, 6.00e+10),
( 0.412, 5.67e+10),
( 0.415, 5.74e+10),
( 0.418, 5.54e+10),
( 0.422, 5.48e+10),
( 0.425, 5.20e+10),
( 0.429, 5.19e+10),
( 0.432, 4.89e+10),
( 0.435, 4.95e+10),
( 0.439, 4.76e+10),
( 0.442, 4.76e+10),
( 0.446, 4.78e+10),
( 0.449, 4.39e+10),
( 0.452, 4.44e+10),
( 0.456, 4.45e+10),
( 0.459, 4.37e+10),
( 0.462, 4.49e+10),
( 0.466, 4.24e+10),
( 0.469, 4.33e+10),
( 0.473, 4.30e+10),
( 0.476, 3.95e+10),
( 0.479, 4.09e+10),
( 0.483, 3.94e+10),
( 0.486, 3.74e+10),
( 0.489, 3.78e+10),
( 0.493, 3.76e+10),
( 0.496, 3.90e+10),
( 0.499, 3.62e+10),
( 0.503, 3.74e+10),
( 0.506, 3.66e+10),
( 0.510, 3.78e+10),
( 0.513, 3.62e+10),
( 0.516, 3.52e+10),
( 0.520, 3.42e+10),
( 0.523, 3.09e+10),
( 0.526, 3.35e+10),
( 0.530, 3.30e+10),
( 0.533, 3.25e+10),
( 0.537, 3.40e+10),
( 0.540, 3.25e+10),
( 0.543, 3.29e+10),
( 0.547, 3.27e+10),
( 0.550, 3.34e+10),
( 0.554, 3.15e+10),
( 0.557, 2.83e+10),
( 0.560, 3.14e+10),
( 0.564, 2.97e+10),
( 0.567, 2.92e+10),
( 0.570, 2.94e+10),
( 0.574, 2.93e+10),
( 0.577, 2.99e+10),
( 0.581, 2.83e+10),
( 0.584, 2.75e+10),
( 0.587, 2.75e+10),
( 0.591, 2.56e+10),
( 0.594, 2.73e+10),
( 0.597, 2.66e+10),
( 0.601, 2.86e+10),
( 0.604, 2.67e+10),
( 0.607, 2.66e+10),
( 0.611, 2.72e+10),
( 0.614, 2.67e+10),
( 0.618, 2.64e+10),
( 0.621, 2.79e+10),
( 0.624, 2.72e+10),
( 0.628, 2.76e+10),
( 0.631, 2.71e+10),
( 0.634, 2.51e+10),
( 0.638, 2.51e+10),
( 0.641, 2.71e+10),
( 0.645, 2.50e+10),
( 0.648, 2.83e+10),
( 0.651, 2.76e+10),
( 0.655, 2.46e+10),
( 0.658, 2.58e+10),
( 0.662, 2.63e+10),
( 0.665, 2.55e+10),
( 0.668, 2.56e+10),
( 0.672, 2.62e+10),
( 0.675, 2.66e+10),
( 0.678, 2.58e+10),
( 0.682, 2.46e+10),
( 0.685, 2.56e+10),
( 0.689, 2.54e+10),
( 0.692, 2.71e+10),
( 0.695, 2.55e+10),
( 0.699, 2.42e+10),
( 0.702, 2.35e+10),
( 0.705, 2.40e+10),
( 0.709, 2.61e+10),
( 0.712, 2.66e+10),
( 0.715, 2.41e+10),
( 0.719, 2.49e+10),
( 0.722, 2.25e+10),
( 0.726, 2.36e+10),
( 0.729, 2.50e+10),
( 0.732, 2.56e+10),
( 0.736, 2.58e+10),
( 0.739, 2.35e+10),
( 0.742, 2.46e+10),
( 0.746, 2.26e+10),
( 0.749, 2.36e+10),
( 0.753, 2.49e+10),
( 0.756, 2.59e+10),
( 0.759, 2.46e+10),
( 0.763, 2.48e+10),
( 0.766, 2.41e+10),
( 0.770, 2.31e+10),
( 0.773, 2.27e+10),
( 0.776, 2.29e+10),
( 0.780, 2.35e+10),
( 0.783, 2.01e+10),
( 0.786, 2.21e+10),
( 0.790, 2.43e+10),
( 0.793, 2.53e+10),
( 0.797, 2.24e+10),
( 0.800, 2.24e+10),
( 0.803, 2.29e+10),
( 0.807, 2.16e+10),
( 0.810, 2.38e+10),
( 0.813, 2.36e+10),
( 0.817, 2.33e+10),
( 0.820, 2.26e+10),
( 0.823, 2.04e+10),
( 0.827, 2.06e+10),
( 0.830, 2.13e+10),
( 0.834, 2.15e+10),
( 0.837, 2.00e+10),
( 0.840, 2.13e+10),
( 0.844, 2.16e+10),
( 0.847, 2.17e+10),
( 0.850, 2.30e+10),
( 0.854, 2.07e+10),
( 0.857, 2.14e+10),
( 0.861, 1.86e+10),
( 0.864, 1.96e+10),
( 0.867, 1.89e+10),
( 0.871, 1.97e+10),
( 0.874, 1.71e+10),
( 0.878, 1.95e+10),
( 0.881, 1.99e+10),
( 0.884, 1.94e+10),
( 0.888, 1.94e+10),
( 0.891, 1.60e+10),
( 0.894, 1.73e+10),
( 0.898, 1.65e+10),
( 0.901, 1.51e+10),
( 0.905, 1.54e+10),
( 0.908, 1.70e+10),
( 0.911, 1.51e+10),
( 0.915, 1.57e+10),
( 0.918, 1.43e+10),
( 0.921, 1.51e+10),
( 0.925, 1.76e+10),
( 0.928, 1.75e+10),
( 0.931, 1.91e+10),
( 0.935, 1.75e+10),
( 0.938, 1.66e+10),
( 0.942, 1.82e+10),
( 0.945, 1.75e+10),
( 0.948, 1.51e+10),
( 0.952, 1.92e+10),
( 0.955, 1.77e+10),
( 0.958, 1.51e+10),
( 0.962, 1.73e+10),
( 0.965, 1.64e+10),
( 0.969, 1.55e+10),
( 0.972, 1.41e+10),
( 0.975, 1.47e+10),
( 0.979, 1.41e+10),
( 0.982, 1.43e+10),
( 0.986, 1.49e+10),
( 0.989, 1.65e+10),
( 0.992, 1.52e+10),
( 0.996, 1.33e+10),
( 0.999, 1.36e+10),
( 1.002, 1.32e+10),
( 1.006, 1.23e+10),
( 1.009, 1.40e+10),
( 1.013, 1.44e+10),
( 1.016, 1.35e+10),
( 1.019, 1.33e+10),
( 1.023, 1.53e+10),
( 1.026, 1.33e+10),
( 1.029, 1.35e+10),
( 1.033, 1.19e+10),
( 1.036, 1.27e+10),
( 1.039, 1.11e+10),
( 1.043, 1.30e+10),
( 1.046, 1.31e+10),
( 1.050, 1.28e+10),
( 1.053, 1.53e+10),
( 1.056, 1.25e+10),
( 1.060, 1.14e+10),
( 1.063, 1.23e+10),
( 1.066, 9.57e+09),
( 1.070, 8.77e+09),
( 1.073, 1.03e+10),
( 1.077, 9.38e+09),
( 1.080, 1.01e+10),
( 1.083, 1.14e+10),
( 1.087, 1.09e+10),
( 1.090, 9.38e+09),
( 1.094, 1.04e+10),
( 1.097, 7.47e+09),
( 1.100, 1.03e+10),
( 1.104, 1.12e+10),
( 1.107, 8.32e+09),
( 1.110, 8.93e+09),
( 1.114, 1.05e+10),
( 1.117, 1.10e+10),
( 1.121, 1.05e+10),
( 1.124, 8.26e+09),
( 1.127, 8.13e+09),
( 1.131, 1.03e+10),
( 1.134, 1.14e+10),
( 1.137, 7.75e+09),
( 1.141, 1.04e+10),
( 1.144, 1.02e+10),
( 1.147, 9.26e+09),
( 1.151, 8.43e+09),
( 1.154, 7.31e+09),
( 1.158, 8.27e+09),
( 1.161, 8.55e+09),
( 1.164, 9.60e+09),
( 1.168, 9.90e+09),
( 1.171, 6.10e+09),
( 1.174, 8.17e+09),
( 1.178, 6.73e+09),
( 1.181, 7.52e+09),
( 1.185, 8.42e+09),
( 1.188, 5.28e+09),
( 1.191, 6.42e+09),
( 1.195, 5.97e+09),
( 1.198, 7.08e+09),
( 1.202, 6.32e+09),
( 1.205, 7.02e+09),
( 1.208, 4.67e+09),
( 1.212, 6.09e+09),
( 1.215, 6.23e+09),
( 1.218, 3.78e+09),
( 1.222, 3.87e+09),
( 1.225, 4.38e+09),
( 1.229, 6.49e+09),
( 1.232, 6.08e+09),
( 1.235, 4.75e+09),
( 1.239, 7.99e+09),
( 1.242, 4.19e+09),
( 1.245, 5.72e+09),
( 1.249, 7.24e+09),
( 1.252, 5.76e+09),
( 1.255, 5.16e+09),
( 1.259, 5.27e+09),
( 1.262, 8.72e+09),
( 1.266, 6.88e+09),
( 1.269, 6.16e+09),
( 1.272, 3.77e+09),
( 1.276, 3.84e+09),
( 1.279, 6.70e+09),
( 1.282, 6.86e+09),
( 1.286, 7.06e+09),
( 1.289, 5.40e+09),
( 1.293, 6.61e+09),
( 1.296, 5.30e+09),
( 1.299, 5.62e+09),
( 1.303, 4.82e+09),
( 1.306, 4.95e+09),
( 1.310, 2.42e+09),
( 1.313, 2.95e+09),
( 1.316, 4.66e+09),
( 1.320, 2.79e+09),
( 1.323, 5.88e+09),
( 1.326, 5.72e+09),
( 1.330, 6.71e+09),
( 1.333, 4.96e+09),
( 1.337, 5.98e+09),
( 1.340, 3.77e+09),
( 1.343, 3.86e+09),
( 1.347, 4.95e+09),
( 1.350, 6.24e+09),
( 1.353, 5.84e+09),
( 1.357, 4.22e+09),
( 1.360, 4.35e+09),
( 1.363, 4.44e+09),
( 1.367, 3.10e+09),
( 1.370, 3.03e+09),
( 1.374, 3.32e+09),
( 1.377, 4.65e+09),
( 1.380, 3.32e+09),
( 1.384, 2.26e+09),
( 1.387, 2.85e+09),
( 1.390, 8.39e+08),
( 1.394, 3.38e+09),
( 1.397, 3.77e+09),
( 1.401, 3.72e+09),
( 1.404, 2.89e+09),
( 1.407, 4.33e+09),
( 1.411, 3.93e+09),
( 1.414, 1.74e+09),
( 1.418, 3.43e+09),
( 1.421, 3.69e+09),
( 1.424, 2.11e+09),
( 1.428, 6.51e+08),
( 1.431, 3.92e+09),
( 1.434, 1.07e+09),
( 1.438, 2.89e+09),
( 1.441, 2.45e+09),
( 1.445, 2.55e+09),
( 1.448, 2.35e+09),
( 1.451, 1.99e+09),
( 1.455, 1.39e+09),
( 1.458, 2.50e+09),
( 1.461, 4.47e+09),
( 1.465, 2.27e+09),
( 1.468, 5.48e+09),
( 1.471, 3.01e+09),
( 1.475, 1.39e+09),
( 1.478, 1.08e+09),
( 1.482, 2.09e+09),
( 1.485, 2.70e+08),
( 1.488, 3.11e+09),
( 1.492, 3.82e+08),
( 1.495, 3.23e+08),
( 1.498, 3.30e+09),
( 1.502, 1.10e+09),
( 1.505, 2.90e+09),
( 1.509,-5.35e+08),
( 1.512,-2.62e+08),
( 1.515, 2.17e+09),
( 1.519, 2.73e+08),
( 1.522, 5.30e+08),
( 1.526,-1.07e+09),
( 1.529, 2.64e+09),
( 1.532, 4.48e+08),
( 1.536, 2.05e+09),
( 1.539, 1.65e+09),
( 1.542, 1.28e+09),
( 1.546, 1.92e+09),
( 1.549, 1.94e+09),
( 1.553, 1.51e+09),
( 1.556, 1.55e+08),
( 1.559, 3.33e+08),
( 1.563, 6.94e+08),
( 1.566, 1.20e+09),
( 1.569, 2.30e+09),
( 1.573, 1.68e+09),
( 1.576, 1.39e+09),
( 1.579, 2.72e+09),
( 1.583, 1.75e+08),
( 1.586, 1.72e+09),
( 1.590, 3.17e+09),
( 1.593, 1.58e+09),
( 1.596, 2.17e+09),
( 1.600, 1.57e+09),
( 1.603, 3.95e+08),
( 1.606, 1.11e+09),
( 1.610, 2.41e+09),
( 1.613, 1.02e+09),
( 1.617, 2.27e+09),
( 1.620, 7.66e+08),
( 1.623, 5.79e+08),
( 1.627, 1.41e+09),
( 1.630,-9.69e+08),
( 1.634,-1.63e+09),
( 1.637,-3.55e+07),
( 1.640, 1.01e+09),
( 1.644, 3.06e+09),
( 1.647, 3.29e+09),
( 1.650, 1.16e+09),
( 1.654, 5.99e+08),
( 1.657, 4.67e+07),
( 1.661,-3.81e+08),
( 1.664, 1.49e+08),
( 1.667, 1.42e+08),
( 1.671, 1.42e+09),
( 1.674,-5.52e+07),
( 1.677, 1.54e+09),
( 1.681, 2.97e+09),
( 1.684, 9.67e+08),
( 1.687, 8.98e+08),
( 1.691,-1.34e+09),
( 1.694, 7.17e+08),
( 1.698, 1.91e+09),
( 1.701,-1.63e+09),
( 1.704,-1.07e+09),
( 1.708, 3.62e+08),
( 1.711,-1.48e+09),
( 1.714,-2.15e+09),
( 1.718,-1.58e+07),
( 1.721, 3.54e+09),
( 1.725, 2.62e+09),
( 1.728,-1.62e+09),
( 1.731, 6.78e+08),
( 1.735, 1.64e+09),
( 1.738, 5.59e+08),
( 1.742,-1.48e+09),
( 1.745,-1.41e+09),
( 1.748,-1.34e+09),
( 1.752,-1.32e+09),
( 1.755, 1.58e+08),
( 1.758,-2.39e+09),
( 1.762, 4.64e+08),
( 1.765,-2.25e+09),
( 1.769,-3.25e+09),
( 1.772,-8.37e+08),
( 1.775,-2.13e+09),
( 1.779,-7.42e+08),
( 1.782,-9.20e+06),
( 1.785,-1.81e+09),
( 1.789,-7.78e+08),
( 1.792,-1.69e+09),
( 1.795,-2.08e+09),
( 1.799, 1.22e+09),
( 1.802,-1.43e+09),
( 1.806,-2.59e+09),
( 1.809, 9.60e+08),
( 1.812,-9.39e+08),
( 1.816,-3.00e+09),
( 1.819, 3.00e+08),
( 1.822,-1.02e+09),
( 1.826,-2.13e+09),
( 1.829,-9.59e+08),
( 1.833, 9.47e+08),
( 1.836, 2.41e+08),
( 1.839, 8.78e+08),
( 1.843,-1.93e+08),
( 1.846,-1.35e+09),
( 1.850,-4.96e+08),
( 1.853,-1.01e+08),
( 1.856, 2.44e+08),
( 1.860, 3.35e+07),
( 1.863,-1.01e+09),
( 1.866,-2.58e+09),
( 1.870,-1.34e+09),
( 1.873, 8.19e+08),
( 1.877,-1.80e+09),
( 1.880,-1.82e+09),
( 1.883, 2.96e+08),
( 1.887, 1.76e+09),
( 1.890,-1.91e+09),
( 1.893, 8.45e+08),
( 1.897, 1.54e+09),
( 1.900, 1.10e+09),
( 1.903,-1.57e+08),
( 1.907, 2.67e+08),
( 1.910, 3.02e+07),
( 1.914,-2.73e+09),
( 1.917,-1.46e+09),
( 1.920, 1.34e+09),
( 1.924, 2.83e+08),
( 1.927,-9.43e+08),
( 1.930,-6.44e+08),
( 1.934,-4.07e+08),
( 1.937,-1.67e+09),
( 1.941,-1.02e+09),
( 1.944,-8.74e+08),
( 1.947,-1.84e+09),
( 1.951,-8.11e+08),
( 1.954,-1.80e+09),
( 1.958, 1.07e+09),
( 1.961, 7.11e+08),
( 1.964,-2.19e+09),
( 1.968, 6.38e+08),
( 1.971,-1.49e+09),
( 1.974, 1.10e+09),
( 1.978,-1.37e+09),
( 1.981,-2.22e+09),
( 1.985, 3.59e+08),
( 1.988,-1.50e+09),
( 1.991,-2.01e+09),
( 1.995,-2.43e+08),
( 1.998,-4.33e+08)]
