Bolide Detection Notification: 2005-001

At 03:44:09 UT on 01 Jan 2005, sensors aboard U. S. Government satellites recorded
the flash signature of a large meteoroid entry into the atmosphere. Location of the
flash  was Lat 32.7N, Lon 12.4E.

Based upon the visible-light intensity-time signature, peak brightness of the flash
was  determined to be approximately 4.7E10 watts/steradian, and total radiated flash
energy  4.54E11 joules (6000K blackbody model).

Intensity-time signature of the event and integrated intensity are depicted on the
plots  below. On the intensity-time plot, one count on vertical axis corresponds to
2.35E8  watts/steradian. On the integrated intensity plot, one count represents
2.96E9 joules  radiated energy.

Peak Intensity = 4.70e+10 watts/steradian
Total Energy   = 4.65e+11 joules

Intensity=[
(-1.998,-1.02e+09),
(-1.995,-6.12e+08),
(-1.991,-1.27e+07),
(-1.988,-2.06e+08),
(-1.985,-3.27e+08),
(-1.981,-2.53e+08),
(-1.978,-4.59e+08),
(-1.974,-5.65e+08),
(-1.971,-5.57e+08),
(-1.968,-5.85e+08),
(-1.964,-3.77e+08),
(-1.961,-3.92e+08),
(-1.957,-4.01e+08),
(-1.954,-6.44e+07),
(-1.951,-5.78e+07),
(-1.947,-1.15e+08),
(-1.944,-6.20e+07),
(-1.941, 3.99e+07),
(-1.937,-1.59e+07),
(-1.934, 2.86e+08),
(-1.930, 1.53e+08),
(-1.927,-3.61e+06),
(-1.924,-2.71e+08),
(-1.920,-1.17e+08),
(-1.917,-3.59e+08),
(-1.914,-5.99e+08),
(-1.910,-6.49e+08),
(-1.907,-8.72e+08),
(-1.904,-7.26e+08),
(-1.900,-3.73e+08),
(-1.897,-5.45e+08),
(-1.893,-2.24e+08),
(-1.890,-3.24e+07),
(-1.887,-2.83e+07),
(-1.883,-3.07e+07),
(-1.880,-3.32e+08),
(-1.876,-2.52e+08),
(-1.873,-3.77e+08),
(-1.870,-6.94e+08),
(-1.866,-1.30e+08),
(-1.863, 1.74e+08),
(-1.860, 2.98e+08),
(-1.856, 6.26e+08),
(-1.853, 5.78e+08),
(-1.850, 4.94e+08),
(-1.846, 5.82e+08),
(-1.843, 8.35e+08),
(-1.839, 2.74e+08),
(-1.836,-9.32e+07),
(-1.833, 3.66e+07),
(-1.829, 2.12e+08),
(-1.826, 1.07e+08),
(-1.822, 9.83e+07),
(-1.819,-5.26e+06),
(-1.816, 1.39e+08),
(-1.812, 2.63e+08),
(-1.809, 5.23e+07),
(-1.806, 2.77e+08),
(-1.802, 5.94e+08),
(-1.799, 7.38e+08),
(-1.795, 3.69e+08),
(-1.792, 4.64e+08),
(-1.789, 4.65e+08),
(-1.785, 2.48e+08),
(-1.782, 2.49e+08),
(-1.779, 3.92e+08),
(-1.775, 3.08e+08),
(-1.772, 3.19e+08),
(-1.769, 2.89e+08),
(-1.765, 3.57e+08),
(-1.762, 1.32e+08),
(-1.758,-3.57e+07),
(-1.755, 3.64e+08),
(-1.752, 5.33e+08),
(-1.748, 4.34e+08),
(-1.745, 3.23e+08),
(-1.741, 4.88e+08),
(-1.738, 5.65e+08),
(-1.735, 7.51e+08),
(-1.731, 9.53e+08),
(-1.728, 9.42e+08),
(-1.725, 9.98e+08),
(-1.721, 8.82e+08),
(-1.718, 7.68e+08),
(-1.715, 1.02e+09),
(-1.711, 8.27e+08),
(-1.708, 4.55e+08),
(-1.704, 5.67e+08),
(-1.701, 8.37e+08),
(-1.698, 8.69e+08),
(-1.694, 4.75e+08),
(-1.691, 1.47e+08),
(-1.687, 4.15e+08),
(-1.684, 6.31e+08),
(-1.681,-1.15e+08),
(-1.677,-6.93e+07),
(-1.674, 3.70e+08),
(-1.671,-8.00e+07),
(-1.667,-5.20e+08),
(-1.664,-4.33e+08),
(-1.660,-9.24e+07),
(-1.657, 2.43e+07),
(-1.654,-9.73e+07),
(-1.650, 1.23e+08),
(-1.647, 6.80e+08),
(-1.644, 3.14e+08),
(-1.640,-6.08e+06),
(-1.637,-1.53e+08),
(-1.634,-7.92e+07),
(-1.630, 2.69e+08),
(-1.627, 3.10e+08),
(-1.623, 4.40e+08),
(-1.620, 4.73e+08),
(-1.617, 4.47e+08),
(-1.613,-1.04e+08),
(-1.610,-1.41e+08),
(-1.606, 1.98e+08),
(-1.603, 1.34e+08),
(-1.600,-1.53e+08),
(-1.596, 4.72e+08),
(-1.593, 6.25e+08),
(-1.590, 6.67e+08),
(-1.586, 1.05e+09),
(-1.583, 7.94e+08),
(-1.580, 5.35e+08),
(-1.576, 3.18e+08),
(-1.573, 6.38e+07),
(-1.569,-3.09e+08),
(-1.566,-1.10e+08),
(-1.563, 7.07e+06),
(-1.559,-6.61e+07),
(-1.556, 4.94e+05),
(-1.552, 1.60e+08),
(-1.549, 6.04e+08),
(-1.546, 1.07e+09),
(-1.542, 1.06e+09),
(-1.539, 4.19e+08),
(-1.536, 1.65e+08),
(-1.532, 3.91e+07),
(-1.529, 1.43e+08),
(-1.525,-6.28e+07),
(-1.522,-3.04e+08),
(-1.519,-4.11e+08),
(-1.515,-4.53e+08),
(-1.512,-8.41e+07),
(-1.509,-2.71e+08),
(-1.505,-2.81e+08),
(-1.502,-4.33e+08),
(-1.499,-2.97e+08),
(-1.495,-1.10e+08),
(-1.492,-2.64e+08),
(-1.488,-3.85e+08),
(-1.485, 1.50e+08),
(-1.482, 4.47e+08),
(-1.478, 2.08e+08),
(-1.475, 3.04e+08),
(-1.471, 6.67e+08),
(-1.468, 7.92e+08),
(-1.465, 1.39e+09),
(-1.461, 1.82e+09),
(-1.458, 1.99e+09),
(-1.455, 1.96e+09),
(-1.451, 1.89e+09),
(-1.448, 2.07e+09),
(-1.445, 2.22e+09),
(-1.441, 2.41e+09),
(-1.438, 2.45e+09),
(-1.434, 2.67e+09),
(-1.431, 2.14e+09),
(-1.428, 1.81e+09),
(-1.424, 1.66e+09),
(-1.421, 1.86e+09),
(-1.417, 1.78e+09),
(-1.414, 2.04e+09),
(-1.411, 2.01e+09),
(-1.407, 1.91e+09),
(-1.404, 2.10e+09),
(-1.401, 1.92e+09),
(-1.397, 2.09e+09),
(-1.394, 1.69e+09),
(-1.390, 9.18e+08),
(-1.387, 7.05e+08),
(-1.384, 9.60e+08),
(-1.380, 1.18e+09),
(-1.377, 1.02e+09),
(-1.374, 1.13e+09),
(-1.370, 1.26e+09),
(-1.367, 7.52e+08),
(-1.364, 9.04e+08),
(-1.360, 1.41e+09),
(-1.357, 1.46e+09),
(-1.353, 1.38e+09),
(-1.350, 1.24e+09),
(-1.347, 8.05e+08),
(-1.343, 7.29e+08),
(-1.340, 9.79e+08),
(-1.336, 1.26e+09),
(-1.333, 1.14e+09),
(-1.330, 1.05e+09),
(-1.326, 1.25e+09),
(-1.323, 1.12e+09),
(-1.320, 9.43e+08),
(-1.316, 9.17e+08),
(-1.313, 8.77e+08),
(-1.310, 8.99e+08),
(-1.306, 8.33e+08),
(-1.303, 8.98e+08),
(-1.299, 7.46e+08),
(-1.296, 7.16e+08),
(-1.293, 7.09e+08),
(-1.289, 7.76e+08),
(-1.286, 1.13e+09),
(-1.282, 1.17e+09),
(-1.279, 1.24e+09),
(-1.276, 1.18e+09),
(-1.272, 1.10e+09),
(-1.269, 1.34e+09),
(-1.266, 1.55e+09),
(-1.262, 1.43e+09),
(-1.259, 1.32e+09),
(-1.255, 1.14e+09),
(-1.252, 9.57e+08),
(-1.249, 9.33e+08),
(-1.245, 9.87e+08),
(-1.242, 1.17e+09),
(-1.239, 1.01e+09),
(-1.235, 9.08e+08),
(-1.232, 1.11e+09),
(-1.229, 1.30e+09),
(-1.225, 8.78e+08),
(-1.222, 6.71e+08),
(-1.218, 1.01e+09),
(-1.215, 1.35e+09),
(-1.212, 1.35e+09),
(-1.208, 1.31e+09),
(-1.205, 1.09e+09),
(-1.201, 8.31e+08),
(-1.198, 1.06e+09),
(-1.195, 1.56e+09),
(-1.191, 1.50e+09),
(-1.188, 9.77e+08),
(-1.185, 7.98e+08),
(-1.181, 8.08e+08),
(-1.178, 6.32e+08),
(-1.175, 5.26e+08),
(-1.171, 6.13e+08),
(-1.168, 6.77e+08),
(-1.164, 6.89e+08),
(-1.161, 7.52e+08),
(-1.158, 1.09e+09),
(-1.154, 1.45e+09),
(-1.151, 1.62e+09),
(-1.147, 1.92e+09),
(-1.144, 2.11e+09),
(-1.141, 1.97e+09),
(-1.137, 1.78e+09),
(-1.134, 7.71e+08),
(-1.131, 6.78e+08),
(-1.127, 9.89e+08),
(-1.124, 1.09e+09),
(-1.120, 6.14e+08),
(-1.117, 7.46e+08),
(-1.114, 9.96e+08),
(-1.110, 1.35e+09),
(-1.107, 1.40e+09),
(-1.104, 1.20e+09),
(-1.100, 8.53e+08),
(-1.097, 9.77e+08),
(-1.094, 9.31e+08),
(-1.090, 1.01e+09),
(-1.087, 1.19e+09),
(-1.083, 1.31e+09),
(-1.080, 1.41e+09),
(-1.077, 1.39e+09),
(-1.073, 1.35e+09),
(-1.070, 6.16e+08),
(-1.066, 1.60e+08),
(-1.063,-2.42e+07),
(-1.060,-2.13e+08),
(-1.056,-2.14e+08),
(-1.053,-1.79e+08),
(-1.050, 8.84e+07),
(-1.046, 7.45e+08),
(-1.043, 6.77e+08),
(-1.040, 5.42e+08),
(-1.036, 9.94e+08),
(-1.033, 1.26e+09),
(-1.029, 1.27e+09),
(-1.026, 6.10e+08),
(-1.023, 7.29e+08),
(-1.019, 6.22e+08),
(-1.016, 5.51e+08),
(-1.012, 6.55e+08),
(-1.009, 5.51e+08),
(-1.006, 9.69e+08),
(-1.002, 1.03e+09),
(-0.999, 1.43e+09),
(-0.996, 1.35e+09),
(-0.992, 6.95e+08),
(-0.989, 1.14e+09),
(-0.986, 5.53e+08),
(-0.982, 7.28e+08),
(-0.979, 1.39e+09),
(-0.975, 1.40e+09),
(-0.972, 1.23e+09),
(-0.969, 1.10e+09),
(-0.965, 1.08e+09),
(-0.962, 7.89e+08),
(-0.959, 9.50e+08),
(-0.955, 9.09e+08),
(-0.952, 1.02e+09),
(-0.948, 1.45e+09),
(-0.945, 1.14e+09),
(-0.942, 5.21e+08),
(-0.938, 7.75e+08),
(-0.935, 1.37e+09),
(-0.931, 1.56e+09),
(-0.928, 1.72e+09),
(-0.925, 1.81e+09),
(-0.921, 1.73e+09),
(-0.918, 1.46e+09),
(-0.915, 1.59e+09),
(-0.911, 1.52e+09),
(-0.908, 1.66e+09),
(-0.905, 1.71e+09),
(-0.901, 1.66e+09),
(-0.898, 1.88e+09),
(-0.894, 2.08e+09),
(-0.891, 2.25e+09),
(-0.888, 2.47e+09),
(-0.884, 2.11e+09),
(-0.881, 1.74e+09),
(-0.877, 2.05e+09),
(-0.874, 2.53e+09),
(-0.871, 2.84e+09),
(-0.867, 2.87e+09),
(-0.864, 2.54e+09),
(-0.861, 2.47e+09),
(-0.857, 2.80e+09),
(-0.854, 3.02e+09),
(-0.851, 2.70e+09),
(-0.847, 2.48e+09),
(-0.844, 2.81e+09),
(-0.840, 2.53e+09),
(-0.837, 2.21e+09),
(-0.834, 2.23e+09),
(-0.830, 2.56e+09),
(-0.827, 2.84e+09),
(-0.824, 3.01e+09),
(-0.820, 2.91e+09),
(-0.817, 2.96e+09),
(-0.813, 3.30e+09),
(-0.810, 3.55e+09),
(-0.807, 3.59e+09),
(-0.803, 3.75e+09),
(-0.800, 3.98e+09),
(-0.796, 4.02e+09),
(-0.793, 3.52e+09),
(-0.790, 3.20e+09),
(-0.786, 3.18e+09),
(-0.783, 3.62e+09),
(-0.780, 4.08e+09),
(-0.776, 3.93e+09),
(-0.773, 3.51e+09),
(-0.770, 3.30e+09),
(-0.766, 3.40e+09),
(-0.763, 3.05e+09),
(-0.759, 2.95e+09),
(-0.756, 3.06e+09),
(-0.753, 2.91e+09),
(-0.749, 3.02e+09),
(-0.746, 3.26e+09),
(-0.742, 3.22e+09),
(-0.739, 3.50e+09),
(-0.736, 3.50e+09),
(-0.732, 3.27e+09),
(-0.729, 3.69e+09),
(-0.726, 4.57e+09),
(-0.722, 4.66e+09),
(-0.719, 4.55e+09),
(-0.715, 4.29e+09),
(-0.712, 3.62e+09),
(-0.709, 3.64e+09),
(-0.705, 3.89e+09),
(-0.702, 3.75e+09),
(-0.699, 4.39e+09),
(-0.695, 5.13e+09),
(-0.692, 5.21e+09),
(-0.689, 5.24e+09),
(-0.685, 5.59e+09),
(-0.682, 5.43e+09),
(-0.678, 5.34e+09),
(-0.675, 4.79e+09),
(-0.672, 4.87e+09),
(-0.668, 5.19e+09),
(-0.665, 5.50e+09),
(-0.661, 5.78e+09),
(-0.658, 5.77e+09),
(-0.655, 5.56e+09),
(-0.651, 5.47e+09),
(-0.648, 5.17e+09),
(-0.645, 4.89e+09),
(-0.641, 4.82e+09),
(-0.638, 4.55e+09),
(-0.635, 5.18e+09),
(-0.631, 5.31e+09),
(-0.628, 5.07e+09),
(-0.624, 5.37e+09),
(-0.621, 5.73e+09),
(-0.618, 6.13e+09),
(-0.614, 6.33e+09),
(-0.611, 7.21e+09),
(-0.607, 7.31e+09),
(-0.604, 6.83e+09),
(-0.601, 6.85e+09),
(-0.597, 6.64e+09),
(-0.594, 6.53e+09),
(-0.591, 6.37e+09),
(-0.587, 6.25e+09),
(-0.584, 6.24e+09),
(-0.580, 6.39e+09),
(-0.577, 6.80e+09),
(-0.574, 6.91e+09),
(-0.570, 6.65e+09),
(-0.567, 5.82e+09),
(-0.564, 5.36e+09),
(-0.560, 5.09e+09),
(-0.557, 5.49e+09),
(-0.554, 5.28e+09),
(-0.550, 5.18e+09),
(-0.547, 5.24e+09),
(-0.543, 5.38e+09),
(-0.540, 5.40e+09),
(-0.537, 5.13e+09),
(-0.533, 5.53e+09),
(-0.530, 5.44e+09),
(-0.526, 5.52e+09),
(-0.523, 5.24e+09),
(-0.520, 5.11e+09),
(-0.516, 4.84e+09),
(-0.513, 5.09e+09),
(-0.510, 5.29e+09),
(-0.506, 4.90e+09),
(-0.503, 4.66e+09),
(-0.500, 4.74e+09),
(-0.496, 4.72e+09),
(-0.493, 4.67e+09),
(-0.489, 4.81e+09),
(-0.486, 4.77e+09),
(-0.483, 4.77e+09),
(-0.479, 4.84e+09),
(-0.476, 4.77e+09),
(-0.472, 4.47e+09),
(-0.469, 4.56e+09),
(-0.466, 4.92e+09),
(-0.462, 5.19e+09),
(-0.459, 5.05e+09),
(-0.456, 5.21e+09),
(-0.452, 5.11e+09),
(-0.449, 4.93e+09),
(-0.445, 4.96e+09),
(-0.442, 5.47e+09),
(-0.439, 5.28e+09),
(-0.435, 5.23e+09),
(-0.432, 5.42e+09),
(-0.429, 5.40e+09),
(-0.425, 5.30e+09),
(-0.422, 5.26e+09),
(-0.419, 5.22e+09),
(-0.415, 5.33e+09),
(-0.412, 5.43e+09),
(-0.408, 5.66e+09),
(-0.405, 5.89e+09),
(-0.402, 5.55e+09),
(-0.398, 5.53e+09),
(-0.395, 5.47e+09),
(-0.391, 5.31e+09),
(-0.388, 5.39e+09),
(-0.385, 5.32e+09),
(-0.381, 5.26e+09),
(-0.378, 5.26e+09),
(-0.375, 5.65e+09),
(-0.371, 5.62e+09),
(-0.368, 5.23e+09),
(-0.365, 5.05e+09),
(-0.361, 5.30e+09),
(-0.358, 5.47e+09),
(-0.354, 5.36e+09),
(-0.351, 5.60e+09),
(-0.348, 5.49e+09),
(-0.344, 5.16e+09),
(-0.341, 5.48e+09),
(-0.337, 5.15e+09),
(-0.334, 5.34e+09),
(-0.331, 5.53e+09),
(-0.327, 5.38e+09),
(-0.324, 5.49e+09),
(-0.321, 5.70e+09),
(-0.317, 5.92e+09),
(-0.314, 5.81e+09),
(-0.310, 5.93e+09),
(-0.307, 5.95e+09),
(-0.304, 5.93e+09),
(-0.300, 6.00e+09),
(-0.297, 5.77e+09),
(-0.294, 5.66e+09),
(-0.290, 5.39e+09),
(-0.287, 5.49e+09),
(-0.284, 5.28e+09),
(-0.280, 4.87e+09),
(-0.277, 4.66e+09),
(-0.273, 4.57e+09),
(-0.270, 4.89e+09),
(-0.267, 5.05e+09),
(-0.263, 5.01e+09),
(-0.260, 4.99e+09),
(-0.256, 5.01e+09),
(-0.253, 4.87e+09),
(-0.250, 4.84e+09),
(-0.246, 4.89e+09),
(-0.243, 4.98e+09),
(-0.240, 4.62e+09),
(-0.236, 4.91e+09),
(-0.233, 4.67e+09),
(-0.230, 4.85e+09),
(-0.226, 4.94e+09),
(-0.223, 5.04e+09),
(-0.219, 5.42e+09),
(-0.216, 5.71e+09),
(-0.213, 5.46e+09),
(-0.209, 5.28e+09),
(-0.206, 5.04e+09),
(-0.202, 5.27e+09),
(-0.199, 5.30e+09),
(-0.196, 5.29e+09),
(-0.192, 5.24e+09),
(-0.189, 5.04e+09),
(-0.186, 5.14e+09),
(-0.182, 4.99e+09),
(-0.179, 5.20e+09),
(-0.175, 5.00e+09),
(-0.172, 5.02e+09),
(-0.169, 4.91e+09),
(-0.165, 4.92e+09),
(-0.162, 4.79e+09),
(-0.159, 5.01e+09),
(-0.155, 5.40e+09),
(-0.152, 5.80e+09),
(-0.149, 5.42e+09),
(-0.145, 5.21e+09),
(-0.142, 6.02e+09),
(-0.138, 6.23e+09),
(-0.135, 5.89e+09),
(-0.132, 5.52e+09),
(-0.128, 5.50e+09),
(-0.125, 4.96e+09),
(-0.121, 4.54e+09),
(-0.118, 4.75e+09),
(-0.115, 4.76e+09),
(-0.111, 4.86e+09),
(-0.108, 5.25e+09),
(-0.105, 5.14e+09),
(-0.101, 5.07e+09),
(-0.098, 5.51e+09),
(-0.095, 5.57e+09),
(-0.091, 5.17e+09),
(-0.088, 5.02e+09),
(-0.084, 5.61e+09),
(-0.081, 5.91e+09),
(-0.078, 5.89e+09),
(-0.074, 6.20e+09),
(-0.071, 6.55e+09),
(-0.067, 7.01e+09),
(-0.064, 6.99e+09),
(-0.061, 7.08e+09),
(-0.057, 7.40e+09),
(-0.054, 7.52e+09),
(-0.051, 7.31e+09),
(-0.047, 7.47e+09),
(-0.044, 7.59e+09),
(-0.041, 8.21e+09),
(-0.037, 8.61e+09),
(-0.034, 8.31e+09),
(-0.030, 8.26e+09),
(-0.027, 7.84e+09),
(-0.024, 7.81e+09),
(-0.020, 7.79e+09),
(-0.017, 7.78e+09),
(-0.014, 7.44e+09),
(-0.010, 8.10e+09),
(-0.007, 8.28e+09),
(-0.003, 8.59e+09),
(-0.000, 9.23e+09),
( 0.003, 9.81e+09),
( 0.007, 1.09e+10),
( 0.010, 1.11e+10),
( 0.014, 1.12e+10),
( 0.017, 1.09e+10),
( 0.020, 1.13e+10),
( 0.024, 1.19e+10),
( 0.027, 1.26e+10),
( 0.030, 1.27e+10),
( 0.034, 1.29e+10),
( 0.037, 1.34e+10),
( 0.040, 1.33e+10),
( 0.044, 1.36e+10),
( 0.047, 1.41e+10),
( 0.051, 1.36e+10),
( 0.054, 1.35e+10),
( 0.057, 1.37e+10),
( 0.061, 1.43e+10),
( 0.064, 1.44e+10),
( 0.068, 1.41e+10),
( 0.071, 1.43e+10),
( 0.074, 1.46e+10),
( 0.078, 1.47e+10),
( 0.081, 1.48e+10),
( 0.084, 1.48e+10),
( 0.088, 1.48e+10),
( 0.091, 1.53e+10),
( 0.094, 1.51e+10),
( 0.098, 1.49e+10),
( 0.101, 1.44e+10),
( 0.105, 1.46e+10),
( 0.108, 1.49e+10),
( 0.111, 1.51e+10),
( 0.115, 1.50e+10),
( 0.118, 1.46e+10),
( 0.121, 1.48e+10),
( 0.125, 1.48e+10),
( 0.128, 1.47e+10),
( 0.132, 1.48e+10),
( 0.135, 1.49e+10),
( 0.138, 1.47e+10),
( 0.142, 1.42e+10),
( 0.145, 1.40e+10),
( 0.149, 1.35e+10),
( 0.152, 1.36e+10),
( 0.155, 1.39e+10),
( 0.159, 1.41e+10),
( 0.162, 1.41e+10),
( 0.165, 1.40e+10),
( 0.169, 1.42e+10),
( 0.172, 1.43e+10),
( 0.175, 1.42e+10),
( 0.179, 1.45e+10),
( 0.182, 1.44e+10),
( 0.186, 1.40e+10),
( 0.189, 1.38e+10),
( 0.192, 1.36e+10),
( 0.196, 1.31e+10),
( 0.199, 1.31e+10),
( 0.203, 1.29e+10),
( 0.206, 1.25e+10),
( 0.209, 1.24e+10),
( 0.213, 1.28e+10),
( 0.216, 1.26e+10),
( 0.219, 1.27e+10),
( 0.223, 1.31e+10),
( 0.226, 1.28e+10),
( 0.229, 1.26e+10),
( 0.233, 1.27e+10),
( 0.236, 1.28e+10),
( 0.240, 1.29e+10),
( 0.243, 1.33e+10),
( 0.246, 1.37e+10),
( 0.250, 1.42e+10),
( 0.253, 1.44e+10),
( 0.256, 1.43e+10),
( 0.260, 1.47e+10),
( 0.263, 1.55e+10),
( 0.267, 1.60e+10),
( 0.270, 1.61e+10),
( 0.273, 1.61e+10),
( 0.277, 1.65e+10),
( 0.280, 1.72e+10),
( 0.284, 1.74e+10),
( 0.287, 1.84e+10),
( 0.290, 1.85e+10),
( 0.294, 1.87e+10),
( 0.297, 1.95e+10),
( 0.300, 2.05e+10),
( 0.304, 2.09e+10),
( 0.307, 2.16e+10),
( 0.310, 2.18e+10),
( 0.314, 2.23e+10),
( 0.317, 2.31e+10),
( 0.321, 2.42e+10),
( 0.324, 2.46e+10),
( 0.327, 2.55e+10),
( 0.331, 2.66e+10),
( 0.334, 2.73e+10),
( 0.338, 2.84e+10),
( 0.341, 2.93e+10),
( 0.344, 3.05e+10),
( 0.348, 3.16e+10),
( 0.351, 3.21e+10),
( 0.354, 3.31e+10),
( 0.358, 3.46e+10),
( 0.361, 3.57e+10),
( 0.364, 3.61e+10),
( 0.368, 3.72e+10),
( 0.371, 3.82e+10),
( 0.375, 3.90e+10),
( 0.378, 3.91e+10),
( 0.381, 3.95e+10),
( 0.385, 4.00e+10),
( 0.388, 4.00e+10),
( 0.391, 4.01e+10),
( 0.395, 4.02e+10),
( 0.398, 4.06e+10),
( 0.402, 4.09e+10),
( 0.405, 4.14e+10),
( 0.408, 4.17e+10),
( 0.412, 4.22e+10),
( 0.415, 4.25e+10),
( 0.419, 4.28e+10),
( 0.422, 4.28e+10),
( 0.425, 4.32e+10),
( 0.429, 4.38e+10),
( 0.432, 4.43e+10),
( 0.435, 4.46e+10),
( 0.439, 4.52e+10),
( 0.442, 4.52e+10),
( 0.445, 4.57e+10),
( 0.449, 4.60e+10),
( 0.452, 4.61e+10),
( 0.456, 4.60e+10),
( 0.459, 4.62e+10),
( 0.462, 4.64e+10),
( 0.466, 4.65e+10),
( 0.469, 4.63e+10),
( 0.473, 4.63e+10),
( 0.476, 4.60e+10),
( 0.479, 4.59e+10),
( 0.483, 4.53e+10),
( 0.486, 4.52e+10),
( 0.489, 4.52e+10),
( 0.493, 4.53e+10),
( 0.496, 4.50e+10),
( 0.500, 4.49e+10),
( 0.503, 4.46e+10),
( 0.506, 4.46e+10),
( 0.510, 4.45e+10),
( 0.513, 4.42e+10),
( 0.516, 4.40e+10),
( 0.520, 4.30e+10),
( 0.523, 4.29e+10),
( 0.526, 4.26e+10),
( 0.530, 4.23e+10),
( 0.533, 4.18e+10),
( 0.537, 4.12e+10),
( 0.540, 4.02e+10),
( 0.543, 3.92e+10),
( 0.547, 3.88e+10),
( 0.550, 3.93e+10),
( 0.554, 3.92e+10),
( 0.557, 3.83e+10),
( 0.560, 3.80e+10),
( 0.564, 3.80e+10),
( 0.567, 3.82e+10),
( 0.570, 3.82e+10),
( 0.574, 3.77e+10),
( 0.577, 3.73e+10),
( 0.580, 3.75e+10),
( 0.584, 3.68e+10),
( 0.587, 3.67e+10),
( 0.591, 3.68e+10),
( 0.594, 3.67e+10),
( 0.597, 3.63e+10),
( 0.601, 3.60e+10),
( 0.604, 3.63e+10),
( 0.608, 3.63e+10),
( 0.611, 3.63e+10),
( 0.614, 3.64e+10),
( 0.618, 3.67e+10),
( 0.621, 3.66e+10),
( 0.624, 3.61e+10),
( 0.628, 3.58e+10),
( 0.631, 3.62e+10),
( 0.635, 3.72e+10),
( 0.638, 3.76e+10),
( 0.641, 3.77e+10),
( 0.645, 3.73e+10),
( 0.648, 3.73e+10),
( 0.651, 3.72e+10),
( 0.655, 3.75e+10),
( 0.658, 3.76e+10),
( 0.661, 3.79e+10),
( 0.665, 3.86e+10),
( 0.668, 3.92e+10),
( 0.672, 3.96e+10),
( 0.675, 3.98e+10),
( 0.678, 4.01e+10),
( 0.682, 3.99e+10),
( 0.685, 4.03e+10),
( 0.689, 4.15e+10),
( 0.692, 4.23e+10),
( 0.695, 4.29e+10),
( 0.699, 4.35e+10),
( 0.702, 4.42e+10),
( 0.705, 4.41e+10),
( 0.709, 4.41e+10),
( 0.712, 4.46e+10),
( 0.715, 4.51e+10),
( 0.719, 4.53e+10),
( 0.722, 4.58e+10),
( 0.726, 4.62e+10),
( 0.729, 4.63e+10),
( 0.732, 4.66e+10),
( 0.736, 4.69e+10),
( 0.739, 4.67e+10),
( 0.743, 4.70e+10),
( 0.746, 4.69e+10),
( 0.749, 4.63e+10),
( 0.753, 4.60e+10),
( 0.756, 4.60e+10),
( 0.759, 4.60e+10),
( 0.763, 4.57e+10),
( 0.766, 4.51e+10),
( 0.770, 4.49e+10),
( 0.773, 4.52e+10),
( 0.776, 4.55e+10),
( 0.780, 4.55e+10),
( 0.783, 4.55e+10),
( 0.786, 4.59e+10),
( 0.790, 4.62e+10),
( 0.793, 4.63e+10),
( 0.796, 4.56e+10),
( 0.800, 4.55e+10),
( 0.803, 4.59e+10),
( 0.807, 4.57e+10),
( 0.810, 4.50e+10),
( 0.813, 4.44e+10),
( 0.817, 4.35e+10),
( 0.820, 4.29e+10),
( 0.824, 4.25e+10),
( 0.827, 4.14e+10),
( 0.830, 4.01e+10),
( 0.834, 3.96e+10),
( 0.837, 3.88e+10),
( 0.840, 3.77e+10),
( 0.844, 3.68e+10),
( 0.847, 3.63e+10),
( 0.850, 3.56e+10),
( 0.854, 3.50e+10),
( 0.857, 3.48e+10),
( 0.861, 3.44e+10),
( 0.864, 3.39e+10),
( 0.867, 3.35e+10),
( 0.871, 3.31e+10),
( 0.874, 3.22e+10),
( 0.878, 3.14e+10),
( 0.881, 3.08e+10),
( 0.884, 3.04e+10),
( 0.888, 2.93e+10),
( 0.891, 2.82e+10),
( 0.894, 2.79e+10),
( 0.898, 2.71e+10),
( 0.901, 2.57e+10),
( 0.905, 2.46e+10),
( 0.908, 2.34e+10),
( 0.911, 2.28e+10),
( 0.915, 2.27e+10),
( 0.918, 2.21e+10),
( 0.921, 2.13e+10),
( 0.925, 2.10e+10),
( 0.928, 1.98e+10),
( 0.931, 1.88e+10),
( 0.935, 1.78e+10),
( 0.938, 1.74e+10),
( 0.942, 1.74e+10),
( 0.945, 1.67e+10),
( 0.948, 1.56e+10),
( 0.952, 1.44e+10),
( 0.955, 1.38e+10),
( 0.959, 1.34e+10),
( 0.962, 1.30e+10),
( 0.965, 1.27e+10),
( 0.969, 1.23e+10),
( 0.972, 1.17e+10),
( 0.975, 1.07e+10),
( 0.979, 9.74e+09),
( 0.982, 8.96e+09),
( 0.985, 8.17e+09),
( 0.989, 8.01e+09),
( 0.992, 6.96e+09),
( 0.996, 6.19e+09),
( 0.999, 5.94e+09),
( 1.002, 5.34e+09),
( 1.006, 4.93e+09),
( 1.009, 4.63e+09),
( 1.013, 4.52e+09),
( 1.016, 4.27e+09),
( 1.019, 4.00e+09),
( 1.023, 3.74e+09),
( 1.026, 3.37e+09),
( 1.029, 2.43e+09),
( 1.033, 1.61e+09),
( 1.036, 1.38e+09),
( 1.040, 1.34e+09),
( 1.043, 1.03e+09),
( 1.046, 1.22e+09),
( 1.050, 1.22e+09),
( 1.053, 9.25e+08),
( 1.056, 6.76e+08),
( 1.060, 6.97e+08),
( 1.063, 5.57e+08),
( 1.066, 6.96e+08),
( 1.070, 6.51e+08),
( 1.073, 6.38e+08),
( 1.077, 3.02e+08),
( 1.080, 3.16e+08),
( 1.083, 3.29e+08),
( 1.087, 7.62e+08),
( 1.090, 7.74e+08),
( 1.094, 8.31e+08),
( 1.097, 5.53e+08),
( 1.100,-3.08e+08),
( 1.104,-6.24e+08),
( 1.107,-4.17e+08),
( 1.110,-2.96e+08),
( 1.114,-8.99e+07),
( 1.117,-6.92e+08),
( 1.120,-1.26e+09),
( 1.124,-1.23e+09),
( 1.127,-9.06e+08),
( 1.131,-6.09e+08),
( 1.134,-6.11e+08),
( 1.137,-5.39e+08),
( 1.141,-3.34e+08),
( 1.144,-2.00e+08),
( 1.148,-1.33e+08),
( 1.151,-5.29e+07),
( 1.154, 1.60e+08),
( 1.158,-1.15e+08),
( 1.161,-3.45e+08),
( 1.164,-8.91e+07),
( 1.168, 9.01e+07),
( 1.171, 1.99e+08),
( 1.175, 6.54e+07),
( 1.178,-1.84e+07),
( 1.181, 4.24e+07),
( 1.185, 6.29e+07),
( 1.188,-2.89e+08),
( 1.191,-5.54e+07),
( 1.195,-4.71e+08),
( 1.198,-8.93e+08),
( 1.201,-1.93e+08),
( 1.205,-2.26e+08),
( 1.208,-7.02e+08),
( 1.212,-6.81e+08),
( 1.215,-3.48e+08),
( 1.218,-3.45e+08),
( 1.222,-3.87e+08),
( 1.225,-5.92e+08),
( 1.229,-5.52e+08),
( 1.232,-3.50e+08),
( 1.235,-2.57e+08),
( 1.239,-5.81e+08),
( 1.242,-3.18e+08),
( 1.245,-1.61e+08),
( 1.249,-5.78e+08),
( 1.252,-8.38e+08),
( 1.255,-1.38e+09),
( 1.259,-1.57e+09),
( 1.262,-1.03e+09),
( 1.266,-6.77e+08),
( 1.269,-2.59e+08),
( 1.272,-3.42e+08),
( 1.276,-9.18e+08),
( 1.279,-1.59e+09),
( 1.283,-1.96e+09),
( 1.286,-1.61e+09),
( 1.289,-1.33e+09),
( 1.293,-8.43e+08),
( 1.296,-2.68e+08),
( 1.299, 1.64e+08),
( 1.303, 5.39e+08),
( 1.306, 1.09e+09),
( 1.310, 1.36e+09),
( 1.313, 1.18e+09),
( 1.316, 8.50e+08),
( 1.320, 5.05e+08),
( 1.323, 1.53e+08),
( 1.326, 6.13e+07),
( 1.330, 1.71e+08),
( 1.333, 3.29e+08),
( 1.336, 3.78e+08),
( 1.340, 4.57e+08),
( 1.343, 4.09e+08),
( 1.347, 9.53e+06),
( 1.350, 4.98e+08),
( 1.353, 1.21e+09),
( 1.357, 1.20e+09),
( 1.360, 1.32e+09),
( 1.364, 1.32e+09),
( 1.367, 1.12e+09),
( 1.370, 1.53e+09),
( 1.374, 1.48e+09),
( 1.377, 1.38e+09),
( 1.380, 1.37e+09),
( 1.384, 1.21e+09),
( 1.387, 4.77e+08),
( 1.390,-2.01e+08),
( 1.394,-5.05e+08),
( 1.397,-2.86e+08),
( 1.401,-1.17e+08),
( 1.404, 2.98e+08),
( 1.407, 2.22e+08),
( 1.411, 4.98e+08),
( 1.414, 8.42e+08),
( 1.418, 8.35e+08),
( 1.421, 6.98e+08),
( 1.424, 6.56e+08),
( 1.428, 8.07e+08),
( 1.431, 7.17e+08),
( 1.434, 6.03e+08),
( 1.438, 7.56e+08),
( 1.441, 1.28e+09),
( 1.445, 1.46e+09),
( 1.448, 1.47e+09),
( 1.451, 1.46e+09),
( 1.455, 1.84e+09),
( 1.458, 2.20e+09),
( 1.461, 2.35e+09),
( 1.465, 2.42e+09),
( 1.468, 2.74e+09),
( 1.471, 2.83e+09),
( 1.475, 3.12e+09),
( 1.478, 3.35e+09),
( 1.482, 3.27e+09),
( 1.485, 2.86e+09),
( 1.488, 2.84e+09),
( 1.492, 2.58e+09),
( 1.495, 2.46e+09),
( 1.499, 2.71e+09),
( 1.502, 2.96e+09),
( 1.505, 2.90e+09),
( 1.509, 2.69e+09),
( 1.512, 2.53e+09),
( 1.515, 2.38e+09),
( 1.519, 2.36e+09),
( 1.522, 2.38e+09),
( 1.525, 2.40e+09),
( 1.529, 2.16e+09),
( 1.532, 2.15e+09),
( 1.536, 2.00e+09),
( 1.539, 2.23e+09),
( 1.542, 2.39e+09),
( 1.546, 2.45e+09),
( 1.549, 2.30e+09),
( 1.553, 2.38e+09),
( 1.556, 1.79e+09),
( 1.559, 1.50e+09),
( 1.563, 1.64e+09),
( 1.566, 1.64e+09),
( 1.569, 1.68e+09),
( 1.573, 1.24e+09),
( 1.576, 6.29e+08),
( 1.580, 1.97e+08),
( 1.583,-2.86e+08),
( 1.586,-3.42e+08),
( 1.590,-3.75e+08),
( 1.593,-4.84e+08),
( 1.596,-5.09e+08),
( 1.600,-6.19e+08),
( 1.603, 3.66e+07),
( 1.606, 4.70e+08),
( 1.610, 7.12e+08),
( 1.613, 9.82e+08),
( 1.617, 5.50e+08),
( 1.620, 4.80e+08),
( 1.623, 4.57e+08),
( 1.627, 3.35e+08),
( 1.630, 1.14e+09),
( 1.634, 1.23e+09),
( 1.637, 1.25e+09),
( 1.640, 1.46e+09),
( 1.644, 1.46e+09),
( 1.647, 1.77e+09),
( 1.650, 1.99e+09),
( 1.654, 2.05e+09),
( 1.657, 2.54e+09),
( 1.660, 2.55e+09),
( 1.664, 2.35e+09),
( 1.667, 2.71e+09),
( 1.671, 3.04e+09),
( 1.674, 3.68e+09),
( 1.677, 3.87e+09),
( 1.681, 3.73e+09),
( 1.684, 4.34e+09),
( 1.688, 5.25e+09),
( 1.691, 5.64e+09),
( 1.694, 4.93e+09),
( 1.698, 4.35e+09),
( 1.701, 4.12e+09),
( 1.704, 3.60e+09),
( 1.708, 3.58e+09),
( 1.711, 3.68e+09),
( 1.715, 3.75e+09),
( 1.718, 3.74e+09),
( 1.721, 3.66e+09),
( 1.725, 3.25e+09),
( 1.728, 2.92e+09),
( 1.731, 2.83e+09),
( 1.735, 2.65e+09),
( 1.738, 2.41e+09),
( 1.741, 2.22e+09),
( 1.745, 2.11e+09),
( 1.748, 2.10e+09),
( 1.752, 1.90e+09),
( 1.755, 1.74e+09),
( 1.758, 1.90e+09),
( 1.762, 2.07e+09),
( 1.765, 1.73e+09),
( 1.769, 1.62e+09),
( 1.772, 1.80e+09),
( 1.775, 2.17e+09),
( 1.779, 2.59e+09),
( 1.782, 2.35e+09),
( 1.785, 1.87e+09),
( 1.789, 1.91e+09),
( 1.792, 2.23e+09),
( 1.795, 2.68e+09),
( 1.799, 2.62e+09),
( 1.802, 2.05e+09),
( 1.806, 2.05e+09),
( 1.809, 1.86e+09),
( 1.812, 1.89e+09),
( 1.816, 1.98e+09),
( 1.819, 1.92e+09),
( 1.823, 1.94e+09),
( 1.826, 1.59e+09),
( 1.829, 1.52e+09),
( 1.833, 1.67e+09),
( 1.836, 1.85e+09),
( 1.839, 1.40e+09),
( 1.843, 1.58e+09),
( 1.846, 1.88e+09),
( 1.850, 1.82e+09),
( 1.853, 1.86e+09),
( 1.856, 1.52e+09),
( 1.860, 1.51e+09),
( 1.863, 9.83e+08),
( 1.866, 5.92e+08),
( 1.870, 7.61e+08),
( 1.873, 1.11e+09),
( 1.876, 1.05e+09),
( 1.880, 6.18e+08),
( 1.883, 8.13e+08),
( 1.887, 5.92e+08),
( 1.890, 5.78e+08),
( 1.893, 8.66e+08),
( 1.897, 9.50e+08),
( 1.900, 1.63e+09),
( 1.904, 2.09e+09),
( 1.907, 1.68e+09),
( 1.910, 1.00e+09),
( 1.914, 4.11e+08),
( 1.917, 3.05e+08),
( 1.920, 4.52e+08),
( 1.924, 5.59e+08),
( 1.927,-1.05e+08),
( 1.930,-2.81e+08),
( 1.934,-3.96e+08),
( 1.937,-2.99e+08),
( 1.941, 3.93e+08),
( 1.944, 5.47e+08),
( 1.947, 3.73e+08),
( 1.951,-1.06e+08),
( 1.954,-3.24e+07),
( 1.958,-1.87e+08),
( 1.961,-4.10e+08),
( 1.964, 3.98e+08),
( 1.968, 9.02e+08),
( 1.971, 8.30e+08),
( 1.974, 4.28e+08),
( 1.978, 3.34e+07),
( 1.981, 1.71e+08),
( 1.984, 2.11e+08),
( 1.988, 3.05e+08),
( 1.991, 4.99e+08),
( 1.995, 8.34e+08),
( 1.998, 9.61e+08),
( 2.001, 1.04e+09),
( 2.005, 7.18e+08),
( 2.008, 4.59e+08),
( 2.011, 4.57e+08),
( 2.015, 3.97e+08),
( 2.018, 4.73e+07),
( 2.022, 1.42e+08),
( 2.025, 2.08e+08),
( 2.028, 4.81e+08),
( 2.032, 3.42e+08),
( 2.035, 4.65e+08),
( 2.039, 5.62e+08),
( 2.042, 5.28e+08),
( 2.045, 3.63e+08),
( 2.049, 1.87e+08),
( 2.052, 1.89e+08),
( 2.055, 1.62e+08),
( 2.059, 2.59e+08),
( 2.062, 4.73e+08),
( 2.065, 3.66e+07),
( 2.069,-1.59e+08),
( 2.072, 5.26e+08),
( 2.076, 8.83e+08),
( 2.079, 2.00e+08),
( 2.082, 4.33e+08),
( 2.086, 7.11e+08),
( 2.089, 6.66e+08),
( 2.093, 7.82e+08),
( 2.096, 1.18e+09),
( 2.099, 1.56e+09),
( 2.103, 1.39e+09),
( 2.106, 1.41e+09),
( 2.109, 1.87e+09),
( 2.113, 2.07e+09),
( 2.116, 2.47e+09),
( 2.119, 2.39e+09),
( 2.123, 2.32e+09),
( 2.126, 2.06e+09),
( 2.130, 1.63e+09),
( 2.133, 1.43e+09),
( 2.136, 1.13e+09),
( 2.140, 1.02e+09),
( 2.143, 1.18e+09),
( 2.146, 1.53e+09),
( 2.150, 1.27e+09),
( 2.153, 8.56e+08),
( 2.157, 6.24e+08),
( 2.160, 6.08e+08),
( 2.163, 3.51e+08),
( 2.167, 2.18e+08),
( 2.170, 5.86e+08),
( 2.174, 1.01e+09),
( 2.177, 1.03e+09),
( 2.180, 9.02e+08),
( 2.184, 1.22e+09),
( 2.187, 1.58e+09),
( 2.190, 1.50e+09),
( 2.194, 1.68e+09),
( 2.197, 1.64e+09),
( 2.200, 1.57e+09),
( 2.204, 1.67e+09),
( 2.207, 1.45e+09),
( 2.211, 1.45e+09),
( 2.214, 9.22e+08),
( 2.217, 1.02e+09),
( 2.221, 1.10e+09),
( 2.224, 1.25e+09),
( 2.228, 1.04e+09),
( 2.231, 7.26e+08),
( 2.234, 4.24e+08),
( 2.238, 1.39e+08),
( 2.241,-7.76e+07),
( 2.244,-5.02e+08),
( 2.248,-3.36e+08),
( 2.251, 2.59e+08),
( 2.254, 1.34e+08),
( 2.258, 1.13e+08),
( 2.261, 5.32e+08),
( 2.265, 3.72e+08),
( 2.268, 1.47e+08),
( 2.271, 1.45e+08),
( 2.275, 3.37e+08),
( 2.278, 4.31e+08),
( 2.281, 3.33e+08),
( 2.285, 2.94e+08),
( 2.288, 3.47e+08),
( 2.292, 8.21e+08),
( 2.295, 9.64e+08),
( 2.298, 5.80e+08),
( 2.302, 3.42e+07),
( 2.305, 7.03e+07),
( 2.309, 7.20e+07),
( 2.312, 5.97e+07),
( 2.315,-1.57e+08),
( 2.319,-3.08e+08),
( 2.322,-1.79e+08),
( 2.325,-3.14e+08),
( 2.329, 1.15e+08),
( 2.332, 2.26e+08),
( 2.335, 3.83e+08),
( 2.339, 3.79e+08),
( 2.342, 2.74e+08),
( 2.346, 2.60e+07),
( 2.349, 2.40e+08),
( 2.352, 6.81e+08),
( 2.356, 2.66e+08),
( 2.359,-2.44e+08),
( 2.363,-4.28e+08),
( 2.366,-2.02e+08),
( 2.369,-5.78e+07),
( 2.373,-3.17e+08),
( 2.376,-2.71e+08),
( 2.379,-1.91e+08),
( 2.383,-4.64e+08),
( 2.386,-3.59e+08),
( 2.389,-1.80e+08),
( 2.393,-3.32e+08),
( 2.396,-2.60e+08),
( 2.400,-1.64e+08),
( 2.403,-6.11e+08),
( 2.406,-3.88e+08),
( 2.410,-2.24e+08),
( 2.413,-3.43e+08),
( 2.416,-3.85e+08),
( 2.420,-6.45e+08),
( 2.423,-3.73e+08),
( 2.427,-1.61e+08),
( 2.430, 4.55e+08),
( 2.433, 8.49e+08),
( 2.437, 5.44e+08),
( 2.440, 8.81e+08),
( 2.444, 5.26e+08),
( 2.447, 3.97e+08),
( 2.450, 3.51e+08),
( 2.454,-1.92e+08),
( 2.457,-3.73e+08),
( 2.460,-3.36e+08),
( 2.464,-2.29e+08),
( 2.467,-6.83e+08),
( 2.470,-3.77e+08),
( 2.474,-4.88e+08),
( 2.477,-6.29e+08),
( 2.481,-5.49e+08),
( 2.484,-4.00e+08),
( 2.487,-2.90e+08),
( 2.491,-1.76e+08),
( 2.494,-2.88e+08),
( 2.498,-6.03e+07),
( 2.501, 3.17e+08),
( 2.504,-7.84e+07),
( 2.508,-1.52e+08),
( 2.511,-3.81e+07),
( 2.514,-2.81e+08),
( 2.518,-2.09e+08),
( 2.521,-1.79e+08),
( 2.524,-2.09e+08),
( 2.528,-2.90e+08),
( 2.531,-3.76e+08),
( 2.535,-4.21e+08),
( 2.538,-8.10e+08),
( 2.541,-9.79e+08),
( 2.545,-4.50e+08),
( 2.548, 1.59e+08),
( 2.551, 1.32e+08),
( 2.555, 3.78e+06),
( 2.558,-1.04e+08),
( 2.562, 9.42e+07),
( 2.565,-3.08e+08),
( 2.568,-2.94e+08),
( 2.572,-3.67e+08),
( 2.575,-3.04e+08),
( 2.579,-1.92e+07),
( 2.582, 7.61e+07),
( 2.585, 6.70e+07),
( 2.589,-4.48e+08),
( 2.592,-7.90e+08),
( 2.595,-7.25e+08),
( 2.599,-3.91e+08),
( 2.602,-6.69e+07),
( 2.605,-1.77e+08),
( 2.609,-3.07e+07),
( 2.612, 1.60e+08),
( 2.616, 4.40e+07),
( 2.619,-1.93e+08),
( 2.622,-1.87e+08),
( 2.626, 2.96e+06),
( 2.629, 2.61e+08),
( 2.633, 1.02e+08),
( 2.636,-3.79e+08),
( 2.639,-4.10e+08),
( 2.643,-4.49e+08),
( 2.646, 1.45e+08),
( 2.649, 1.94e+08),
( 2.653, 1.94e+07),
( 2.656, 2.11e+08),
( 2.659, 6.69e+08),
( 2.663, 8.81e+08),
( 2.666, 3.50e+08),
( 2.670, 1.28e+07),
( 2.673, 1.02e+08),
( 2.676,-3.08e+08),
( 2.680,-2.43e+08),
( 2.683,-2.66e+08),
( 2.686,-3.17e+08),
( 2.690,-2.01e+08),
( 2.693,-1.48e+08),
( 2.697,-1.01e+08),
( 2.700, 1.45e+08),
( 2.703, 4.13e+08),
( 2.707, 4.47e+08),
( 2.710, 4.24e+08),
( 2.714, 2.60e+08),
( 2.717,-2.25e+07),
( 2.720,-1.56e+08),
( 2.724, 1.48e+08),
( 2.727, 2.43e+08),
( 2.730, 2.86e+08),
( 2.734, 3.26e+08),
( 2.737, 5.21e+08),
( 2.740, 7.28e+08),
( 2.744, 8.18e+08),
( 2.747, 7.04e+08),
( 2.751, 9.82e+08),
( 2.754, 6.88e+08),
( 2.757, 6.36e+08),
( 2.761, 1.04e+09),
( 2.764, 6.08e+08),
( 2.768, 1.62e+08),
( 2.771, 2.02e+08),
( 2.774, 3.47e+08),
( 2.778, 4.75e+08),
( 2.781, 6.30e+08),
( 2.784, 1.48e+08),
( 2.788,-9.81e+07),
( 2.791, 1.69e+07),
( 2.794,-1.41e+08),
( 2.798,-1.64e+08),
( 2.801,-2.56e+08),
( 2.805,-3.60e+08),
( 2.808,-1.04e+08),
( 2.811,-7.08e+08),
( 2.815,-1.12e+09),
( 2.818,-4.65e+08),
( 2.821,-1.31e+08),
( 2.825, 1.28e+07),
( 2.828,-2.48e+08),
( 2.832,-2.75e+08),
( 2.835,-2.12e+08),
( 2.838,-4.02e+08),
( 2.842,-5.00e+08),
( 2.845,-1.80e+08),
( 2.849, 7.86e+07),
( 2.852, 1.69e+08),
( 2.855, 4.91e+08),
( 2.859, 6.56e+08),
( 2.862, 6.74e+08),
( 2.865, 9.86e+08),
( 2.869, 1.09e+09),
( 2.872, 9.01e+08),
( 2.875, 7.47e+08),
( 2.879, 1.05e+09),
( 2.882, 8.48e+08),
( 2.886, 7.15e+08),
( 2.889, 6.76e+08),
( 2.892, 1.10e+09),
( 2.896, 8.98e+08),
( 2.899, 9.43e+08),
( 2.903, 8.60e+08),
( 2.906, 2.14e+08),
( 2.909, 2.31e+08),
( 2.913,-8.00e+07),
( 2.916,-1.44e+08),
( 2.919,-1.70e+08),
( 2.923, 1.62e+08),
( 2.926,-3.91e+08),
( 2.930,-8.62e+08),
( 2.933,-5.16e+08),
( 2.936,-2.84e+08),
( 2.940,-6.44e+07),
( 2.943,-3.83e+08),
( 2.946,-1.93e+08),
( 2.950, 2.11e+08),
( 2.953,-1.18e+08),
( 2.956,-2.77e+08),
( 2.960,-1.26e+08),
( 2.963, 1.08e+08),
( 2.967, 4.90e+08),
( 2.970, 4.66e+08),
( 2.973, 2.12e+08),
( 2.977, 1.09e+08),
( 2.980,-1.83e+08),
( 2.984,-2.86e+08),
( 2.987,-5.66e+08),
( 2.990,-6.70e+08),
( 2.994,-4.95e+08),
( 2.997,-9.73e+07)]
