Bolide Detection Notification: 2016-115

At 05:39:25 UT on 24 Apr 2016, sensors aboard U. S. Government satellites recorded
the flash signature of a large meteoroid entry into the atmosphere. Location of the
flash  was Lat 9.8N, Lon 42.8W.

Based upon the visible-light intensity-time signature, peak brightness of the flash
was  determined to be approximately 4.3e10 watts/steradian, and total radiated flash
energy  14.6e10 joules (6000K blackbody model).

Intensity-time signature of the event and integrated intensity are depicted on the
plots  below. On the intensity-time plot, one count on vertical axis corresponds to
2.35E8  watts/steradian. On the integrated intensity plot, one count represents
2.96E9 joules  radiated energy.

Peak Intensity = 8.65e+09 watts/steradian
Total Energy   = 3.06e+11 joules

Intensity=[
(-0.378,-5.07e+07),
(-0.375, 2.24e+07),
(-0.371,-1.53e+08),
(-0.368,-2.33e+07),
(-0.364, 2.32e+08),
(-0.361, 2.37e+08),
(-0.358, 5.41e+07),
(-0.354,-1.36e+08),
(-0.351, 2.96e+08),
(-0.348, 3.21e+08),
(-0.344, 2.57e+08),
(-0.341, 1.14e+08),
(-0.337, 2.51e+08),
(-0.334,-1.79e+08),
(-0.331, 2.55e+06),
(-0.327, 4.00e+07),
(-0.324, 1.08e+07),
(-0.321,-1.74e+08),
(-0.317,-4.63e+07),
(-0.314, 4.27e+08),
(-0.311, 6.99e+07),
(-0.307,-9.15e+07),
(-0.304, 4.00e+07),
(-0.300,-2.10e+07),
(-0.297,-1.93e+08),
(-0.294,-2.16e+08),
(-0.290, 6.98e+06),
(-0.287, 3.49e+07),
(-0.284,-6.57e+07),
(-0.280,-3.02e+08),
(-0.277,-9.72e+07),
(-0.273, 6.93e+07),
(-0.270,-2.54e+08),
(-0.267,-1.79e+08),
(-0.263,-1.93e+07),
(-0.260,-1.28e+08),
(-0.257,-7.65e+07),
(-0.253,-1.96e+08),
(-0.250, 2.04e+08),
(-0.246, 1.35e+08),
(-0.243,-4.53e+07),
(-0.240, 1.95e+08),
(-0.236,-5.32e+07),
(-0.233,-2.63e+08),
(-0.229,-2.28e+07),
(-0.226,-1.43e+08),
(-0.223,-1.99e+08),
(-0.219,-2.55e+06),
(-0.216, 1.13e+08),
(-0.213, 2.84e+08),
(-0.209, 4.48e+07),
(-0.206,-1.27e+07),
(-0.202,-3.08e+07),
(-0.199,-2.56e+08),
(-0.196, 2.22e+08),
(-0.192,-1.33e+08),
(-0.189,-2.40e+08),
(-0.186, 1.45e+08),
(-0.182, 1.06e+07),
(-0.179,-4.16e+08),
(-0.176,-4.72e+07),
(-0.172, 8.57e+07),
(-0.169,-8.57e+07),
(-0.165,-1.42e+08),
(-0.162,-9.15e+07),
(-0.159, 1.34e+08),
(-0.155,-3.18e+08),
(-0.152,-3.10e+07),
(-0.149, 6.01e+07),
(-0.145, 2.23e+08),
(-0.142, 1.94e+08),
(-0.138, 2.80e+08),
(-0.135, 3.79e+08),
(-0.132, 3.08e+08),
(-0.128,-1.55e+07),
(-0.125, 2.39e+08),
(-0.121, 2.04e+08),
(-0.118,-3.95e+07),
(-0.115,-8.67e+07),
(-0.111, 3.67e+08),
(-0.108,-1.57e+07),
(-0.105, 1.54e+08),
(-0.101,-4.97e+07),
(-0.098, 2.05e+07),
(-0.094,-1.47e+08),
(-0.091,-1.46e+08),
(-0.088, 2.76e+08),
(-0.084, 3.05e+08),
(-0.081, 3.07e+08),
(-0.078, 6.04e+07),
(-0.074, 4.03e+06),
(-0.071,-1.60e+08),
(-0.067, 2.75e+08),
(-0.064,-1.06e+08),
(-0.061,-1.02e+08),
(-0.057, 4.19e+06),
(-0.054,-7.42e+07),
(-0.051,-7.09e+07),
(-0.047, 3.97e+08),
(-0.044,-1.82e+08),
(-0.041,-2.77e+07),
(-0.037, 2.37e+08),
(-0.034,-1.60e+07),
(-0.030, 4.56e+07),
(-0.027, 3.38e+07),
(-0.024,-2.16e+07),
(-0.020, 4.42e+08),
(-0.017, 6.85e+08),
(-0.014, 2.99e+08),
(-0.010, 5.23e+08),
(-0.007, 7.25e+08),
(-0.003, 7.62e+08),
(-0.000, 1.19e+09),
( 0.003, 1.14e+09),
( 0.007, 9.00e+08),
( 0.010, 1.22e+09),
( 0.014, 1.28e+09),
( 0.017, 1.05e+09),
( 0.020, 9.93e+08),
( 0.024, 8.62e+08),
( 0.027, 1.41e+09),
( 0.030, 1.50e+09),
( 0.034, 1.79e+09),
( 0.037, 1.83e+09),
( 0.041, 1.87e+09),
( 0.044, 2.09e+09),
( 0.047, 2.43e+09),
( 0.051, 2.79e+09),
( 0.054, 2.87e+09),
( 0.057, 3.02e+09),
( 0.061, 3.16e+09),
( 0.064, 3.45e+09),
( 0.067, 3.52e+09),
( 0.071, 3.77e+09),
( 0.074, 4.22e+09),
( 0.078, 4.48e+09),
( 0.081, 4.65e+09),
( 0.084, 4.56e+09),
( 0.088, 5.07e+09),
( 0.091, 5.46e+09),
( 0.094, 5.71e+09),
( 0.098, 5.62e+09),
( 0.101, 6.05e+09),
( 0.105, 6.35e+09),
( 0.108, 6.49e+09),
( 0.111, 6.77e+09),
( 0.115, 6.40e+09),
( 0.118, 6.43e+09),
( 0.122, 7.01e+09),
( 0.125, 7.71e+09),
( 0.128, 7.89e+09),
( 0.132, 7.85e+09),
( 0.135, 7.69e+09),
( 0.138, 8.55e+09),
( 0.142, 8.65e+09),
( 0.145, 7.56e+09),
( 0.149, 7.37e+09),
( 0.152, 7.46e+09),
( 0.155, 7.15e+09),
( 0.159, 6.71e+09),
( 0.162, 6.83e+09),
( 0.165, 6.61e+09),
( 0.169, 6.61e+09),
( 0.172, 6.83e+09),
( 0.176, 6.91e+09),
( 0.179, 6.40e+09),
( 0.182, 5.80e+09),
( 0.186, 6.43e+09),
( 0.189, 7.02e+09),
( 0.192, 6.75e+09),
( 0.196, 6.14e+09),
( 0.199, 5.90e+09),
( 0.202, 5.99e+09),
( 0.206, 5.52e+09),
( 0.209, 4.92e+09),
( 0.213, 5.38e+09),
( 0.216, 5.33e+09),
( 0.219, 5.28e+09),
( 0.223, 4.95e+09),
( 0.226, 5.38e+09),
( 0.229, 5.43e+09),
( 0.233, 5.41e+09),
( 0.236, 5.02e+09),
( 0.240, 4.88e+09),
( 0.243, 4.67e+09),
( 0.246, 4.46e+09),
( 0.250, 4.14e+09),
( 0.253, 4.30e+09),
( 0.257, 4.61e+09),
( 0.260, 4.64e+09),
( 0.263, 4.77e+09),
( 0.267, 4.28e+09),
( 0.270, 4.43e+09),
( 0.273, 4.50e+09),
( 0.277, 3.93e+09),
( 0.280, 3.56e+09),
( 0.284, 3.52e+09),
( 0.287, 3.22e+09),
( 0.290, 3.19e+09),
( 0.294, 2.79e+09),
( 0.297, 3.14e+09),
( 0.300, 3.08e+09),
( 0.304, 3.19e+09),
( 0.307, 3.31e+09),
( 0.310, 3.07e+09),
( 0.314, 2.79e+09),
( 0.317, 2.98e+09),
( 0.321, 2.78e+09),
( 0.324, 2.70e+09),
( 0.327, 2.63e+09),
( 0.331, 2.84e+09),
( 0.334, 2.87e+09),
( 0.337, 2.85e+09),
( 0.341, 2.28e+09),
( 0.344, 2.26e+09),
( 0.348, 2.43e+09),
( 0.351, 2.61e+09),
( 0.354, 2.84e+09),
( 0.358, 3.33e+09),
( 0.361, 3.13e+09),
( 0.364, 2.48e+09),
( 0.368, 2.55e+09),
( 0.371, 2.26e+09),
( 0.375, 2.68e+09),
( 0.378, 2.28e+09),
( 0.381, 2.29e+09),
( 0.385, 2.70e+09),
( 0.388, 2.20e+09),
( 0.392, 2.33e+09),
( 0.395, 2.39e+09),
( 0.398, 2.32e+09),
( 0.402, 2.41e+09),
( 0.405, 2.29e+09),
( 0.408, 1.92e+09),
( 0.412, 2.47e+09),
( 0.415, 2.31e+09),
( 0.419, 2.15e+09),
( 0.422, 1.33e+09),
( 0.425, 1.68e+09),
( 0.429, 1.64e+09),
( 0.432, 1.41e+09),
( 0.435, 1.42e+09),
( 0.439, 1.07e+09),
( 0.442, 1.14e+09),
( 0.445, 1.43e+09),
( 0.449, 1.15e+09),
( 0.452, 1.15e+09),
( 0.456, 1.39e+09),
( 0.459, 1.47e+09),
( 0.462, 1.46e+09),
( 0.466, 1.13e+09),
( 0.469, 1.25e+09),
( 0.472, 1.07e+09),
( 0.476, 1.19e+09),
( 0.479, 9.36e+08),
( 0.483, 1.06e+09),
( 0.486, 1.13e+09),
( 0.489, 1.03e+09),
( 0.493, 1.04e+09),
( 0.496, 1.43e+09),
( 0.500, 1.25e+09),
( 0.503, 8.92e+08),
( 0.506, 6.98e+08),
( 0.510, 9.08e+08),
( 0.513, 1.13e+09),
( 0.516, 1.39e+09),
( 0.520, 9.42e+08),
( 0.523, 9.87e+08),
( 0.527, 8.47e+08),
( 0.530, 1.11e+09),
( 0.533, 9.50e+08),
( 0.537, 6.86e+08),
( 0.540, 4.54e+08),
( 0.543, 8.65e+08),
( 0.547, 6.06e+08),
( 0.550, 4.42e+08),
( 0.554, 2.04e+08),
( 0.557, 6.64e+08),
( 0.560, 8.40e+08),
( 0.564, 5.63e+08),
( 0.567, 6.78e+08),
( 0.570, 3.38e+08),
( 0.574, 5.72e+08),
( 0.577, 3.15e+08),
( 0.580, 4.39e+08),
( 0.584, 4.56e+08),
( 0.587, 4.59e+08),
( 0.591, 4.73e+08),
( 0.594, 4.81e+08),
( 0.597, 1.55e+08),
( 0.601, 1.39e+07),
( 0.604, 1.72e+08),
( 0.607, 1.63e+08),
( 0.611, 2.31e+08),
( 0.614, 5.21e+08),
( 0.618, 5.69e+08),
( 0.621, 2.00e+08),
( 0.624, 3.39e+08),
( 0.628, 7.76e+07),
( 0.631, 1.96e+08),
( 0.635, 2.28e+08),
( 0.638, 4.63e+08),
( 0.641, 2.87e+08),
( 0.645, 2.11e+08),
( 0.648, 2.00e+08),
( 0.651, 1.17e+08),
( 0.655, 1.28e+08),
( 0.658, 2.17e+08),
( 0.662, 5.10e+08),
( 0.665,-1.11e+07),
( 0.668, 7.65e+07),
( 0.672, 7.22e+07),
( 0.675, 2.42e+08),
( 0.678, 6.89e+07),
( 0.682,-1.00e+08),
( 0.685,-2.09e+08),
( 0.688,-1.19e+08),
( 0.692,-2.22e+08),
( 0.695,-3.80e+07),
( 0.699,-1.09e+08),
( 0.702,-1.28e+08),
( 0.705, 9.03e+07),
( 0.709,-2.26e+08),
( 0.712,-2.81e+08),
( 0.715,-3.33e+08),
( 0.719, 3.07e+08),
( 0.722,-4.54e+07),
( 0.726, 2.47e+08),
( 0.729, 2.82e+07),
( 0.732, 1.94e+08),
( 0.736,-2.26e+07),
( 0.739,-7.52e+07),
( 0.743, 3.64e+08),
( 0.746, 2.75e+08),
( 0.749, 1.42e+08),
( 0.753, 1.35e+08),
( 0.756, 1.28e+08),
( 0.759,-5.18e+06),
( 0.763,-3.46e+07),
( 0.766, 2.90e+08),
( 0.770, 1.53e+08),
( 0.773, 2.12e+08),
( 0.776,-4.07e+07),
( 0.780, 5.18e+07),
( 0.783, 4.87e+07),
( 0.786,-2.69e+08),
( 0.790, 2.18e+07),
( 0.793,-1.11e+07),
( 0.797, 1.45e+07),
( 0.800,-2.93e+07),
( 0.803,-2.15e+08),
( 0.807, 8.95e+07),
( 0.810,-8.24e+07),
( 0.813,-4.20e+07),
( 0.817, 4.72e+07),
( 0.820,-2.76e+08),
( 0.823, 4.31e+07),
( 0.827,-9.34e+07),
( 0.830,-1.71e+08),
( 0.834, 5.83e+06),
( 0.837, 1.63e+08),
( 0.840,-3.86e+06),
( 0.844,-5.04e+07),
( 0.847, 2.04e+08),
( 0.850, 3.38e+08),
( 0.854, 1.98e+08),
( 0.857, 2.35e+08),
( 0.861, 2.31e+07),
( 0.864, 1.01e+08),
( 0.867,-1.21e+08),
( 0.871, 3.76e+07),
( 0.874, 7.04e+07),
( 0.878, 6.73e+07),
( 0.881,-9.92e+07),
( 0.884, 9.05e+07),
( 0.888,-2.18e+08),
( 0.891, 3.31e+08),
( 0.894, 7.68e+07),
( 0.898,-4.86e+08),
( 0.901,-1.87e+08),
( 0.905,-2.52e+08),
( 0.908,-3.07e+08),
( 0.911,-1.57e+08),
( 0.915, 2.75e+07),
( 0.918,-5.93e+08),
( 0.921,-2.42e+08),
( 0.925, 8.90e+07),
( 0.928,-2.02e+08),
( 0.931,-5.45e+07),
( 0.935,-3.95e+08),
( 0.938,-4.21e+08),
( 0.942,-3.71e+08),
( 0.945, 3.62e+07),
( 0.948,-3.25e+08),
( 0.952,-4.34e+08),
( 0.955,-1.55e+08),
( 0.958, 5.76e+07),
( 0.962,-3.00e+08),
( 0.965, 3.29e+07),
( 0.969,-1.76e+08),
( 0.972,-7.85e+07),
( 0.975,-2.06e+08),
( 0.979,-3.19e+08),
( 0.982,-5.18e+08),
( 0.985,-2.70e+08),
( 0.989,-2.73e+08),
( 0.992,-2.75e+07),
( 0.996, 4.84e+07),
( 0.999,-2.01e+08)]
