Bolide Detection Notification: 2020-015

At 06:31:39 UT on 15 Jan 2020, sensors aboard U. S. Government satellites recorded
the flash signature of a large meteoroid entry into the atmosphere. Location of the
flash  was Lat 23.7S, Lon 125.2W.

Based upon the visible-light intensity-time signature, peak brightness of the flash
was  determined to be approximately 4.5e10 watts/steradian, and total radiated flash
energy  19.6e10 joules (6000K blackbody model).

Intensity-time signature of the event and integrated intensity are depicted on the
plots  below. On the intensity-time plot, one count on vertical axis corresponds to
2.35E8  watts/steradian. On the integrated intensity plot, one count represents
2.96E9 joules  radiated energy.

Peak Intensity = 9.02e+09 watts/steradian
Total Energy   = 6.69e+11 joules

Intensity=[
( 0.003, 1.34e+08),
( 0.007, 1.49e+08),
( 0.010,-5.74e+07),
( 0.014, 1.52e+08),
( 0.017, 8.51e+07),
( 0.020, 1.93e+07),
( 0.024,-3.51e+07),
( 0.027, 1.29e+08),
( 0.030, 1.23e+08),
( 0.034,-7.83e+07),
( 0.037, 1.13e+08),
( 0.040, 4.92e+07),
( 0.044,-9.28e+07),
( 0.047, 1.91e+06),
( 0.051, 2.68e+08),
( 0.054, 9.51e+07),
( 0.057,-6.23e+07),
( 0.061,-6.40e+07),
( 0.064,-3.23e+07),
( 0.068,-3.21e+07),
( 0.071,-1.33e+08),
( 0.074,-1.40e+08),
( 0.078, 5.58e+07),
( 0.081, 1.43e+08),
( 0.084,-8.68e+07),
( 0.088,-2.59e+08),
( 0.091,-1.14e+08),
( 0.094,-5.36e+07),
( 0.098,-1.18e+08),
( 0.101,-8.22e+07),
( 0.105,-1.38e+06),
( 0.108,-1.35e+08),
( 0.111, 7.82e+06),
( 0.115, 2.23e+06),
( 0.118,-1.67e+08),
( 0.122,-5.64e+07),
( 0.125,-2.78e+08),
( 0.128, 2.69e+07),
( 0.132,-1.29e+08),
( 0.135,-7.30e+07),
( 0.138,-1.23e+08),
( 0.142,-1.14e+08),
( 0.145,-2.20e+06),
( 0.148,-1.72e+07),
( 0.152,-2.64e+07),
( 0.155,-1.32e+08),
( 0.159,-1.76e+08),
( 0.162, 5.05e+07),
( 0.165,-2.04e+08),
( 0.169,-1.86e+08),
( 0.172, 9.82e+07),
( 0.176,-8.26e+07),
( 0.179,-2.54e+08),
( 0.182, 3.39e+06),
( 0.186,-2.26e+07),
( 0.189, 9.63e+06),
( 0.192,-2.07e+08),
( 0.196,-4.43e+07),
( 0.199,-2.10e+08),
( 0.202,-2.16e+08),
( 0.206,-2.01e+08),
( 0.209,-1.54e+08),
( 0.213,-5.99e+07),
( 0.216,-2.11e+08),
( 0.219,-1.90e+08),
( 0.223,-1.29e+07),
( 0.226,-2.21e+08),
( 0.230,-6.17e+07),
( 0.233,-2.18e+08),
( 0.236,-5.31e+07),
( 0.240, 5.58e+07),
( 0.243,-8.39e+07),
( 0.246,-1.22e+08),
( 0.250,-3.85e+06),
( 0.253,-4.03e+07),
( 0.256,-2.62e+07),
( 0.260,-1.35e+08),
( 0.263,-1.81e+08),
( 0.267, 1.14e+08),
( 0.270,-2.83e+08),
( 0.273,-6.50e+07),
( 0.277, 7.13e+07),
( 0.280,-2.38e+08),
( 0.284,-1.41e+08),
( 0.287,-3.49e+07),
( 0.290, 1.90e+07),
( 0.294, 9.49e+07),
( 0.297,-7.16e+07),
( 0.300, 2.26e+07),
( 0.304, 6.65e+07),
( 0.307,-1.69e+08),
( 0.310,-1.35e+08),
( 0.314, 8.05e+07),
( 0.317,-6.50e+07),
( 0.321,-1.08e+08),
( 0.324,-5.84e+07),
( 0.327, 6.84e+06),
( 0.331,-1.59e+08),
( 0.334,-6.58e+07),
( 0.338,-3.05e+07),
( 0.341, 4.27e+05),
( 0.344,-1.68e+07),
( 0.348, 3.94e+07),
( 0.351,-5.82e+06),
( 0.354,-6.10e+07),
( 0.358,-8.11e+07),
( 0.361, 1.32e+07),
( 0.364, 1.14e+07),
( 0.368,-3.28e+07),
( 0.371,-6.27e+07),
( 0.375,-8.85e+07),
( 0.378,-8.98e+07),
( 0.381,-1.53e+08),
( 0.385, 5.83e+07),
( 0.388,-6.80e+06),
( 0.392,-1.69e+08),
( 0.395,-4.50e+06),
( 0.398, 3.39e+06),
( 0.402,-4.94e+07),
( 0.405,-4.50e+06),
( 0.408,-1.10e+08),
( 0.412, 1.15e+08),
( 0.415,-1.42e+08),
( 0.418,-7.53e+07),
( 0.422,-7.30e+06),
( 0.425,-1.68e+08),
( 0.429,-6.51e+07),
( 0.432,-7.13e+06),
( 0.435,-8.62e+07),
( 0.439,-1.20e+08),
( 0.442, 4.69e+07),
( 0.446, 1.58e+08),
( 0.449,-1.21e+08),
( 0.452,-1.29e+08),
( 0.456, 3.18e+07),
( 0.459,-1.88e+07),
( 0.462,-1.24e+07),
( 0.466, 5.36e+06),
( 0.469,-3.52e+06),
( 0.472,-5.25e+07),
( 0.476, 7.72e+07),
( 0.479, 1.43e+08),
( 0.483,-1.11e+08),
( 0.486,-3.93e+07),
( 0.489, 3.12e+07),
( 0.493, 1.41e+08),
( 0.496, 1.37e+08),
( 0.500, 7.08e+07),
( 0.503, 2.07e+08),
( 0.506, 1.78e+08),
( 0.510,-1.02e+08),
( 0.513, 5.20e+07),
( 0.516, 2.20e+08),
( 0.520, 2.44e+08),
( 0.523, 1.82e+08),
( 0.526, 4.74e+07),
( 0.530, 5.63e+07),
( 0.533, 1.69e+08),
( 0.537, 3.22e+06),
( 0.540, 6.12e+07),
( 0.543, 1.72e+08),
( 0.547, 1.08e+08),
( 0.550, 1.62e+08),
( 0.554, 1.78e+08),
( 0.557,-8.57e+07),
( 0.560, 1.40e+08),
( 0.564, 1.64e+08),
( 0.567, 1.37e+08),
( 0.570, 1.57e+08),
( 0.574, 1.15e+08),
( 0.577, 3.29e+08),
( 0.580, 2.16e+08),
( 0.584, 1.92e+08),
( 0.587,-1.86e+07),
( 0.591, 2.13e+07),
( 0.594, 2.24e+08),
( 0.597, 8.23e+07),
( 0.601, 1.68e+08),
( 0.604, 2.39e+08),
( 0.608, 1.34e+08),
( 0.611, 2.77e+07),
( 0.614, 3.38e+08),
( 0.618, 2.92e+08),
( 0.621, 1.62e+08),
( 0.624, 1.95e+08),
( 0.628, 1.06e+08),
( 0.631, 1.52e+08),
( 0.634, 1.89e+08),
( 0.638, 1.75e+08),
( 0.641, 2.08e+08),
( 0.645, 1.02e+08),
( 0.648, 1.24e+08),
( 0.651, 2.13e+07),
( 0.655, 1.46e+07),
( 0.658, 2.45e+08),
( 0.662, 2.75e+08),
( 0.665, 1.64e+08),
( 0.668, 5.98e+07),
( 0.672, 2.04e+08),
( 0.675, 1.81e+08),
( 0.678, 1.22e+08),
( 0.682, 2.86e+08),
( 0.685, 2.36e+08),
( 0.688, 3.05e+08),
( 0.692, 2.96e+08),
( 0.695, 5.08e+08),
( 0.699, 5.62e+08),
( 0.702, 6.66e+08),
( 0.705, 7.87e+08),
( 0.709, 6.70e+08),
( 0.712, 8.29e+08),
( 0.716, 6.53e+08),
( 0.719, 7.26e+08),
( 0.722, 7.62e+08),
( 0.726, 6.34e+08),
( 0.729, 6.71e+08),
( 0.732, 6.78e+08),
( 0.736, 1.03e+09),
( 0.739, 7.88e+08),
( 0.742, 9.10e+08),
( 0.746, 9.08e+08),
( 0.749, 9.06e+08),
( 0.753, 8.33e+08),
( 0.756, 9.60e+08),
( 0.759, 1.15e+09),
( 0.763, 1.04e+09),
( 0.766, 9.90e+08),
( 0.770, 1.17e+09),
( 0.773, 9.79e+08),
( 0.776, 1.47e+09),
( 0.780, 1.42e+09),
( 0.783, 1.33e+09),
( 0.786, 1.48e+09),
( 0.790, 1.48e+09),
( 0.793, 1.42e+09),
( 0.796, 1.29e+09),
( 0.800, 1.44e+09),
( 0.803, 1.51e+09),
( 0.807, 1.39e+09),
( 0.810, 1.53e+09),
( 0.813, 1.59e+09),
( 0.817, 1.75e+09),
( 0.820, 1.75e+09),
( 0.824, 1.86e+09),
( 0.827, 1.67e+09),
( 0.830, 1.97e+09),
( 0.834, 2.17e+09),
( 0.837, 2.22e+09),
( 0.840, 2.72e+09),
( 0.844, 2.71e+09),
( 0.847, 2.80e+09),
( 0.850, 2.78e+09),
( 0.854, 2.94e+09),
( 0.857, 2.99e+09),
( 0.861, 3.04e+09),
( 0.864, 3.41e+09),
( 0.867, 3.50e+09),
( 0.871, 3.41e+09),
( 0.874, 3.56e+09),
( 0.878, 3.74e+09),
( 0.881, 3.84e+09),
( 0.884, 4.22e+09),
( 0.888, 4.43e+09),
( 0.891, 4.76e+09),
( 0.894, 5.03e+09),
( 0.898, 5.11e+09),
( 0.901, 5.38e+09),
( 0.904, 5.45e+09),
( 0.908, 5.10e+09),
( 0.911, 5.00e+09),
( 0.915, 5.02e+09),
( 0.918, 4.71e+09),
( 0.921, 4.81e+09),
( 0.925, 5.00e+09),
( 0.928, 5.06e+09),
( 0.932, 5.01e+09),
( 0.935, 5.34e+09),
( 0.938, 5.61e+09),
( 0.942, 5.83e+09),
( 0.945, 6.27e+09),
( 0.948, 6.71e+09),
( 0.952, 6.95e+09),
( 0.955, 7.06e+09),
( 0.958, 6.70e+09),
( 0.962, 6.89e+09),
( 0.965, 7.10e+09),
( 0.969, 7.44e+09),
( 0.972, 7.76e+09),
( 0.975, 7.65e+09),
( 0.979, 7.79e+09),
( 0.982, 7.46e+09),
( 0.986, 7.51e+09),
( 0.989, 7.60e+09),
( 0.992, 7.55e+09),
( 0.996, 7.36e+09),
( 0.999, 7.06e+09),
( 1.002, 6.98e+09),
( 1.006, 6.68e+09),
( 1.009, 6.53e+09),
( 1.012, 6.36e+09),
( 1.016, 6.36e+09),
( 1.019, 6.23e+09),
( 1.023, 6.43e+09),
( 1.026, 6.47e+09),
( 1.029, 6.91e+09),
( 1.033, 7.25e+09),
( 1.036, 7.43e+09),
( 1.040, 7.53e+09),
( 1.043, 7.52e+09),
( 1.046, 7.74e+09),
( 1.050, 7.90e+09),
( 1.053, 8.06e+09),
( 1.056, 7.90e+09),
( 1.060, 8.12e+09),
( 1.063, 8.02e+09),
( 1.066, 8.12e+09),
( 1.070, 7.96e+09),
( 1.073, 7.69e+09),
( 1.077, 7.14e+09),
( 1.080, 7.11e+09),
( 1.083, 6.94e+09),
( 1.087, 6.80e+09),
( 1.090, 7.01e+09),
( 1.094, 6.55e+09),
( 1.097, 6.59e+09),
( 1.100, 6.53e+09),
( 1.104, 6.54e+09),
( 1.107, 6.47e+09),
( 1.110, 6.88e+09),
( 1.114, 7.10e+09),
( 1.117, 7.50e+09),
( 1.120, 7.43e+09),
( 1.124, 7.57e+09),
( 1.127, 7.69e+09),
( 1.131, 7.59e+09),
( 1.134, 7.58e+09),
( 1.137, 7.61e+09),
( 1.141, 7.63e+09),
( 1.144, 8.25e+09),
( 1.148, 8.73e+09),
( 1.151, 8.79e+09),
( 1.154, 9.02e+09),
( 1.158, 8.94e+09),
( 1.161, 8.72e+09),
( 1.164, 8.70e+09),
( 1.168, 8.52e+09),
( 1.171, 8.20e+09),
( 1.174, 8.00e+09),
( 1.178, 8.17e+09),
( 1.181, 8.05e+09),
( 1.185, 7.55e+09),
( 1.188, 7.62e+09),
( 1.191, 7.33e+09),
( 1.195, 6.90e+09),
( 1.198, 6.50e+09),
( 1.202, 6.19e+09),
( 1.205, 6.09e+09),
( 1.208, 5.85e+09),
( 1.212, 5.58e+09),
( 1.215, 5.57e+09),
( 1.218, 5.33e+09),
( 1.222, 5.20e+09),
( 1.225, 5.24e+09),
( 1.228, 4.91e+09),
( 1.232, 4.83e+09),
( 1.235, 4.48e+09),
( 1.239, 4.42e+09),
( 1.242, 4.21e+09),
( 1.245, 4.16e+09),
( 1.249, 4.02e+09),
( 1.252, 3.85e+09),
( 1.256, 3.68e+09),
( 1.259, 3.71e+09),
( 1.262, 3.45e+09),
( 1.266, 3.36e+09),
( 1.269, 3.09e+09),
( 1.272, 2.86e+09),
( 1.276, 2.88e+09),
( 1.279, 2.71e+09),
( 1.282, 2.55e+09),
( 1.286, 2.39e+09),
( 1.289, 2.28e+09),
( 1.293, 2.23e+09),
( 1.296, 2.19e+09),
( 1.299, 2.12e+09),
( 1.303, 1.95e+09),
( 1.306, 1.94e+09),
( 1.310, 2.00e+09),
( 1.313, 1.95e+09),
( 1.316, 1.81e+09),
( 1.320, 1.74e+09),
( 1.323, 1.72e+09),
( 1.326, 1.63e+09),
( 1.330, 1.48e+09),
( 1.333, 1.44e+09),
( 1.336, 1.60e+09),
( 1.340, 1.31e+09),
( 1.343, 1.20e+09),
( 1.347, 1.19e+09),
( 1.350, 1.32e+09),
( 1.353, 1.13e+09),
( 1.357, 1.16e+09),
( 1.360, 9.91e+08),
( 1.364, 1.05e+09),
( 1.367, 7.65e+08),
( 1.370, 8.07e+08),
( 1.374, 9.18e+08),
( 1.377, 6.63e+08),
( 1.380, 7.42e+08),
( 1.384, 5.68e+08),
( 1.387, 6.22e+08),
( 1.390, 2.83e+08),
( 1.394, 5.31e+08),
( 1.397, 3.54e+08),
( 1.401, 4.47e+08),
( 1.404, 3.92e+08),
( 1.407, 1.22e+08),
( 1.411, 2.80e+08),
( 1.414, 3.94e+08),
( 1.418, 3.46e+08),
( 1.421, 6.50e+07),
( 1.424, 1.53e+08),
( 1.428, 7.91e+07),
( 1.431, 3.56e+07),
( 1.434, 2.85e+08),
( 1.438, 1.64e+08),
( 1.441, 2.29e+08),
( 1.444, 3.00e+08),
( 1.448, 2.80e+08),
( 1.451,-4.26e+07),
( 1.455, 8.60e+07),
( 1.458,-2.60e+07),
( 1.461, 1.45e+08),
( 1.465, 2.99e+08),
( 1.468, 1.26e+08),
( 1.472, 3.51e+08),
( 1.475, 3.01e+08),
( 1.478,-6.43e+07),
( 1.482, 8.75e+07),
( 1.485, 8.74e+07),
( 1.488,-9.43e+06),
( 1.492, 3.94e+07),
( 1.495, 1.64e+08),
( 1.498, 1.48e+08),
( 1.502, 7.55e+07),
( 1.505,-3.56e+07),
( 1.509, 9.59e+07),
( 1.512,-4.77e+07),
( 1.515, 1.26e+08),
( 1.519, 2.37e+08),
( 1.522, 3.40e+07),
( 1.526,-1.60e+07),
( 1.529, 1.03e+08),
( 1.532,-6.50e+07),
( 1.536,-2.64e+07),
( 1.539, 1.08e+08),
( 1.542, 1.31e+08),
( 1.546,-1.43e+08),
( 1.549,-7.06e+07),
( 1.552,-6.50e+07),
( 1.556,-4.08e+07),
( 1.559, 2.44e+07),
( 1.563,-1.43e+08),
( 1.566,-9.88e+07),
( 1.569,-1.17e+08),
( 1.573, 1.37e+08),
( 1.576,-2.78e+07),
( 1.580,-1.22e+08),
( 1.583,-7.06e+07),
( 1.586,-6.97e+06),
( 1.590,-1.19e+08),
( 1.593,-2.41e+08),
( 1.596,-7.63e+06),
( 1.600,-5.30e+07),
( 1.603,-1.99e+08),
( 1.606,-5.81e+07),
( 1.610,-1.31e+08),
( 1.613,-2.51e+08),
( 1.617,-2.02e+08),
( 1.620,-1.19e+08),
( 1.623,-1.60e+07),
( 1.627,-1.45e+08),
( 1.630,-1.64e+08),
( 1.634,-1.82e+08),
( 1.637,-1.06e+08),
( 1.640,-3.37e+08),
( 1.644,-1.24e+08),
( 1.647,-8.27e+07),
( 1.650,-1.84e+08),
( 1.654,-3.36e+07),
( 1.657,-1.38e+08),
( 1.660,-1.57e+08),
( 1.664,-8.93e+07),
( 1.667,-3.33e+08),
( 1.671,-7.94e+07),
( 1.674,-9.26e+07),
( 1.677,-1.18e+08),
( 1.681,-1.31e+08),
( 1.684,-2.02e+08),
( 1.688,-1.03e+08),
( 1.691,-6.78e+07),
( 1.694,-2.98e+08),
( 1.698,-3.55e+08),
( 1.701,-1.75e+08),
( 1.704,-5.36e+07),
( 1.708,-1.27e+08),
( 1.711,-1.37e+08),
( 1.714,-1.72e+08),
( 1.718,-1.61e+08),
( 1.721,-4.59e+07),
( 1.725,-7.71e+07),
( 1.728, 9.28e+07),
( 1.731, 7.88e+07),
( 1.735, 1.41e+07),
( 1.738, 3.74e+07),
( 1.742, 4.13e+07),
( 1.745, 3.82e+07),
( 1.748, 6.06e+07),
( 1.752,-1.78e+07),
( 1.755,-2.50e+07),
( 1.758, 1.29e+08),
( 1.762,-3.45e+08),
( 1.765,-2.25e+08),
( 1.768,-1.24e+08),
( 1.772,-8.93e+07),
( 1.775, 1.02e+08),
( 1.779, 1.54e+08),
( 1.782,-1.97e+08),
( 1.785,-1.38e+08),
( 1.789,-2.44e+08),
( 1.792,-2.95e+08),
( 1.796,-2.19e+08),
( 1.799,-1.12e+08),
( 1.802,-3.68e+08),
( 1.806,-2.01e+08),
( 1.809,-1.48e+08),
( 1.812,-5.86e+07),
( 1.816,-4.46e+07),
( 1.819, 1.52e+07),
( 1.822, 5.78e+07),
( 1.826,-8.34e+07),
( 1.829,-9.64e+07),
( 1.833, 3.44e+07),
( 1.836,-2.62e+07),
( 1.839,-3.52e+07),
( 1.843,-1.48e+08),
( 1.846, 5.29e+07),
( 1.850,-7.37e+07),
( 1.853,-3.16e+07),
( 1.856, 1.08e+07),
( 1.860,-3.98e+07),
( 1.863,-8.14e+07),
( 1.866,-7.22e+07),
( 1.870,-7.23e+05),
( 1.873, 6.84e+06),
( 1.876,-1.18e+08),
( 1.880,-1.52e+08),
( 1.883, 3.28e+07),
( 1.887,-6.51e+07),
( 1.890,-1.34e+08),
( 1.893, 7.37e+07),
( 1.897, 1.30e+08),
( 1.900,-9.83e+07),
( 1.904,-2.11e+07),
( 1.907,-1.95e+08),
( 1.910,-2.04e+07),
( 1.914,-2.32e+07),
( 1.917,-8.50e+07),
( 1.920, 2.89e+07),
( 1.924,-1.72e+07),
( 1.927, 1.49e+08),
( 1.930,-5.59e+07),
( 1.934,-5.31e+07),
( 1.937,-1.67e+08),
( 1.941,-1.77e+08),
( 1.944,-7.65e+07),
( 1.947,-3.23e+07),
( 1.951, 5.92e+05),
( 1.954, 4.43e+07),
( 1.958, 4.53e+07),
( 1.961,-7.63e+06),
( 1.964,-1.37e+07),
( 1.968,-2.33e+08),
( 1.971,-1.73e+08),
( 1.974,-3.46e+07),
( 1.978,-2.17e+08),
( 1.981, 7.91e+07),
( 1.984,-5.53e+07),
( 1.988,-3.65e+07),
( 1.991,-2.27e+07),
( 1.995, 3.79e+07),
( 1.998, 3.40e+07)]
