Bolide Detection Notification: 2013-285

At 16:06:45 UT on 12 Oct 2013, sensors aboard U. S. Government satellites recorded
the flash signature of a large meteoroid entry into the atmosphere. Location of the
flash  was Lat 19.08S, Lon 25.01W.

Based upon the visible-light intensity-time signature, peak brightness of the flash
was  determined to be approximately 1.08e11 watts/steradian, and total radiated flash
energy  1.61e12 joules (6000K blackbody model).

Intensity-time signature of the event and integrated intensity are depicted on the
plots  below. On the intensity-time plot, one count on vertical axis corresponds to
2.35E8  watts/steradian. On the integrated intensity plot, one count represents
2.96E9 joules  radiated energy.

Peak Intensity = 1.08e+11 watts/steradian
Total Energy   = 1.64e+12 joules

Intensity=[
(-1.198,-1.52e+09),
(-1.195,-1.02e+09),
(-1.191,-1.16e+09),
(-1.188, 1.15e+09),
(-1.185, 1.33e+09),
(-1.181, 1.17e+09),
(-1.178, 1.33e+09),
(-1.174, 6.40e+08),
(-1.171, 1.96e+08),
(-1.168, 1.04e+09),
(-1.164, 1.58e+09),
(-1.161, 8.83e+08),
(-1.158,-3.20e+08),
(-1.154, 1.93e+08),
(-1.151, 3.78e+08),
(-1.147,-5.14e+08),
(-1.144, 2.93e+08),
(-1.141, 4.82e+08),
(-1.137,-1.17e+09),
(-1.134, 3.74e+08),
(-1.131,-7.84e+07),
(-1.127,-7.06e+08),
(-1.124, 6.58e+08),
(-1.120, 3.75e+08),
(-1.117,-1.14e+09),
(-1.114,-3.73e+08),
(-1.110, 4.36e+08),
(-1.107, 9.57e+08),
(-1.104,-1.21e+09),
(-1.100,-1.93e+09),
(-1.097,-6.17e+08),
(-1.093, 1.00e+09),
(-1.090,-1.10e+09),
(-1.087,-1.92e+07),
(-1.083,-1.13e+08),
(-1.080, 7.68e+08),
(-1.077,-1.14e+09),
(-1.073, 6.69e+08),
(-1.070,-1.31e+09),
(-1.067,-1.00e+09),
(-1.063, 8.65e+08),
(-1.060,-2.94e+08),
(-1.056, 6.45e+08),
(-1.053,-2.38e+08),
(-1.050,-8.75e+08),
(-1.046,-4.15e+08),
(-1.043,-1.68e+09),
(-1.040, 1.02e+08),
(-1.036, 1.23e+09),
(-1.033, 4.97e+08),
(-1.029,-4.65e+08),
(-1.026,-1.80e+08),
(-1.023, 2.57e+08),
(-1.019,-1.31e+08),
(-1.016,-1.14e+09),
(-1.013, 1.55e+09),
(-1.009,-1.20e+09),
(-1.006,-1.18e+09),
(-1.002, 1.50e+09),
(-0.999,-7.24e+08),
(-0.996,-7.51e+08),
(-0.992, 5.87e+08),
(-0.989, 1.26e+09),
(-0.986,-4.70e+08),
(-0.982, 5.13e+08),
(-0.979, 1.01e+09),
(-0.975, 8.80e+08),
(-0.972,-1.33e+09),
(-0.969, 6.29e+07),
(-0.965, 4.69e+08),
(-0.962,-8.17e+07),
(-0.958,-4.20e+08),
(-0.955, 3.67e+08),
(-0.952, 7.78e+08),
(-0.948, 8.48e+08),
(-0.945,-9.82e+08),
(-0.942, 1.50e+08),
(-0.938, 5.31e+08),
(-0.935, 1.25e+08),
(-0.931, 1.71e+09),
(-0.928,-1.39e+09),
(-0.925,-1.27e+07),
(-0.921, 7.38e+08),
(-0.918,-5.87e+07),
(-0.915,-1.49e+09),
(-0.911, 1.21e+09),
(-0.908, 1.28e+09),
(-0.904,-7.42e+08),
(-0.901,-1.26e+09),
(-0.898, 2.39e+08),
(-0.894, 4.69e+08),
(-0.891,-8.80e+08),
(-0.888, 2.88e+08),
(-0.884, 6.18e+08),
(-0.881, 7.33e+08),
(-0.877, 1.58e+08),
(-0.874,-8.28e+08),
(-0.871, 7.12e+07),
(-0.867, 7.45e+08),
(-0.864, 1.95e+09),
(-0.861,-5.24e+08),
(-0.857,-1.63e+09),
(-0.854, 7.17e+08),
(-0.850, 4.06e+08),
(-0.847,-2.03e+08),
(-0.844, 4.15e+08),
(-0.840, 5.33e+08),
(-0.837,-2.81e+08),
(-0.834, 8.29e+08),
(-0.830, 4.85e+08),
(-0.827,-8.39e+08),
(-0.824, 7.42e+08),
(-0.820,-1.23e+09),
(-0.817,-3.35e+08),
(-0.813,-1.24e+09),
(-0.810, 6.68e+08),
(-0.807,-5.07e+08),
(-0.803, 1.37e+09),
(-0.800,-3.66e+08),
(-0.797,-7.28e+08),
(-0.793, 1.83e+08),
(-0.790,-5.88e+08),
(-0.786,-1.15e+09),
(-0.783, 3.24e+08),
(-0.780, 2.39e+08),
(-0.776,-9.44e+08),
(-0.773,-1.20e+09),
(-0.770, 5.67e+08),
(-0.766, 5.89e+08),
(-0.763, 6.07e+08),
(-0.759,-6.57e+08),
(-0.756,-9.56e+08),
(-0.753,-1.19e+09),
(-0.749,-9.89e+08),
(-0.746, 7.32e+08),
(-0.743, 4.34e+08),
(-0.739,-1.29e+08),
(-0.736,-1.24e+09),
(-0.732, 7.37e+08),
(-0.729,-5.68e+08),
(-0.726,-3.73e+08),
(-0.722, 8.35e+08),
(-0.719, 1.47e+09),
(-0.715,-3.12e+08),
(-0.712,-7.52e+08),
(-0.709, 1.18e+09),
(-0.705,-8.21e+08),
(-0.702, 5.90e+08),
(-0.699, 1.62e+08),
(-0.695,-2.02e+08),
(-0.692,-1.77e+08),
(-0.688,-1.17e+09),
(-0.685, 1.70e+09),
(-0.682, 3.41e+08),
(-0.678, 5.31e+07),
(-0.675,-6.69e+07),
(-0.672, 1.59e+09),
(-0.668, 1.47e+08),
(-0.665, 2.68e+07),
(-0.661,-5.25e+08),
(-0.658, 6.73e+08),
(-0.655,-4.23e+08),
(-0.651, 1.02e+08),
(-0.648,-5.75e+08),
(-0.645,-1.03e+09),
(-0.641, 6.95e+07),
(-0.638,-4.06e+07),
(-0.634,-1.26e+09),
(-0.631,-1.59e+08),
(-0.628, 4.16e+07),
(-0.624,-8.28e+08),
(-0.621, 1.76e+09),
(-0.618, 5.17e+08),
(-0.614,-1.16e+09),
(-0.611,-5.54e+07),
(-0.608,-1.45e+09),
(-0.604, 6.78e+08),
(-0.601, 4.31e+08),
(-0.597,-1.08e+08),
(-0.594,-2.72e+08),
(-0.591, 1.66e+09),
(-0.587,-7.31e+08),
(-0.584, 4.64e+08),
(-0.581,-1.22e+09),
(-0.577,-1.37e+09),
(-0.574, 1.71e+09),
(-0.570, 5.87e+08),
(-0.567,-1.67e+09),
(-0.564, 7.55e+08),
(-0.560, 3.49e+08),
(-0.557,-4.12e+08),
(-0.554, 9.03e+08),
(-0.550, 6.27e+08),
(-0.547, 1.88e+09),
(-0.543,-1.40e+09),
(-0.540, 5.59e+08),
(-0.537,-3.63e+08),
(-0.533,-4.43e+08),
(-0.530,-1.74e+08),
(-0.527,-1.07e+09),
(-0.523,-2.66e+08),
(-0.520, 9.73e+08),
(-0.516,-1.09e+09),
(-0.513,-6.37e+08),
(-0.510, 2.72e+08),
(-0.506, 8.59e+07),
(-0.503, 5.63e+08),
(-0.499,-3.41e+08),
(-0.496,-4.37e+08),
(-0.493, 1.48e+09),
(-0.489, 9.91e+07),
(-0.486,-5.47e+08),
(-0.483, 8.94e+08),
(-0.479,-7.77e+08),
(-0.476,-2.72e+08),
(-0.472, 6.68e+08),
(-0.469,-7.02e+07),
(-0.466,-2.07e+08),
(-0.462, 1.12e+09),
(-0.459, 1.31e+09),
(-0.456, 1.60e+09),
(-0.452, 2.60e+09),
(-0.449,-4.47e+08),
(-0.445,-4.89e+08),
(-0.442, 3.90e+08),
(-0.439,-1.39e+09),
(-0.435, 6.13e+07),
(-0.432, 7.02e+08),
(-0.429,-6.58e+08),
(-0.425,-9.37e+06),
(-0.422, 5.38e+08),
(-0.418, 3.97e+08),
(-0.415, 5.64e+08),
(-0.412, 1.51e+09),
(-0.408, 6.48e+08),
(-0.405,-5.78e+08),
(-0.402,-1.15e+09),
(-0.398, 8.99e+08),
(-0.395, 1.09e+09),
(-0.391, 4.98e+08),
(-0.388,-1.26e+09),
(-0.385, 1.39e+09),
(-0.381,-1.02e+09),
(-0.378, 5.64e+07),
(-0.375, 9.13e+08),
(-0.371, 1.57e+09),
(-0.368,-8.01e+08),
(-0.365,-1.88e+08),
(-0.361, 8.85e+08),
(-0.358,-3.77e+08),
(-0.354,-1.14e+09),
(-0.351, 9.09e+08),
(-0.348,-1.26e+08),
(-0.344,-1.15e+09),
(-0.341, 7.61e+07),
(-0.338, 1.75e+08),
(-0.334, 5.12e+08),
(-0.331, 4.18e+08),
(-0.327, 2.29e+09),
(-0.324,-1.01e+08),
(-0.321, 1.07e+09),
(-0.317, 3.03e+08),
(-0.314, 3.12e+09),
(-0.311, 8.14e+08),
(-0.307, 8.71e+08),
(-0.304, 7.22e+08),
(-0.300,-9.98e+07),
(-0.297,-1.37e+09),
(-0.294, 8.11e+08),
(-0.290, 2.54e+09),
(-0.287,-5.16e+08),
(-0.284,-7.83e+08),
(-0.280,-7.13e+08),
(-0.277, 2.52e+09),
(-0.273,-3.24e+07),
(-0.270,-2.54e+08),
(-0.267,-1.49e+09),
(-0.263, 4.20e+08),
(-0.260, 8.27e+07),
(-0.256,-7.67e+07),
(-0.253, 4.11e+08),
(-0.250, 1.63e+09),
(-0.246,-1.09e+09),
(-0.243, 1.48e+09),
(-0.240,-1.29e+09),
(-0.236,-8.17e+07),
(-0.233, 2.81e+09),
(-0.229, 6.74e+08),
(-0.226, 5.79e+08),
(-0.223,-1.76e+09),
(-0.219,-2.99e+08),
(-0.216, 2.65e+09),
(-0.213, 4.20e+08),
(-0.209, 6.40e+08),
(-0.206, 7.02e+08),
(-0.202, 1.13e+09),
(-0.199,-8.03e+08),
(-0.196, 8.83e+08),
(-0.192,-8.92e+08),
(-0.189, 2.91e+09),
(-0.186, 1.91e+09),
(-0.182, 1.05e+09),
(-0.179, 4.65e+07),
(-0.175, 9.44e+08),
(-0.172,-1.34e+08),
(-0.169, 1.73e+08),
(-0.165, 9.60e+08),
(-0.162, 4.97e+08),
(-0.159, 2.32e+08),
(-0.155,-1.56e+08),
(-0.152,-2.41e+09),
(-0.148,-2.72e+08),
(-0.145, 9.42e+08),
(-0.142, 5.99e+08),
(-0.138,-2.80e+06),
(-0.135, 1.46e+09),
(-0.132, 1.02e+09),
(-0.128, 1.15e+09),
(-0.125, 1.14e+09),
(-0.122, 1.34e+09),
(-0.118, 5.92e+08),
(-0.115, 2.22e+08),
(-0.111, 1.97e+09),
(-0.108, 1.34e+09),
(-0.105, 1.50e+09),
(-0.101, 8.80e+08),
(-0.098, 2.19e+08),
(-0.095, 6.40e+08),
(-0.091, 1.63e+08),
(-0.088,-1.10e+08),
(-0.084, 9.87e+08),
(-0.081,-1.29e+09),
(-0.078, 1.50e+08),
(-0.074, 1.76e+09),
(-0.071,-1.04e+09),
(-0.068, 9.03e+08),
(-0.064, 4.69e+08),
(-0.061,-1.57e+08),
(-0.057, 2.18e+09),
(-0.054, 2.11e+09),
(-0.051, 2.90e+09),
(-0.047, 2.88e+09),
(-0.044, 4.38e+08),
(-0.041, 1.73e+09),
(-0.037, 1.68e+09),
(-0.034, 1.32e+09),
(-0.030, 1.47e+09),
(-0.027, 2.78e+09),
(-0.024, 2.89e+09),
(-0.020, 9.42e+08),
(-0.017, 3.22e+09),
(-0.013, 2.09e+09),
(-0.010, 3.30e+09),
(-0.007, 2.46e+09),
(-0.003, 4.55e+09),
( 0.000, 3.69e+09),
( 0.003, 4.44e+09),
( 0.007, 5.67e+09),
( 0.010, 4.50e+09),
( 0.014, 5.32e+09),
( 0.017, 7.11e+09),
( 0.020, 5.67e+09),
( 0.024, 5.54e+09),
( 0.027, 7.99e+09),
( 0.030, 6.08e+09),
( 0.034, 6.71e+09),
( 0.037, 7.18e+09),
( 0.041, 6.33e+09),
( 0.044, 6.37e+09),
( 0.047, 5.20e+09),
( 0.051, 8.31e+09),
( 0.054, 8.71e+09),
( 0.057, 7.09e+09),
( 0.061, 8.76e+09),
( 0.064, 8.61e+09),
( 0.068, 7.88e+09),
( 0.071, 9.49e+09),
( 0.074, 1.22e+10),
( 0.078, 1.04e+10),
( 0.081, 1.01e+10),
( 0.084, 1.06e+10),
( 0.088, 1.17e+10),
( 0.091, 1.13e+10),
( 0.094, 1.08e+10),
( 0.098, 1.07e+10),
( 0.101, 1.16e+10),
( 0.105, 1.26e+10),
( 0.108, 1.18e+10),
( 0.111, 1.25e+10),
( 0.115, 1.15e+10),
( 0.118, 1.17e+10),
( 0.121, 1.23e+10),
( 0.125, 1.28e+10),
( 0.128, 1.27e+10),
( 0.132, 1.25e+10),
( 0.135, 1.44e+10),
( 0.138, 1.36e+10),
( 0.142, 1.46e+10),
( 0.145, 1.52e+10),
( 0.148, 1.66e+10),
( 0.152, 1.64e+10),
( 0.155, 1.68e+10),
( 0.159, 1.78e+10),
( 0.162, 1.97e+10),
( 0.165, 1.86e+10),
( 0.169, 1.82e+10),
( 0.172, 1.91e+10),
( 0.175, 2.11e+10),
( 0.179, 1.91e+10),
( 0.182, 1.88e+10),
( 0.186, 2.09e+10),
( 0.189, 2.12e+10),
( 0.192, 2.15e+10),
( 0.196, 2.33e+10),
( 0.199, 2.45e+10),
( 0.203, 2.20e+10),
( 0.206, 2.21e+10),
( 0.209, 2.64e+10),
( 0.213, 2.65e+10),
( 0.216, 2.59e+10),
( 0.219, 2.65e+10),
( 0.223, 2.69e+10),
( 0.226, 2.58e+10),
( 0.230, 2.69e+10),
( 0.233, 2.89e+10),
( 0.236, 2.86e+10),
( 0.240, 2.89e+10),
( 0.243, 2.83e+10),
( 0.246, 2.99e+10),
( 0.250, 3.00e+10),
( 0.253, 3.11e+10),
( 0.257, 3.19e+10),
( 0.260, 3.35e+10),
( 0.263, 3.30e+10),
( 0.267, 3.41e+10),
( 0.270, 3.20e+10),
( 0.273, 3.50e+10),
( 0.277, 3.60e+10),
( 0.280, 3.59e+10),
( 0.284, 3.59e+10),
( 0.287, 3.70e+10),
( 0.290, 3.73e+10),
( 0.294, 3.83e+10),
( 0.297, 3.90e+10),
( 0.300, 3.99e+10),
( 0.304, 4.05e+10),
( 0.307, 4.10e+10),
( 0.311, 4.16e+10),
( 0.314, 4.47e+10),
( 0.317, 4.48e+10),
( 0.321, 4.62e+10),
( 0.324, 4.64e+10),
( 0.327, 4.87e+10),
( 0.331, 4.84e+10),
( 0.334, 4.99e+10),
( 0.337, 4.96e+10),
( 0.341, 5.17e+10),
( 0.344, 5.17e+10),
( 0.348, 5.35e+10),
( 0.351, 5.30e+10),
( 0.354, 5.29e+10),
( 0.358, 5.40e+10),
( 0.361, 5.52e+10),
( 0.364, 5.48e+10),
( 0.368, 5.47e+10),
( 0.371, 5.75e+10),
( 0.375, 5.79e+10),
( 0.378, 5.80e+10),
( 0.381, 5.77e+10),
( 0.385, 5.82e+10),
( 0.388, 6.01e+10),
( 0.391, 5.95e+10),
( 0.395, 6.15e+10),
( 0.398, 6.06e+10),
( 0.402, 6.14e+10),
( 0.405, 6.25e+10),
( 0.408, 6.10e+10),
( 0.412, 6.25e+10),
( 0.415, 6.24e+10),
( 0.418, 6.41e+10),
( 0.422, 6.57e+10),
( 0.425, 6.63e+10),
( 0.429, 6.36e+10),
( 0.432, 6.44e+10),
( 0.435, 6.51e+10),
( 0.439, 6.66e+10),
( 0.442, 6.66e+10),
( 0.446, 6.90e+10),
( 0.449, 6.97e+10),
( 0.452, 7.03e+10),
( 0.456, 7.21e+10),
( 0.459, 7.29e+10),
( 0.462, 7.34e+10),
( 0.466, 7.23e+10),
( 0.469, 7.38e+10),
( 0.473, 7.53e+10),
( 0.476, 7.56e+10),
( 0.479, 7.70e+10),
( 0.483, 7.73e+10),
( 0.486, 7.69e+10),
( 0.489, 7.71e+10),
( 0.493, 7.76e+10),
( 0.496, 7.78e+10),
( 0.500, 7.82e+10),
( 0.503, 8.06e+10),
( 0.506, 8.06e+10),
( 0.510, 7.99e+10),
( 0.513, 8.07e+10),
( 0.516, 8.02e+10),
( 0.520, 8.33e+10),
( 0.523, 8.38e+10),
( 0.527, 8.25e+10),
( 0.530, 8.28e+10),
( 0.533, 8.39e+10),
( 0.537, 8.37e+10),
( 0.540, 8.60e+10),
( 0.543, 8.82e+10),
( 0.547, 8.88e+10),
( 0.550, 8.78e+10),
( 0.554, 8.76e+10),
( 0.557, 9.07e+10),
( 0.560, 9.03e+10),
( 0.564, 9.05e+10),
( 0.567, 9.06e+10),
( 0.570, 9.28e+10),
( 0.574, 9.02e+10),
( 0.577, 9.16e+10),
( 0.580, 9.02e+10),
( 0.584, 8.96e+10),
( 0.587, 9.10e+10),
( 0.591, 9.19e+10),
( 0.594, 8.94e+10),
( 0.597, 9.44e+10),
( 0.601, 9.44e+10),
( 0.604, 9.29e+10),
( 0.607, 9.43e+10),
( 0.611, 9.32e+10),
( 0.614, 9.67e+10),
( 0.618, 9.41e+10),
( 0.621, 9.36e+10),
( 0.624, 9.38e+10),
( 0.628, 9.47e+10),
( 0.631, 9.47e+10),
( 0.634, 9.42e+10),
( 0.638, 9.48e+10),
( 0.641, 9.46e+10),
( 0.645, 9.44e+10),
( 0.648, 9.48e+10),
( 0.651, 9.45e+10),
( 0.655, 9.39e+10),
( 0.658, 9.49e+10),
( 0.661, 9.48e+10),
( 0.665, 9.38e+10),
( 0.668, 9.50e+10),
( 0.672, 9.47e+10),
( 0.675, 9.42e+10),
( 0.678, 9.36e+10),
( 0.682, 9.50e+10),
( 0.685, 9.37e+10),
( 0.689, 9.47e+10),
( 0.692, 9.70e+10),
( 0.695, 9.56e+10),
( 0.699, 9.40e+10),
( 0.702, 9.34e+10),
( 0.705, 9.23e+10),
( 0.709, 9.40e+10),
( 0.712, 9.38e+10),
( 0.716, 9.33e+10),
( 0.719, 9.28e+10),
( 0.722, 9.44e+10),
( 0.726, 9.27e+10),
( 0.729, 9.33e+10),
( 0.732, 9.58e+10),
( 0.736, 9.68e+10),
( 0.739, 9.50e+10),
( 0.743, 9.53e+10),
( 0.746, 9.58e+10),
( 0.749, 9.63e+10),
( 0.753, 9.77e+10),
( 0.756, 9.98e+10),
( 0.759, 9.91e+10),
( 0.763, 1.01e+11),
( 0.766, 1.01e+11),
( 0.770, 9.98e+10),
( 0.773, 9.94e+10),
( 0.776, 9.95e+10),
( 0.780, 9.99e+10),
( 0.783, 1.02e+11),
( 0.786, 1.03e+11),
( 0.790, 1.01e+11),
( 0.793, 1.01e+11),
( 0.796, 9.96e+10),
( 0.800, 1.00e+11),
( 0.803, 1.01e+11),
( 0.807, 9.70e+10),
( 0.810, 9.80e+10),
( 0.813, 9.73e+10),
( 0.817, 9.68e+10),
( 0.820, 9.75e+10),
( 0.823, 9.80e+10),
( 0.827, 9.89e+10),
( 0.830, 9.59e+10),
( 0.834, 9.67e+10),
( 0.837, 9.72e+10),
( 0.840, 9.83e+10),
( 0.844, 9.71e+10),
( 0.847, 9.74e+10),
( 0.850, 9.81e+10),
( 0.854, 9.90e+10),
( 0.857, 9.72e+10),
( 0.861, 9.65e+10),
( 0.864, 9.89e+10),
( 0.867, 9.72e+10),
( 0.871, 9.74e+10),
( 0.874, 9.63e+10),
( 0.877, 9.76e+10),
( 0.881, 9.73e+10),
( 0.884, 9.68e+10),
( 0.888, 9.64e+10),
( 0.891, 9.79e+10),
( 0.894, 9.71e+10),
( 0.898, 9.67e+10),
( 0.901, 9.74e+10),
( 0.905, 9.81e+10),
( 0.908, 9.86e+10),
( 0.911, 9.79e+10),
( 0.915, 9.97e+10),
( 0.918, 1.02e+11),
( 0.921, 1.04e+11),
( 0.925, 1.04e+11),
( 0.928, 1.05e+11),
( 0.932, 1.06e+11),
( 0.935, 1.07e+11),
( 0.938, 1.06e+11),
( 0.942, 1.06e+11),
( 0.945, 1.08e+11),
( 0.948, 1.05e+11),
( 0.952, 1.06e+11),
( 0.955, 1.05e+11),
( 0.959, 1.04e+11),
( 0.962, 1.04e+11),
( 0.965, 1.04e+11),
( 0.969, 1.01e+11),
( 0.972, 1.01e+11),
( 0.975, 1.01e+11),
( 0.979, 9.81e+10),
( 0.982, 9.57e+10),
( 0.986, 9.83e+10),
( 0.989, 9.68e+10),
( 0.992, 9.58e+10),
( 0.996, 9.53e+10),
( 0.999, 9.24e+10),
( 1.002, 9.27e+10),
( 1.006, 9.19e+10),
( 1.009, 9.14e+10),
( 1.013, 9.13e+10),
( 1.016, 9.00e+10),
( 1.019, 8.86e+10),
( 1.023, 8.88e+10),
( 1.026, 8.61e+10),
( 1.029, 8.64e+10),
( 1.033, 8.60e+10),
( 1.036, 8.76e+10),
( 1.039, 8.72e+10),
( 1.043, 8.66e+10),
( 1.046, 8.59e+10),
( 1.050, 8.51e+10),
( 1.053, 8.52e+10),
( 1.056, 8.52e+10),
( 1.060, 8.58e+10),
( 1.063, 8.51e+10),
( 1.066, 8.47e+10),
( 1.070, 8.68e+10),
( 1.073, 8.60e+10),
( 1.077, 8.52e+10),
( 1.080, 8.66e+10),
( 1.083, 8.56e+10),
( 1.087, 8.47e+10),
( 1.090, 8.71e+10),
( 1.093, 8.56e+10),
( 1.097, 8.39e+10),
( 1.100, 8.42e+10),
( 1.104, 8.57e+10),
( 1.107, 8.38e+10),
( 1.110, 8.43e+10),
( 1.114, 8.32e+10),
( 1.117, 8.34e+10),
( 1.120, 8.19e+10),
( 1.124, 8.15e+10),
( 1.127, 8.19e+10),
( 1.131, 8.18e+10),
( 1.134, 8.24e+10),
( 1.137, 8.12e+10),
( 1.141, 7.96e+10),
( 1.144, 8.03e+10),
( 1.148, 8.16e+10),
( 1.151, 8.33e+10),
( 1.154, 8.33e+10),
( 1.158, 8.41e+10),
( 1.161, 8.43e+10),
( 1.164, 8.39e+10),
( 1.168, 8.45e+10),
( 1.171, 8.41e+10),
( 1.175, 8.37e+10),
( 1.178, 8.36e+10),
( 1.181, 8.49e+10),
( 1.185, 8.57e+10),
( 1.188, 8.58e+10),
( 1.191, 8.66e+10),
( 1.195, 8.37e+10),
( 1.198, 8.60e+10),
( 1.202, 8.66e+10),
( 1.205, 8.87e+10),
( 1.208, 8.80e+10),
( 1.212, 8.73e+10),
( 1.215, 9.03e+10),
( 1.218, 8.72e+10),
( 1.222, 8.81e+10),
( 1.225, 8.76e+10),
( 1.229, 8.70e+10),
( 1.232, 8.68e+10),
( 1.235, 8.76e+10),
( 1.239, 8.63e+10),
( 1.242, 8.64e+10),
( 1.245, 8.38e+10),
( 1.249, 8.61e+10),
( 1.252, 8.45e+10),
( 1.256, 8.47e+10),
( 1.259, 8.47e+10),
( 1.262, 8.36e+10),
( 1.266, 8.16e+10),
( 1.269, 7.74e+10),
( 1.272, 7.79e+10),
( 1.276, 7.88e+10),
( 1.279, 7.67e+10),
( 1.282, 7.48e+10),
( 1.286, 7.35e+10),
( 1.289, 7.33e+10),
( 1.293, 7.26e+10),
( 1.296, 7.16e+10),
( 1.299, 6.95e+10),
( 1.303, 6.93e+10),
( 1.306, 6.98e+10),
( 1.309, 6.86e+10),
( 1.313, 6.86e+10),
( 1.316, 6.78e+10),
( 1.320, 6.75e+10),
( 1.323, 6.48e+10),
( 1.326, 6.39e+10),
( 1.330, 6.39e+10),
( 1.333, 6.15e+10),
( 1.336, 6.42e+10),
( 1.340, 6.14e+10),
( 1.343, 5.98e+10),
( 1.347, 5.97e+10),
( 1.350, 5.90e+10),
( 1.353, 5.68e+10),
( 1.357, 5.88e+10),
( 1.360, 5.96e+10),
( 1.363, 5.82e+10),
( 1.367, 5.77e+10),
( 1.370, 5.64e+10),
( 1.374, 5.67e+10),
( 1.377, 5.57e+10),
( 1.380, 5.47e+10),
( 1.384, 5.35e+10),
( 1.387, 5.25e+10),
( 1.391, 5.36e+10),
( 1.394, 5.32e+10),
( 1.397, 5.15e+10),
( 1.401, 5.27e+10),
( 1.404, 5.21e+10),
( 1.407, 5.25e+10),
( 1.411, 5.31e+10),
( 1.414, 5.44e+10),
( 1.418, 5.29e+10),
( 1.421, 5.43e+10),
( 1.424, 5.43e+10),
( 1.428, 5.57e+10),
( 1.431, 5.55e+10),
( 1.434, 5.55e+10),
( 1.438, 5.82e+10),
( 1.441, 5.82e+10),
( 1.445, 5.75e+10),
( 1.448, 5.78e+10),
( 1.451, 6.10e+10),
( 1.455, 5.74e+10),
( 1.458, 5.73e+10),
( 1.461, 5.97e+10),
( 1.465, 6.19e+10),
( 1.468, 6.18e+10),
( 1.472, 6.30e+10),
( 1.475, 6.41e+10),
( 1.478, 6.38e+10),
( 1.482, 6.38e+10),
( 1.485, 6.58e+10),
( 1.488, 6.53e+10),
( 1.492, 6.40e+10),
( 1.495, 6.66e+10),
( 1.498, 6.66e+10),
( 1.502, 6.55e+10),
( 1.505, 6.73e+10),
( 1.509, 6.64e+10),
( 1.512, 6.54e+10),
( 1.515, 6.60e+10),
( 1.519, 6.64e+10),
( 1.522, 6.74e+10),
( 1.525, 6.72e+10),
( 1.529, 6.75e+10),
( 1.532, 6.69e+10),
( 1.536, 6.77e+10),
( 1.539, 6.85e+10),
( 1.542, 6.99e+10),
( 1.546, 7.01e+10),
( 1.549, 7.18e+10),
( 1.552, 7.40e+10),
( 1.556, 7.60e+10),
( 1.559, 7.55e+10),
( 1.563, 7.34e+10),
( 1.566, 7.39e+10),
( 1.569, 7.34e+10),
( 1.573, 7.29e+10),
( 1.576, 7.27e+10),
( 1.579, 7.06e+10),
( 1.583, 7.12e+10),
( 1.586, 7.13e+10),
( 1.590, 7.07e+10),
( 1.593, 7.26e+10),
( 1.596, 7.20e+10),
( 1.600, 7.29e+10),
( 1.603, 7.10e+10),
( 1.607, 7.06e+10),
( 1.610, 7.04e+10),
( 1.613, 7.01e+10),
( 1.617, 6.91e+10),
( 1.620, 6.88e+10),
( 1.623, 7.00e+10),
( 1.627, 6.85e+10),
( 1.630, 6.74e+10),
( 1.634, 6.64e+10),
( 1.637, 6.80e+10),
( 1.640, 6.86e+10),
( 1.644, 6.68e+10),
( 1.647, 6.63e+10),
( 1.650, 6.56e+10),
( 1.654, 6.44e+10),
( 1.657, 6.43e+10),
( 1.661, 6.43e+10),
( 1.664, 6.14e+10),
( 1.667, 5.93e+10),
( 1.671, 5.76e+10),
( 1.674, 5.71e+10),
( 1.677, 5.56e+10),
( 1.681, 5.32e+10),
( 1.684, 5.08e+10),
( 1.688, 4.97e+10),
( 1.691, 4.99e+10),
( 1.694, 4.92e+10),
( 1.698, 5.07e+10),
( 1.701, 4.85e+10),
( 1.704, 4.73e+10),
( 1.708, 4.65e+10),
( 1.711, 4.75e+10),
( 1.715, 4.86e+10),
( 1.718, 4.69e+10),
( 1.721, 4.58e+10),
( 1.725, 4.67e+10),
( 1.728, 4.65e+10),
( 1.731, 4.46e+10),
( 1.735, 4.45e+10),
( 1.738, 4.50e+10),
( 1.741, 4.51e+10),
( 1.745, 4.32e+10),
( 1.748, 4.26e+10),
( 1.752, 4.23e+10),
( 1.755, 4.23e+10),
( 1.758, 4.23e+10),
( 1.762, 4.07e+10),
( 1.765, 4.06e+10),
( 1.768, 3.88e+10),
( 1.772, 3.87e+10),
( 1.775, 3.90e+10),
( 1.779, 3.90e+10),
( 1.782, 3.58e+10),
( 1.785, 3.51e+10),
( 1.789, 3.46e+10),
( 1.792, 3.31e+10),
( 1.795, 3.28e+10),
( 1.799, 3.16e+10),
( 1.802, 3.26e+10),
( 1.806, 3.17e+10),
( 1.809, 3.00e+10),
( 1.812, 2.94e+10),
( 1.816, 3.21e+10),
( 1.819, 3.17e+10),
( 1.822, 2.94e+10),
( 1.826, 2.95e+10),
( 1.829, 2.98e+10),
( 1.833, 2.97e+10),
( 1.836, 2.65e+10),
( 1.839, 2.45e+10),
( 1.843, 2.38e+10),
( 1.846, 2.29e+10),
( 1.850, 2.12e+10),
( 1.853, 2.13e+10),
( 1.856, 2.31e+10),
( 1.860, 2.24e+10),
( 1.863, 2.07e+10),
( 1.866, 2.28e+10),
( 1.870, 2.08e+10),
( 1.873, 2.10e+10),
( 1.877, 1.93e+10),
( 1.880, 1.77e+10),
( 1.883, 1.87e+10),
( 1.887, 1.71e+10),
( 1.890, 1.62e+10),
( 1.893, 1.86e+10),
( 1.897, 1.84e+10),
( 1.900, 1.61e+10),
( 1.904, 1.75e+10),
( 1.907, 1.85e+10),
( 1.910, 1.98e+10),
( 1.914, 1.87e+10),
( 1.917, 1.95e+10),
( 1.920, 1.97e+10),
( 1.924, 1.87e+10),
( 1.927, 2.20e+10),
( 1.931, 2.10e+10),
( 1.934, 2.11e+10),
( 1.937, 2.20e+10),
( 1.941, 2.21e+10),
( 1.944, 2.10e+10),
( 1.947, 2.34e+10),
( 1.951, 2.25e+10),
( 1.954, 2.21e+10),
( 1.958, 2.27e+10),
( 1.961, 2.34e+10),
( 1.964, 2.16e+10),
( 1.968, 2.28e+10),
( 1.971, 2.16e+10),
( 1.974, 2.20e+10),
( 1.978, 2.38e+10),
( 1.981, 2.28e+10),
( 1.984, 2.11e+10),
( 1.988, 2.27e+10),
( 1.991, 2.27e+10),
( 1.995, 2.44e+10),
( 1.998, 2.56e+10),
( 2.001, 2.27e+10),
( 2.005, 2.29e+10),
( 2.008, 2.36e+10),
( 2.011, 2.42e+10),
( 2.015, 2.24e+10),
( 2.018, 2.29e+10),
( 2.022, 2.35e+10),
( 2.025, 2.30e+10),
( 2.028, 2.33e+10),
( 2.032, 2.30e+10),
( 2.035, 2.36e+10),
( 2.038, 2.28e+10),
( 2.042, 2.25e+10),
( 2.045, 2.17e+10),
( 2.049, 2.18e+10),
( 2.052, 1.98e+10),
( 2.055, 1.95e+10),
( 2.059, 1.95e+10),
( 2.062, 1.80e+10),
( 2.065, 1.66e+10),
( 2.069, 1.54e+10),
( 2.072, 1.55e+10),
( 2.076, 1.42e+10),
( 2.079, 1.31e+10),
( 2.082, 1.30e+10),
( 2.086, 1.18e+10),
( 2.089, 1.24e+10),
( 2.093, 1.19e+10),
( 2.096, 1.07e+10),
( 2.099, 1.05e+10),
( 2.103, 8.04e+09),
( 2.106, 8.61e+09),
( 2.109, 7.58e+09),
( 2.113, 6.85e+09),
( 2.116, 8.10e+09),
( 2.120, 6.06e+09),
( 2.123, 7.29e+09),
( 2.126, 6.56e+09),
( 2.130, 7.91e+09),
( 2.133, 5.51e+09),
( 2.136, 4.01e+09),
( 2.140, 3.94e+09),
( 2.143, 4.11e+09),
( 2.147, 4.74e+09),
( 2.150, 4.31e+09),
( 2.153, 2.79e+09),
( 2.157, 3.54e+09),
( 2.160, 1.76e+09),
( 2.163, 1.77e+09),
( 2.167, 2.95e+09),
( 2.170, 4.42e+09),
( 2.174, 2.42e+09),
( 2.177, 2.30e+09),
( 2.180, 8.53e+08),
( 2.184, 1.95e+09),
( 2.187, 2.07e+09),
( 2.190, 1.21e+09),
( 2.194, 2.04e+08),
( 2.197, 2.24e+09),
( 2.200, 1.62e+09),
( 2.204,-4.96e+08),
( 2.207, 8.42e+08),
( 2.211, 4.33e+08),
( 2.214,-1.78e+09),
( 2.217,-1.75e+08),
( 2.221,-6.31e+08),
( 2.224, 2.19e+07),
( 2.227, 1.32e+09),
( 2.231, 1.08e+09),
( 2.234,-9.54e+08),
( 2.238,-7.51e+08),
( 2.241, 5.40e+08),
( 2.244,-7.83e+08),
( 2.248,-7.08e+08),
( 2.251, 1.53e+09),
( 2.254, 4.97e+08),
( 2.258,-1.04e+09),
( 2.261, 1.17e+09),
( 2.265, 3.24e+08),
( 2.268,-1.14e+09),
( 2.271,-1.70e+09),
( 2.275, 1.30e+09),
( 2.278,-7.26e+08),
( 2.281,-7.18e+08),
( 2.285, 7.55e+08),
( 2.288,-8.50e+07),
( 2.292,-1.69e+09),
( 2.295,-1.42e+09),
( 2.298, 5.14e+07),
( 2.302,-2.05e+08),
( 2.305, 1.47e+08),
( 2.309,-2.12e+09),
( 2.312,-7.06e+08),
( 2.315,-1.05e+08),
( 2.319,-1.64e+09),
( 2.322,-2.13e+08),
( 2.325, 4.59e+08),
( 2.329,-1.26e+08),
( 2.332, 6.58e+08),
( 2.336, 1.50e+09),
( 2.339, 2.00e+09),
( 2.342, 1.57e+08),
( 2.346,-5.30e+08),
( 2.349,-5.48e+08),
( 2.352,-2.80e+06),
( 2.356,-1.62e+09),
( 2.359, 5.96e+07),
( 2.363,-2.61e+08),
( 2.366,-1.98e+08),
( 2.369, 3.50e+07),
( 2.373,-1.28e+09),
( 2.376,-1.26e+09),
( 2.379,-1.35e+09),
( 2.383,-9.15e+08),
( 2.386,-1.22e+09),
( 2.390,-3.63e+08),
( 2.393,-1.12e+09),
( 2.396,-3.35e+08),
( 2.400,-4.44e+06),
( 2.403, 4.16e+08),
( 2.406, 8.30e+08),
( 2.410,-4.50e+08),
( 2.413,-1.53e+09),
( 2.417,-8.82e+08),
( 2.420,-3.07e+07),
( 2.423, 3.52e+08),
( 2.427,-1.41e+08),
( 2.430,-1.20e+09),
( 2.433, 1.38e+09),
( 2.437, 1.19e+09),
( 2.440, 2.73e+08),
( 2.443,-1.10e+07),
( 2.447, 5.13e+08),
( 2.450, 7.73e+08),
( 2.454, 8.91e+08),
( 2.457, 1.54e+09),
( 2.460, 1.33e+09),
( 2.464,-1.38e+09),
( 2.467, 1.63e+09),
( 2.470, 1.89e+09),
( 2.474, 3.62e+09),
( 2.477, 5.23e+08),
( 2.481,-5.20e+08),
( 2.484, 6.05e+08),
( 2.487,-3.40e+08),
( 2.491,-1.81e+09),
( 2.494,-1.29e+08),
( 2.497, 2.98e+08),
( 2.501,-8.17e+07),
( 2.504, 2.19e+09),
( 2.508, 3.85e+08),
( 2.511,-9.25e+08),
( 2.514, 9.82e+08),
( 2.518, 8.48e+08),
( 2.521, 5.00e+08),
( 2.524,-4.40e+08),
( 2.528, 1.07e+09),
( 2.531, 2.73e+08),
( 2.535, 1.49e+09),
( 2.538, 1.68e+08),
( 2.541,-1.10e+07),
( 2.545, 4.15e+08),
( 2.548, 1.21e+09),
( 2.552, 1.97e+09),
( 2.555, 5.23e+08),
( 2.558, 7.78e+08),
( 2.562,-5.30e+08),
( 2.565,-7.67e+08),
( 2.568,-2.82e+08),
( 2.572,-7.80e+08),
( 2.575,-1.24e+09),
( 2.579, 9.55e+08),
( 2.582, 6.27e+08),
( 2.585, 5.41e+08),
( 2.589, 4.62e+08),
( 2.592, 1.07e+09),
( 2.595, 3.82e+08),
( 2.599, 5.79e+08),
( 2.602, 8.04e+08),
( 2.606, 7.86e+08),
( 2.609, 1.28e+09),
( 2.612, 1.02e+09),
( 2.616, 3.34e+08),
( 2.619,-1.15e+08),
( 2.622, 9.47e+08),
( 2.626, 5.40e+08),
( 2.629,-5.71e+08),
( 2.633, 2.05e+09),
( 2.636, 6.48e+08),
( 2.639,-2.69e+08),
( 2.643, 4.81e+07),
( 2.646, 2.47e+08),
( 2.649, 4.57e+08),
( 2.653, 4.79e+08),
( 2.656, 2.80e+08),
( 2.660, 1.44e+09),
( 2.663,-4.74e+08),
( 2.666, 6.43e+08),
( 2.670, 7.35e+08),
( 2.673, 4.92e+08),
( 2.676, 1.19e+09),
( 2.680, 9.31e+08),
( 2.683, 5.18e+08),
( 2.686,-1.36e+09),
( 2.690, 6.64e+08),
( 2.693, 5.76e+08),
( 2.697, 1.91e+08),
( 2.700, 6.79e+08),
( 2.703, 5.03e+08),
( 2.707, 5.47e+07),
( 2.710, 1.42e+09),
( 2.713,-1.87e+08),
( 2.717, 2.91e+08),
( 2.720, 4.05e+08),
( 2.724,-4.28e+08),
( 2.727, 8.34e+08),
( 2.730,-1.85e+08),
( 2.734, 4.03e+08),
( 2.737,-6.27e+08),
( 2.740, 1.14e+09),
( 2.744, 2.45e+08),
( 2.747, 1.72e+09),
( 2.751, 4.79e+08),
( 2.754, 1.11e+09),
( 2.757,-1.07e+09),
( 2.761, 1.23e+09),
( 2.764, 1.32e+08),
( 2.767, 1.84e+09),
( 2.771, 1.32e+08),
( 2.774, 8.85e+08),
( 2.778, 1.06e+09),
( 2.781, 1.39e+08),
( 2.784, 1.26e+09),
( 2.788,-8.66e+07),
( 2.791,-5.19e+08),
( 2.795, 1.23e+09),
( 2.798, 1.07e+09),
( 2.801, 3.37e+08),
( 2.805,-1.39e+08),
( 2.808,-1.11e+09),
( 2.811, 1.43e+09),
( 2.815,-3.79e+08),
( 2.818,-9.98e+07),
( 2.822, 1.24e+09),
( 2.825, 1.73e+09),
( 2.828,-3.54e+08),
( 2.832, 5.40e+08),
( 2.835, 1.25e+09),
( 2.838, 2.12e+09),
( 2.842,-9.48e+07),
( 2.845, 9.85e+08),
( 2.849, 5.48e+08),
( 2.852,-8.87e+08),
( 2.855,-2.71e+08),
( 2.859,-7.36e+08),
( 2.862, 1.43e+09),
( 2.865, 9.88e+08),
( 2.869, 4.57e+08),
( 2.872, 2.00e+09),
( 2.876,-2.62e+08),
( 2.879, 2.03e+08),
( 2.882, 3.34e+07),
( 2.886, 7.78e+08),
( 2.889,-2.18e+08),
( 2.892,-3.56e+08),
( 2.896, 7.45e+08),
( 2.899, 1.06e+09),
( 2.902,-3.91e+08),
( 2.906,-6.34e+08),
( 2.909,-1.87e+08),
( 2.913, 1.70e+09),
( 2.916, 2.45e+09),
( 2.919,-5.68e+08),
( 2.923,-1.85e+09),
( 2.926, 1.26e+09),
( 2.929,-7.70e+08),
( 2.933,-1.39e+08),
( 2.936, 1.84e+09),
( 2.940, 1.89e+08),
( 2.943, 1.53e+09),
( 2.946, 1.48e+09),
( 2.950, 1.50e+09),
( 2.953,-1.62e+09),
( 2.956, 1.40e+09),
( 2.960, 1.17e+09),
( 2.963, 4.72e+08),
( 2.967, 1.20e+08),
( 2.970, 5.89e+08),
( 2.973, 1.74e+09),
( 2.977, 4.62e+08),
( 2.980, 2.93e+08),
( 2.983, 1.23e+09),
( 2.987, 2.73e+08),
( 2.990,-5.70e+07),
( 2.994, 1.01e+09),
( 2.997,-1.77e+09),
( 3.000, 6.46e+07),
( 3.004, 7.50e+08),
( 3.007, 6.91e+08),
( 3.011, 2.88e+08),
( 3.014, 1.62e+09),
( 3.017, 1.74e+09),
( 3.021, 2.14e+08),
( 3.024, 5.17e+08),
( 3.027, 1.16e+09),
( 3.031, 1.04e+09),
( 3.034,-1.57e+08),
( 3.038, 8.11e+08),
( 3.041, 1.25e+09),
( 3.044, 1.18e+09),
( 3.048, 2.96e+09),
( 3.051, 1.21e+09),
( 3.054, 1.31e+09),
( 3.058,-2.28e+08),
( 3.061, 1.28e+09),
( 3.065, 1.30e+09),
( 3.068, 7.99e+08),
( 3.071, 7.96e+08),
( 3.075, 1.04e+09),
( 3.078,-3.07e+07),
( 3.081, 1.96e+08),
( 3.085,-3.38e+08),
( 3.088,-1.52e+08),
( 3.092,-2.61e+08),
( 3.095,-1.48e+09),
( 3.098,-4.86e+08),
( 3.102,-3.89e+08),
( 3.105,-7.78e+08),
( 3.108, 3.83e+08),
( 3.112, 1.60e+09),
( 3.115, 1.88e+09),
( 3.119,-9.72e+08),
( 3.122,-3.53e+08),
( 3.125,-1.16e+09),
( 3.129, 2.01e+09),
( 3.132, 1.51e+09),
( 3.135,-4.48e+08),
( 3.139,-1.10e+09),
( 3.142,-2.58e+08),
( 3.145, 5.67e+08),
( 3.149, 8.37e+08),
( 3.152, 6.46e+08),
( 3.156, 7.61e+07),
( 3.159,-6.39e+08),
( 3.162, 1.58e+09),
( 3.166,-2.42e+07),
( 3.169, 9.85e+08),
( 3.172,-1.71e+09),
( 3.176, 3.37e+08),
( 3.179, 2.32e+09),
( 3.183,-2.21e+08),
( 3.186,-1.38e+09),
( 3.189, 6.30e+08),
( 3.193,-1.41e+08),
( 3.196, 3.93e+08),
( 3.199, 1.24e+09),
( 3.203, 9.58e+07),
( 3.206, 2.14e+08),
( 3.210,-8.66e+08),
( 3.213, 1.89e+08),
( 3.216, 3.82e+08),
( 3.220,-9.41e+08),
( 3.223, 1.11e+09),
( 3.226, 4.57e+08),
( 3.230, 9.54e+08),
( 3.233, 6.63e+08),
( 3.237, 1.20e+09),
( 3.240, 1.51e+09),
( 3.243, 1.45e+09),
( 3.247, 5.00e+08),
( 3.250,-4.91e+08),
( 3.254,-1.21e+09),
( 3.257, 1.16e+09),
( 3.260, 4.72e+08),
( 3.264, 5.07e+08),
( 3.267, 6.56e+08),
( 3.270, 1.35e+09),
( 3.274, 8.93e+08),
( 3.277,-4.42e+08),
( 3.281, 6.02e+08),
( 3.284,-1.42e+08),
( 3.287, 1.99e+09),
( 3.291, 1.45e+09),
( 3.294, 7.45e+08),
( 3.297,-2.87e+08),
( 3.301, 6.50e+08),
( 3.304, 6.92e+08),
( 3.308, 4.90e+08),
( 3.311,-8.50e+07),
( 3.314, 1.07e+08),
( 3.318, 3.77e+08),
( 3.321, 9.59e+08),
( 3.324, 1.27e+09),
( 3.328, 9.44e+08),
( 3.331,-1.23e+09),
( 3.335,-1.21e+09),
( 3.338, 1.13e+09),
( 3.341, 1.08e+09),
( 3.345, 2.80e+08),
( 3.348, 2.03e+09),
( 3.351, 6.66e+08),
( 3.355, 6.89e+08),
( 3.358,-1.59e+08),
( 3.362, 8.35e+08),
( 3.365,-5.20e+08),
( 3.368, 2.33e+09),
( 3.372, 8.70e+08),
( 3.375, 5.40e+08),
( 3.378, 1.33e+09),
( 3.382, 1.43e+09),
( 3.385, 4.52e+08),
( 3.388, 1.50e+09),
( 3.392, 6.36e+08),
( 3.395, 1.53e+09),
( 3.399, 5.84e+08),
( 3.402, 1.13e+09),
( 3.405, 5.95e+08),
( 3.409, 8.58e+08),
( 3.412, 1.73e+08),
( 3.415,-1.29e+09),
( 3.419, 3.09e+08),
( 3.422,-3.51e+08),
( 3.426, 1.44e+09),
( 3.429, 6.36e+08),
( 3.432, 2.02e+07),
( 3.436,-1.16e+09),
( 3.439,-1.07e+09),
( 3.442,-7.87e+08),
( 3.446,-1.85e+08),
( 3.449,-1.15e+09),
( 3.453,-6.34e+08),
( 3.456, 6.29e+07),
( 3.459,-5.88e+08),
( 3.463, 1.86e+08),
( 3.466, 1.77e+09),
( 3.469,-4.17e+08),
( 3.473, 8.76e+07),
( 3.476, 9.27e+08),
( 3.480, 1.78e+08),
( 3.483,-8.23e+08),
( 3.486, 6.79e+08),
( 3.490, 1.29e+09),
( 3.493,-2.09e+07),
( 3.497,-4.19e+08),
( 3.500, 1.04e+09),
( 3.503, 1.75e+08),
( 3.507, 8.63e+08),
( 3.510,-5.68e+08),
( 3.513, 1.28e+09),
( 3.517,-1.21e+09),
( 3.520, 1.65e+09),
( 3.524, 7.66e+08),
( 3.527, 2.90e+08),
( 3.530,-3.04e+08),
( 3.534, 6.22e+08),
( 3.537,-2.82e+08),
( 3.540,-1.26e+08),
( 3.544, 1.78e+09),
( 3.547,-1.74e+09),
( 3.551,-1.92e+07),
( 3.554, 1.64e+09),
( 3.557, 8.67e+08),
( 3.561,-1.75e+09),
( 3.564, 1.68e+09),
( 3.567, 1.93e+09),
( 3.571,-3.33e+08),
( 3.574, 4.61e+08),
( 3.578, 4.44e+08),
( 3.581,-1.38e+09),
( 3.584, 1.53e+07),
( 3.588,-5.70e+07),
( 3.591, 8.67e+08),
( 3.594,-1.41e+09),
( 3.598,-1.76e+09),
( 3.601, 6.38e+08),
( 3.604, 4.85e+08),
( 3.608, 5.14e+07),
( 3.611,-1.90e+08),
( 3.615,-1.57e+08),
( 3.618,-2.35e+08),
( 3.621,-9.08e+08),
( 3.625, 8.11e+08),
( 3.628, 4.28e+08),
( 3.631,-1.37e+09),
( 3.635, 1.01e+08),
( 3.638, 4.31e+08),
( 3.642,-6.06e+08),
( 3.645, 7.53e+08),
( 3.648, 1.28e+09),
( 3.652,-8.50e+07),
( 3.655, 1.14e+09),
( 3.658,-1.44e+08),
( 3.662, 2.29e+08),
( 3.665, 1.29e+09),
( 3.669,-6.19e+08),
( 3.672, 1.07e+09),
( 3.675, 7.30e+08),
( 3.679, 1.86e+09),
( 3.682,-1.58e+09),
( 3.685, 7.55e+08),
( 3.689,-6.85e+07),
( 3.692, 2.02e+09),
( 3.696, 3.77e+08),
( 3.699, 2.35e+07),
( 3.702, 9.26e+08),
( 3.706, 6.94e+08),
( 3.709, 4.29e+08),
( 3.713, 1.20e+09),
( 3.716,-7.24e+08),
( 3.719,-2.44e+08),
( 3.723, 2.11e+08),
( 3.726, 3.83e+08),
( 3.729,-7.57e+08),
( 3.733,-9.15e+08),
( 3.736,-2.08e+08),
( 3.740, 6.32e+08),
( 3.743,-1.51e+09),
( 3.746,-1.24e+08),
( 3.750,-1.43e+07),
( 3.753, 3.08e+08),
( 3.756,-1.92e+07),
( 3.760, 4.80e+08),
( 3.763,-1.88e+08),
( 3.767, 2.42e+09),
( 3.770, 1.02e+09),
( 3.773,-3.96e+08),
( 3.777, 5.87e+08),
( 3.780, 5.42e+06),
( 3.783, 9.73e+08),
( 3.787,-3.84e+08),
( 3.790, 6.32e+08),
( 3.794,-8.52e+08),
( 3.797,-1.59e+09),
( 3.800, 8.78e+08),
( 3.804, 3.65e+08),
( 3.807, 1.00e+09),
( 3.810,-5.89e+08),
( 3.814, 8.04e+08),
( 3.817,-4.60e+08),
( 3.821, 7.44e+07),
( 3.824, 2.68e+07),
( 3.827, 3.32e+08),
( 3.831,-1.47e+09),
( 3.834, 1.16e+09),
( 3.837, 4.46e+08),
( 3.841,-8.50e+07),
( 3.844,-1.93e+09),
( 3.847, 6.09e+08),
( 3.851, 4.52e+08),
( 3.854,-5.80e+08),
( 3.858, 2.33e+09),
( 3.861,-5.94e+08),
( 3.864, 1.59e+09),
( 3.868,-4.84e+08),
( 3.871,-8.47e+08),
( 3.874, 4.51e+08),
( 3.878, 3.46e+08),
( 3.881,-2.74e+07),
( 3.885, 3.36e+08),
( 3.888,-1.08e+09),
( 3.891,-3.76e+08),
( 3.895,-1.44e+09),
( 3.898,-3.71e+08),
( 3.901,-8.23e+08),
( 3.905, 6.07e+08),
( 3.908,-4.55e+08),
( 3.912,-5.25e+08),
( 3.915, 1.31e+09),
( 3.918, 5.14e+07),
( 3.922, 6.30e+08),
( 3.925,-1.42e+08),
( 3.928,-1.17e+09),
( 3.932, 8.73e+08),
( 3.935, 8.16e+08),
( 3.939,-1.07e+09),
( 3.942,-4.61e+08),
( 3.945, 1.43e+08),
( 3.949, 9.63e+08),
( 3.952,-1.26e+09),
( 3.956, 5.12e+08),
( 3.959, 1.92e+09),
( 3.962,-5.20e+08),
( 3.966,-6.91e+08),
( 3.969,-1.00e+09),
( 3.972, 2.88e+08),
( 3.976, 1.40e+09),
( 3.979, 1.14e+08),
( 3.983,-1.28e+09),
( 3.986, 3.51e+08),
( 3.989, 4.64e+08),
( 3.993, 1.37e+09),
( 3.996, 1.57e+09),
( 3.999, 1.31e+09)]
