Bolide Detection Notification: 2004-247

At 12:07:22 UT on 03 Sep 2004, sensors aboard U. S. Government satellites recorded
the flash signature of a large meteoroid entry into the atmosphere. Location of the
flash  was Lat 67.7S, Lon 18.2E.

Based upon the visible-light intensity-time signature, peak brightness of the flash
was  determined to be approximately 3.08E11 watts/steradian, and total radiated flash
energy  7.26E12 joules (6000K blackbody model).

Intensity-time signature of the event and integrated intensity are depicted on the
plots  below. On the intensity-time plot, one count on vertical axis corresponds to
2.35E8  watts/steradian. On the integrated intensity plot, one count represents
2.96E9 joules  radiated energy.

Peak Intensity = 3.06e+11 watts/steradian
Total Energy   = 7.39e+12 joules

Intensity=[
(-1.498,-4.24e+08),
(-1.495, 2.07e+08),
(-1.492, 1.21e+08),
(-1.488,-5.36e+08),
(-1.485,-3.62e+08),
(-1.482,-7.60e+08),
(-1.478,-9.07e+08),
(-1.475,-1.75e+08),
(-1.472, 1.90e+08),
(-1.468,-1.81e+08),
(-1.465,-7.59e+07),
(-1.461, 9.50e+07),
(-1.458, 6.11e+08),
(-1.455, 6.73e+08),
(-1.451,-2.99e+07),
(-1.448, 1.64e+08),
(-1.445,-3.61e+06),
(-1.441,-1.98e+08),
(-1.438, 2.92e+08),
(-1.434, 1.94e+07),
(-1.431,-1.84e+08),
(-1.428,-7.89e+08),
(-1.424,-8.81e+08),
(-1.421,-1.40e+09),
(-1.418,-9.83e+08),
(-1.414,-2.33e+07),
(-1.411, 3.38e+08),
(-1.407, 5.56e+07),
(-1.404,-1.68e+07),
(-1.401, 5.55e+08),
(-1.397, 4.27e+08),
(-1.394,-4.77e+08),
(-1.390,-3.36e+08),
(-1.387,-8.02e+08),
(-1.384,-1.22e+09),
(-1.380,-8.68e+08),
(-1.377,-3.98e+07),
(-1.374, 4.24e+07),
(-1.370, 2.40e+08),
(-1.367, 6.60e+08),
(-1.363, 1.12e+09),
(-1.360, 9.00e+08),
(-1.357,-4.21e+08),
(-1.353,-2.01e+09),
(-1.350,-2.08e+09),
(-1.347,-1.09e+09),
(-1.343,-3.16e+08),
(-1.340,-3.29e+08),
(-1.336,-1.02e+07),
(-1.333, 5.23e+07),
(-1.330, 2.17e+08),
(-1.326, 1.31e+08),
(-1.323,-3.55e+08),
(-1.320,-9.76e+08),
(-1.316,-1.50e+09),
(-1.313,-8.52e+08),
(-1.309,-2.86e+08),
(-1.306,-2.53e+08),
(-1.303,-9.99e+08),
(-1.299,-1.57e+09),
(-1.296,-8.19e+08),
(-1.293,-3.09e+08),
(-1.289,-5.20e+08),
(-1.286,-6.28e+07),
(-1.282, 7.79e+08),
(-1.279, 9.56e+08),
(-1.276, 3.65e+08),
(-1.272, 2.03e+08),
(-1.269, 7.98e+08),
(-1.266, 1.07e+09),
(-1.262, 1.16e+09),
(-1.259, 3.28e+08),
(-1.256, 1.48e+08),
(-1.252,-3.29e+08),
(-1.249,-5.29e+07),
(-1.245, 5.32e+08),
(-1.242, 1.05e+08),
(-1.239,-1.01e+09),
(-1.235,-9.40e+08),
(-1.232,-4.34e+08),
(-1.229,-2.66e+07),
(-1.225, 1.77e+08),
(-1.222,-4.31e+08),
(-1.218,-3.13e+08),
(-1.215,-4.41e+08),
(-1.212,-8.94e+08),
(-1.208,-1.21e+09),
(-1.205,-1.47e+09),
(-1.202,-1.92e+09),
(-1.198,-1.56e+09),
(-1.195,-1.39e+09),
(-1.191,-1.37e+09),
(-1.188,-4.57e+08),
(-1.185,-6.91e+08),
(-1.181,-1.39e+09),
(-1.178,-1.33e+09),
(-1.174,-1.27e+09),
(-1.171,-1.47e+09),
(-1.168,-1.56e+09),
(-1.164,-1.15e+09),
(-1.161, 2.43e+08),
(-1.158, 2.46e+08),
(-1.154, 1.21e+08),
(-1.151, 3.35e+08),
(-1.147,-2.14e+08),
(-1.144,-8.09e+08),
(-1.141,-2.10e+09),
(-1.137,-2.06e+09),
(-1.134,-1.02e+09),
(-1.131,-9.63e+08),
(-1.127,-8.75e+08),
(-1.124,-1.35e+08),
(-1.120,-5.66e+08),
(-1.117,-4.41e+08),
(-1.114, 1.21e+08),
(-1.110, 3.41e+08),
(-1.107, 4.50e+08),
(-1.104, 2.26e+08),
(-1.100, 6.14e+08),
(-1.097, 4.73e+08),
(-1.093, 5.91e+08),
(-1.090, 6.31e+08),
(-1.087, 9.59e+08),
(-1.083, 1.57e+09),
(-1.080, 1.85e+09),
(-1.077, 2.04e+09),
(-1.073, 4.30e+08),
(-1.070, 2.49e+08),
(-1.066, 1.08e+09),
(-1.063, 1.41e+08),
(-1.060,-1.06e+09),
(-1.056,-1.35e+09),
(-1.053,-6.48e+08),
(-1.050,-5.89e+08),
(-1.046,-6.08e+08),
(-1.043,-1.44e+09),
(-1.040,-1.44e+09),
(-1.036,-1.39e+09),
(-1.033,-2.51e+09),
(-1.029,-2.49e+09),
(-1.026,-2.52e+09),
(-1.023,-2.27e+09),
(-1.019,-2.22e+09),
(-1.016,-1.93e+09),
(-1.013,-6.48e+08),
(-1.009,-6.51e+08),
(-1.006,-9.80e+08),
(-1.002,-3.65e+07),
(-0.999, 1.05e+08),
(-0.996,-4.80e+08),
(-0.992,-1.17e+09),
(-0.989,-1.08e+09),
(-0.986,-4.08e+08),
(-0.982, 7.86e+07),
(-0.979,-5.69e+08),
(-0.975,-3.75e+08),
(-0.972,-6.45e+08),
(-0.969,-7.66e+08),
(-0.965,-8.58e+08),
(-0.962,-1.92e+09),
(-0.958,-2.78e+09),
(-0.955,-3.40e+09),
(-0.952,-3.08e+09),
(-0.948,-2.70e+09),
(-0.945,-1.60e+09),
(-0.942,-1.65e+09),
(-0.938,-8.58e+08),
(-0.935,-2.17e+08),
(-0.931,-5.20e+08),
(-0.928,-4.47e+08),
(-0.925,-7.26e+07),
(-0.921,-1.22e+08),
(-0.918,-2.21e+08),
(-0.915, 3.05e+08),
(-0.911, 5.75e+08),
(-0.908,-4.28e+08),
(-0.904,-8.84e+08),
(-0.901,-6.18e+08),
(-0.898,-1.06e+09),
(-0.894,-1.26e+09),
(-0.891,-2.02e+09),
(-0.888,-3.06e+09),
(-0.884,-2.86e+09),
(-0.881,-2.11e+09),
(-0.877,-2.38e+09),
(-0.874,-2.31e+09),
(-0.871,-2.08e+09),
(-0.867,-2.48e+09),
(-0.864,-2.74e+09),
(-0.861,-3.32e+09),
(-0.857,-3.65e+09),
(-0.854,-2.54e+09),
(-0.850,-1.30e+09),
(-0.847,-1.02e+09),
(-0.844,-6.81e+08),
(-0.840,-5.92e+08),
(-0.837,-8.45e+08),
(-0.834,-9.63e+08),
(-0.830,-1.09e+09),
(-0.827,-1.18e+09),
(-0.824,-1.48e+09),
(-0.820,-1.67e+09),
(-0.817,-1.74e+09),
(-0.813,-1.28e+09),
(-0.810,-1.17e+09),
(-0.807,-1.25e+09),
(-0.803,-1.39e+09),
(-0.800,-1.13e+09),
(-0.797,-8.81e+08),
(-0.793, 8.25e+08),
(-0.790, 1.13e+09),
(-0.786, 1.84e+08),
(-0.783,-7.26e+07),
(-0.780,-4.44e+08),
(-0.776,-4.54e+08),
(-0.773,-5.46e+08),
(-0.770, 4.14e+08),
(-0.766, 8.05e+08),
(-0.763,-7.92e+07),
(-0.759, 7.86e+07),
(-0.756,-2.40e+08),
(-0.753,-1.55e+08),
(-0.749, 1.18e+09),
(-0.746, 1.47e+09),
(-0.742, 1.72e+09),
(-0.739, 1.94e+09),
(-0.736, 1.82e+09),
(-0.732, 2.09e+09),
(-0.729, 1.52e+09),
(-0.726, 1.33e+09),
(-0.722, 1.08e+09),
(-0.719, 5.72e+08),
(-0.715, 2.13e+08),
(-0.712, 8.54e+08),
(-0.709, 1.27e+09),
(-0.705, 1.28e+09),
(-0.702, 1.07e+09),
(-0.699, 6.41e+08),
(-0.695, 7.95e+08),
(-0.692, 2.53e+08),
(-0.688,-1.52e+08),
(-0.685, 3.25e+07),
(-0.682, 2.49e+08),
(-0.678,-4.31e+07),
(-0.675,-3.32e+08),
(-0.672,-2.17e+08),
(-0.668,-3.65e+08),
(-0.665,-3.98e+07),
(-0.661, 2.00e+08),
(-0.658, 1.31e+09),
(-0.655, 2.06e+09),
(-0.651, 1.88e+09),
(-0.648, 1.78e+09),
(-0.645, 1.68e+09),
(-0.641, 1.33e+09),
(-0.638, 1.22e+09),
(-0.634, 1.81e+09),
(-0.631, 1.99e+09),
(-0.628, 1.48e+09),
(-0.624, 1.28e+09),
(-0.621, 1.21e+09),
(-0.618, 1.69e+09),
(-0.614, 1.79e+09),
(-0.611, 2.69e+09),
(-0.608, 2.35e+09),
(-0.604, 2.43e+09),
(-0.601, 2.26e+09),
(-0.597, 1.81e+09),
(-0.594, 8.25e+08),
(-0.591, 1.08e+09),
(-0.587, 1.31e+09),
(-0.584, 9.50e+08),
(-0.581, 1.14e+09),
(-0.577, 1.60e+09),
(-0.574, 1.26e+09),
(-0.570, 7.03e+08),
(-0.567, 3.91e+08),
(-0.564, 7.20e+07),
(-0.560,-2.44e+08),
(-0.557, 2.03e+08),
(-0.554, 2.82e+08),
(-0.550, 5.98e+08),
(-0.547, 6.41e+08),
(-0.543, 6.01e+08),
(-0.540, 3.41e+08),
(-0.537, 7.06e+08),
(-0.533, 1.75e+09),
(-0.530, 1.77e+09),
(-0.526, 1.30e+09),
(-0.523, 1.89e+09),
(-0.520, 2.14e+09),
(-0.516, 9.99e+08),
(-0.513, 7.42e+08),
(-0.510, 9.53e+08),
(-0.506, 1.43e+09),
(-0.503, 1.16e+09),
(-0.499, 1.60e+09),
(-0.496, 1.97e+09),
(-0.493, 1.94e+09),
(-0.489, 2.05e+09),
(-0.486, 2.15e+09),
(-0.483, 3.16e+09),
(-0.479, 3.29e+09),
(-0.476, 2.79e+09),
(-0.472, 1.75e+09),
(-0.469, 1.16e+09),
(-0.466, 1.62e+09),
(-0.462, 2.00e+09),
(-0.459, 1.80e+09),
(-0.456, 2.68e+09),
(-0.452, 3.65e+09),
(-0.449, 3.99e+09),
(-0.445, 3.90e+09),
(-0.442, 3.87e+09),
(-0.439, 4.17e+09),
(-0.435, 4.70e+09),
(-0.432, 4.89e+09),
(-0.429, 3.58e+09),
(-0.425, 3.09e+09),
(-0.422, 1.97e+09),
(-0.418, 9.13e+08),
(-0.415, 1.00e+09),
(-0.412, 1.29e+09),
(-0.408, 1.97e+09),
(-0.405, 2.59e+09),
(-0.402, 3.19e+09),
(-0.398, 3.29e+09),
(-0.395, 2.91e+09),
(-0.392, 2.50e+09),
(-0.388, 2.14e+09),
(-0.385, 2.51e+09),
(-0.381, 4.36e+09),
(-0.378, 4.80e+09),
(-0.375, 4.71e+09),
(-0.371, 5.14e+09),
(-0.368, 5.10e+09),
(-0.365, 4.70e+09),
(-0.361, 3.73e+09),
(-0.358, 3.00e+09),
(-0.354, 3.23e+09),
(-0.351, 2.77e+09),
(-0.348, 2.88e+09),
(-0.344, 3.73e+09),
(-0.341, 3.10e+09),
(-0.338, 2.80e+09),
(-0.334, 2.23e+09),
(-0.331, 2.17e+09),
(-0.327, 2.59e+09),
(-0.324, 2.48e+09),
(-0.321, 2.84e+09),
(-0.317, 3.14e+09),
(-0.314, 3.39e+09),
(-0.310, 3.43e+09),
(-0.307, 3.54e+09),
(-0.304, 4.19e+09),
(-0.300, 3.74e+09),
(-0.297, 3.73e+09),
(-0.294, 4.49e+09),
(-0.290, 4.72e+09),
(-0.287, 4.81e+09),
(-0.283, 4.95e+09),
(-0.280, 5.04e+09),
(-0.277, 5.28e+09),
(-0.273, 5.79e+09),
(-0.270, 5.79e+09),
(-0.267, 5.55e+09),
(-0.263, 5.16e+09),
(-0.260, 4.93e+09),
(-0.256, 4.93e+09),
(-0.253, 5.43e+09),
(-0.250, 5.55e+09),
(-0.246, 4.79e+09),
(-0.243, 4.86e+09),
(-0.240, 5.24e+09),
(-0.236, 5.58e+09),
(-0.233, 6.44e+09),
(-0.229, 6.13e+09),
(-0.226, 6.31e+09),
(-0.223, 6.29e+09),
(-0.219, 6.74e+09),
(-0.216, 7.92e+09),
(-0.213, 7.37e+09),
(-0.209, 7.50e+09),
(-0.206, 7.06e+09),
(-0.202, 6.16e+09),
(-0.199, 5.48e+09),
(-0.196, 5.42e+09),
(-0.192, 6.07e+09),
(-0.189, 6.20e+09),
(-0.186, 5.87e+09),
(-0.182, 5.84e+09),
(-0.179, 6.20e+09),
(-0.176, 6.26e+09),
(-0.172, 6.62e+09),
(-0.169, 6.99e+09),
(-0.165, 7.15e+09),
(-0.162, 6.93e+09),
(-0.159, 6.32e+09),
(-0.155, 7.17e+09),
(-0.152, 7.64e+09),
(-0.149, 7.21e+09),
(-0.145, 7.51e+09),
(-0.142, 7.47e+09),
(-0.138, 6.64e+09),
(-0.135, 6.17e+09),
(-0.132, 7.03e+09),
(-0.128, 7.04e+09),
(-0.125, 7.20e+09),
(-0.122, 6.88e+09),
(-0.118, 6.89e+09),
(-0.115, 6.45e+09),
(-0.111, 6.78e+09),
(-0.108, 7.56e+09),
(-0.105, 7.47e+09),
(-0.101, 7.65e+09),
(-0.098, 7.43e+09),
(-0.095, 7.08e+09),
(-0.091, 6.64e+09),
(-0.088, 7.09e+09),
(-0.084, 7.42e+09),
(-0.081, 7.33e+09),
(-0.078, 6.22e+09),
(-0.074, 5.57e+09),
(-0.071, 5.86e+09),
(-0.067, 6.12e+09),
(-0.064, 6.53e+09),
(-0.061, 7.09e+09),
(-0.057, 7.18e+09),
(-0.054, 7.41e+09),
(-0.051, 7.52e+09),
(-0.047, 7.46e+09),
(-0.044, 8.15e+09),
(-0.040, 8.72e+09),
(-0.037, 8.24e+09),
(-0.034, 8.15e+09),
(-0.030, 9.06e+09),
(-0.027, 9.00e+09),
(-0.024, 9.75e+09),
(-0.020, 1.06e+10),
(-0.017, 1.13e+10),
(-0.013, 1.10e+10),
(-0.010, 1.15e+10),
(-0.007, 1.16e+10),
(-0.003, 1.13e+10),
(-0.000, 1.18e+10),
( 0.003, 1.20e+10),
( 0.007, 1.18e+10),
( 0.010, 1.26e+10),
( 0.014, 1.33e+10),
( 0.017, 1.36e+10),
( 0.020, 1.46e+10),
( 0.024, 1.51e+10),
( 0.027, 1.44e+10),
( 0.030, 1.43e+10),
( 0.034, 1.36e+10),
( 0.037, 1.38e+10),
( 0.040, 1.32e+10),
( 0.044, 1.25e+10),
( 0.047, 1.29e+10),
( 0.051, 1.32e+10),
( 0.054, 1.31e+10),
( 0.057, 1.27e+10),
( 0.061, 1.27e+10),
( 0.064, 1.29e+10),
( 0.067, 1.34e+10),
( 0.071, 1.34e+10),
( 0.074, 1.42e+10),
( 0.078, 1.50e+10),
( 0.081, 1.55e+10),
( 0.084, 1.62e+10),
( 0.088, 1.60e+10),
( 0.091, 1.57e+10),
( 0.094, 1.56e+10),
( 0.098, 1.51e+10),
( 0.101, 1.49e+10),
( 0.105, 1.52e+10),
( 0.108, 1.62e+10),
( 0.111, 1.62e+10),
( 0.115, 1.67e+10),
( 0.118, 1.71e+10),
( 0.121, 1.68e+10),
( 0.125, 1.72e+10),
( 0.128, 1.71e+10),
( 0.132, 1.64e+10),
( 0.135, 1.66e+10),
( 0.138, 1.69e+10),
( 0.142, 1.67e+10),
( 0.145, 1.65e+10),
( 0.149, 1.70e+10),
( 0.152, 1.71e+10),
( 0.155, 1.70e+10),
( 0.159, 1.76e+10),
( 0.162, 1.79e+10),
( 0.165, 1.77e+10),
( 0.169, 1.72e+10),
( 0.172, 1.77e+10),
( 0.176, 1.81e+10),
( 0.179, 1.80e+10),
( 0.182, 1.90e+10),
( 0.186, 1.87e+10),
( 0.189, 1.87e+10),
( 0.192, 1.95e+10),
( 0.196, 1.95e+10),
( 0.199, 1.94e+10),
( 0.203, 1.97e+10),
( 0.206, 1.97e+10),
( 0.209, 1.95e+10),
( 0.213, 1.94e+10),
( 0.216, 1.92e+10),
( 0.219, 1.88e+10),
( 0.223, 1.88e+10),
( 0.226, 1.95e+10),
( 0.230, 2.04e+10),
( 0.233, 2.05e+10),
( 0.236, 2.11e+10),
( 0.240, 2.19e+10),
( 0.243, 2.30e+10),
( 0.246, 2.38e+10),
( 0.250, 2.40e+10),
( 0.253, 2.39e+10),
( 0.256, 2.42e+10),
( 0.260, 2.40e+10),
( 0.263, 2.35e+10),
( 0.267, 2.39e+10),
( 0.270, 2.36e+10),
( 0.273, 2.29e+10),
( 0.277, 2.28e+10),
( 0.280, 2.32e+10),
( 0.283, 2.36e+10),
( 0.287, 2.42e+10),
( 0.290, 2.44e+10),
( 0.294, 2.45e+10),
( 0.297, 2.57e+10),
( 0.300, 2.58e+10),
( 0.304, 2.54e+10),
( 0.307, 2.50e+10),
( 0.310, 2.52e+10),
( 0.314, 2.66e+10),
( 0.317, 2.73e+10),
( 0.321, 2.71e+10),
( 0.324, 2.75e+10),
( 0.327, 2.78e+10),
( 0.331, 2.74e+10),
( 0.334, 2.74e+10),
( 0.337, 2.74e+10),
( 0.341, 2.70e+10),
( 0.344, 2.72e+10),
( 0.348, 2.73e+10),
( 0.351, 2.77e+10),
( 0.354, 2.84e+10),
( 0.358, 2.89e+10),
( 0.361, 2.95e+10),
( 0.365, 3.11e+10),
( 0.368, 3.16e+10),
( 0.371, 3.15e+10),
( 0.375, 3.20e+10),
( 0.378, 3.19e+10),
( 0.381, 3.22e+10),
( 0.385, 3.28e+10),
( 0.388, 3.35e+10),
( 0.392, 3.35e+10),
( 0.395, 3.33e+10),
( 0.398, 3.27e+10),
( 0.402, 3.25e+10),
( 0.405, 3.27e+10),
( 0.408, 3.34e+10),
( 0.412, 3.46e+10),
( 0.415, 3.56e+10),
( 0.419, 3.63e+10),
( 0.422, 3.70e+10),
( 0.425, 3.72e+10),
( 0.429, 3.73e+10),
( 0.432, 3.77e+10),
( 0.435, 3.78e+10),
( 0.439, 3.88e+10),
( 0.442, 3.90e+10),
( 0.446, 3.96e+10),
( 0.449, 4.03e+10),
( 0.452, 4.02e+10),
( 0.456, 4.05e+10),
( 0.459, 4.05e+10),
( 0.462, 4.06e+10),
( 0.466, 4.10e+10),
( 0.469, 4.05e+10),
( 0.472, 4.08e+10),
( 0.476, 4.19e+10),
( 0.479, 4.24e+10),
( 0.483, 4.20e+10),
( 0.486, 4.24e+10),
( 0.489, 4.30e+10),
( 0.493, 4.27e+10),
( 0.496, 4.35e+10),
( 0.499, 4.52e+10),
( 0.503, 4.56e+10),
( 0.506, 4.57e+10),
( 0.510, 4.69e+10),
( 0.513, 4.74e+10),
( 0.516, 4.79e+10),
( 0.520, 4.86e+10),
( 0.523, 4.88e+10),
( 0.526, 4.96e+10),
( 0.530, 5.05e+10),
( 0.533, 5.14e+10),
( 0.537, 5.05e+10),
( 0.540, 5.11e+10),
( 0.543, 5.15e+10),
( 0.547, 5.14e+10),
( 0.550, 5.20e+10),
( 0.554, 5.18e+10),
( 0.557, 5.18e+10),
( 0.560, 5.16e+10),
( 0.564, 5.16e+10),
( 0.567, 5.26e+10),
( 0.570, 5.33e+10),
( 0.574, 5.29e+10),
( 0.577, 5.39e+10),
( 0.581, 5.52e+10),
( 0.584, 5.66e+10),
( 0.587, 5.71e+10),
( 0.591, 5.73e+10),
( 0.594, 5.77e+10),
( 0.597, 5.82e+10),
( 0.601, 5.84e+10),
( 0.604, 5.90e+10),
( 0.608, 6.01e+10),
( 0.611, 6.08e+10),
( 0.614, 6.06e+10),
( 0.618, 6.07e+10),
( 0.621, 6.00e+10),
( 0.624, 6.04e+10),
( 0.628, 6.11e+10),
( 0.631, 6.10e+10),
( 0.635, 6.09e+10),
( 0.638, 6.09e+10),
( 0.641, 6.13e+10),
( 0.645, 6.23e+10),
( 0.648, 6.28e+10),
( 0.651, 6.27e+10),
( 0.655, 6.36e+10),
( 0.658, 6.42e+10),
( 0.662, 6.40e+10),
( 0.665, 6.41e+10),
( 0.668, 6.49e+10),
( 0.672, 6.62e+10),
( 0.675, 6.63e+10),
( 0.678, 6.60e+10),
( 0.682, 6.67e+10),
( 0.685, 6.73e+10),
( 0.688, 6.73e+10),
( 0.692, 6.87e+10),
( 0.695, 7.02e+10),
( 0.699, 7.14e+10),
( 0.702, 7.27e+10),
( 0.705, 7.35e+10),
( 0.709, 7.40e+10),
( 0.712, 7.50e+10),
( 0.715, 7.42e+10),
( 0.719, 7.41e+10),
( 0.722, 7.47e+10),
( 0.726, 7.48e+10),
( 0.729, 7.47e+10),
( 0.732, 7.52e+10),
( 0.736, 7.58e+10),
( 0.739, 7.63e+10),
( 0.742, 7.77e+10),
( 0.746, 7.90e+10),
( 0.749, 7.95e+10),
( 0.753, 7.96e+10),
( 0.756, 8.01e+10),
( 0.759, 8.01e+10),
( 0.763, 8.02e+10),
( 0.766, 8.05e+10),
( 0.770, 8.13e+10),
( 0.773, 8.25e+10),
( 0.776, 8.30e+10),
( 0.780, 8.39e+10),
( 0.783, 8.51e+10),
( 0.786, 8.51e+10),
( 0.790, 8.55e+10),
( 0.793, 8.63e+10),
( 0.797, 8.62e+10),
( 0.800, 8.71e+10),
( 0.803, 8.70e+10),
( 0.807, 8.69e+10),
( 0.810, 8.72e+10),
( 0.813, 8.75e+10),
( 0.817, 8.83e+10),
( 0.820, 8.93e+10),
( 0.824, 9.02e+10),
( 0.827, 9.04e+10),
( 0.830, 9.17e+10),
( 0.834, 9.22e+10),
( 0.837, 9.24e+10),
( 0.840, 9.34e+10),
( 0.844, 9.46e+10),
( 0.847, 9.51e+10),
( 0.851, 9.58e+10),
( 0.854, 9.61e+10),
( 0.857, 9.61e+10),
( 0.861, 9.73e+10),
( 0.864, 9.77e+10),
( 0.867, 9.85e+10),
( 0.871, 9.88e+10),
( 0.874, 9.90e+10),
( 0.878, 9.99e+10),
( 0.881, 1.01e+11),
( 0.884, 1.00e+11),
( 0.888, 1.00e+11),
( 0.891, 1.01e+11),
( 0.894, 1.02e+11),
( 0.898, 1.02e+11),
( 0.901, 1.02e+11),
( 0.904, 1.03e+11),
( 0.908, 1.05e+11),
( 0.911, 1.05e+11),
( 0.915, 1.06e+11),
( 0.918, 1.06e+11),
( 0.921, 1.05e+11),
( 0.925, 1.06e+11),
( 0.928, 1.07e+11),
( 0.931, 1.07e+11),
( 0.935, 1.08e+11),
( 0.938, 1.09e+11),
( 0.942, 1.09e+11),
( 0.945, 1.09e+11),
( 0.948, 1.10e+11),
( 0.952, 1.11e+11),
( 0.955, 1.11e+11),
( 0.958, 1.12e+11),
( 0.962, 1.13e+11),
( 0.965, 1.13e+11),
( 0.969, 1.14e+11),
( 0.972, 1.14e+11),
( 0.975, 1.14e+11),
( 0.979, 1.16e+11),
( 0.982, 1.16e+11),
( 0.986, 1.17e+11),
( 0.989, 1.18e+11),
( 0.992, 1.19e+11),
( 0.996, 1.20e+11),
( 0.999, 1.21e+11),
( 1.002, 1.20e+11),
( 1.006, 1.20e+11),
( 1.009, 1.20e+11),
( 1.013, 1.21e+11),
( 1.016, 1.22e+11),
( 1.019, 1.23e+11),
( 1.023, 1.25e+11),
( 1.026, 1.26e+11),
( 1.029, 1.27e+11),
( 1.033, 1.27e+11),
( 1.036, 1.27e+11),
( 1.040, 1.27e+11),
( 1.043, 1.27e+11),
( 1.046, 1.28e+11),
( 1.050, 1.28e+11),
( 1.053, 1.27e+11),
( 1.056, 1.29e+11),
( 1.060, 1.30e+11),
( 1.063, 1.30e+11),
( 1.067, 1.30e+11),
( 1.070, 1.30e+11),
( 1.073, 1.31e+11),
( 1.077, 1.31e+11),
( 1.080, 1.33e+11),
( 1.083, 1.33e+11),
( 1.087, 1.34e+11),
( 1.090, 1.34e+11),
( 1.094, 1.35e+11),
( 1.097, 1.36e+11),
( 1.100, 1.36e+11),
( 1.104, 1.37e+11),
( 1.107, 1.37e+11),
( 1.110, 1.36e+11),
( 1.114, 1.37e+11),
( 1.117, 1.39e+11),
( 1.120, 1.41e+11),
( 1.124, 1.41e+11),
( 1.127, 1.42e+11),
( 1.131, 1.42e+11),
( 1.134, 1.43e+11),
( 1.137, 1.43e+11),
( 1.141, 1.44e+11),
( 1.144, 1.45e+11),
( 1.147, 1.45e+11),
( 1.151, 1.46e+11),
( 1.154, 1.48e+11),
( 1.158, 1.48e+11),
( 1.161, 1.49e+11),
( 1.164, 1.50e+11),
( 1.168, 1.52e+11),
( 1.171, 1.53e+11),
( 1.174, 1.54e+11),
( 1.178, 1.55e+11),
( 1.181, 1.56e+11),
( 1.185, 1.58e+11),
( 1.188, 1.59e+11),
( 1.191, 1.59e+11),
( 1.195, 1.60e+11),
( 1.198, 1.60e+11),
( 1.202, 1.61e+11),
( 1.205, 1.62e+11),
( 1.208, 1.62e+11),
( 1.212, 1.62e+11),
( 1.215, 1.62e+11),
( 1.218, 1.64e+11),
( 1.222, 1.66e+11),
( 1.225, 1.66e+11),
( 1.229, 1.67e+11),
( 1.232, 1.67e+11),
( 1.235, 1.68e+11),
( 1.239, 1.68e+11),
( 1.242, 1.68e+11),
( 1.245, 1.69e+11),
( 1.249, 1.70e+11),
( 1.252, 1.70e+11),
( 1.256, 1.71e+11),
( 1.259, 1.72e+11),
( 1.262, 1.72e+11),
( 1.266, 1.73e+11),
( 1.269, 1.74e+11),
( 1.272, 1.75e+11),
( 1.276, 1.75e+11),
( 1.279, 1.75e+11),
( 1.283, 1.74e+11),
( 1.286, 1.74e+11),
( 1.289, 1.76e+11),
( 1.293, 1.77e+11),
( 1.296, 1.77e+11),
( 1.299, 1.78e+11),
( 1.303, 1.80e+11),
( 1.306, 1.81e+11),
( 1.310, 1.81e+11),
( 1.313, 1.82e+11),
( 1.316, 1.83e+11),
( 1.320, 1.84e+11),
( 1.323, 1.85e+11),
( 1.326, 1.85e+11),
( 1.330, 1.86e+11),
( 1.333, 1.85e+11),
( 1.336, 1.86e+11),
( 1.340, 1.87e+11),
( 1.343, 1.88e+11),
( 1.347, 1.88e+11),
( 1.350, 1.88e+11),
( 1.353, 1.89e+11),
( 1.357, 1.90e+11),
( 1.360, 1.91e+11),
( 1.363, 1.92e+11),
( 1.367, 1.93e+11),
( 1.370, 1.94e+11),
( 1.374, 1.95e+11),
( 1.377, 1.96e+11),
( 1.380, 1.97e+11),
( 1.384, 1.97e+11),
( 1.387, 1.96e+11),
( 1.390, 1.97e+11),
( 1.394, 1.99e+11),
( 1.397, 2.00e+11),
( 1.401, 2.00e+11),
( 1.404, 2.01e+11),
( 1.407, 2.03e+11),
( 1.411, 2.05e+11),
( 1.414, 2.06e+11),
( 1.418, 2.06e+11),
( 1.421, 2.06e+11),
( 1.424, 2.07e+11),
( 1.428, 2.07e+11),
( 1.431, 2.07e+11),
( 1.434, 2.09e+11),
( 1.438, 2.10e+11),
( 1.441, 2.11e+11),
( 1.445, 2.12e+11),
( 1.448, 2.12e+11),
( 1.451, 2.13e+11),
( 1.455, 2.13e+11),
( 1.458, 2.12e+11),
( 1.461, 2.11e+11),
( 1.465, 2.11e+11),
( 1.468, 2.12e+11),
( 1.472, 2.12e+11),
( 1.475, 2.14e+11),
( 1.478, 2.14e+11),
( 1.482, 2.14e+11),
( 1.485, 2.14e+11),
( 1.488, 2.14e+11),
( 1.492, 2.13e+11),
( 1.495, 2.14e+11),
( 1.499, 2.15e+11),
( 1.502, 2.16e+11),
( 1.505, 2.17e+11),
( 1.509, 2.17e+11),
( 1.512, 2.17e+11),
( 1.515, 2.18e+11),
( 1.519, 2.19e+11),
( 1.522, 2.18e+11),
( 1.526, 2.18e+11),
( 1.529, 2.19e+11),
( 1.532, 2.18e+11),
( 1.536, 2.17e+11),
( 1.539, 2.17e+11),
( 1.542, 2.17e+11),
( 1.546, 2.17e+11),
( 1.549, 2.18e+11),
( 1.552, 2.19e+11),
( 1.556, 2.18e+11),
( 1.559, 2.17e+11),
( 1.563, 2.16e+11),
( 1.566, 2.16e+11),
( 1.569, 2.15e+11),
( 1.573, 2.16e+11),
( 1.576, 2.15e+11),
( 1.579, 2.15e+11),
( 1.583, 2.15e+11),
( 1.586, 2.15e+11),
( 1.590, 2.14e+11),
( 1.593, 2.12e+11),
( 1.596, 2.12e+11),
( 1.600, 2.12e+11),
( 1.603, 2.12e+11),
( 1.606, 2.11e+11),
( 1.610, 2.11e+11),
( 1.613, 2.10e+11),
( 1.617, 2.10e+11),
( 1.620, 2.10e+11),
( 1.623, 2.10e+11),
( 1.627, 2.10e+11),
( 1.630, 2.10e+11),
( 1.633, 2.10e+11),
( 1.637, 2.10e+11),
( 1.640, 2.09e+11),
( 1.644, 2.09e+11),
( 1.647, 2.08e+11),
( 1.650, 2.07e+11),
( 1.654, 2.06e+11),
( 1.657, 2.05e+11),
( 1.661, 2.05e+11),
( 1.664, 2.04e+11),
( 1.667, 2.05e+11),
( 1.671, 2.04e+11),
( 1.674, 2.03e+11),
( 1.677, 2.03e+11),
( 1.681, 2.02e+11),
( 1.684, 2.01e+11),
( 1.688, 2.00e+11),
( 1.691, 2.00e+11),
( 1.694, 2.01e+11),
( 1.698, 2.01e+11),
( 1.701, 2.01e+11),
( 1.704, 2.00e+11),
( 1.708, 1.99e+11),
( 1.711, 1.99e+11),
( 1.715, 1.99e+11),
( 1.718, 1.98e+11),
( 1.721, 1.98e+11),
( 1.725, 1.98e+11),
( 1.728, 1.98e+11),
( 1.731, 1.97e+11),
( 1.735, 1.97e+11),
( 1.738, 1.96e+11),
( 1.742, 1.95e+11),
( 1.745, 1.94e+11),
( 1.748, 1.94e+11),
( 1.752, 1.93e+11),
( 1.755, 1.93e+11),
( 1.758, 1.93e+11),
( 1.762, 1.92e+11),
( 1.765, 1.91e+11),
( 1.768, 1.91e+11),
( 1.772, 1.91e+11),
( 1.775, 1.91e+11),
( 1.779, 1.91e+11),
( 1.782, 1.90e+11),
( 1.785, 1.90e+11),
( 1.789, 1.90e+11),
( 1.792, 1.91e+11),
( 1.795, 1.90e+11),
( 1.799, 1.90e+11),
( 1.802, 1.89e+11),
( 1.806, 1.89e+11),
( 1.809, 1.89e+11),
( 1.812, 1.88e+11),
( 1.816, 1.89e+11),
( 1.819, 1.90e+11),
( 1.822, 1.90e+11),
( 1.826, 1.90e+11),
( 1.829, 1.90e+11),
( 1.833, 1.90e+11),
( 1.836, 1.91e+11),
( 1.839, 1.91e+11),
( 1.843, 1.90e+11),
( 1.846, 1.90e+11),
( 1.849, 1.90e+11),
( 1.853, 1.90e+11),
( 1.856, 1.89e+11),
( 1.860, 1.89e+11),
( 1.863, 1.89e+11),
( 1.866, 1.87e+11),
( 1.870, 1.86e+11),
( 1.873, 1.87e+11),
( 1.877, 1.87e+11),
( 1.880, 1.88e+11),
( 1.883, 1.88e+11),
( 1.887, 1.90e+11),
( 1.890, 1.91e+11),
( 1.893, 1.91e+11),
( 1.897, 1.91e+11),
( 1.900, 1.91e+11),
( 1.904, 1.92e+11),
( 1.907, 1.93e+11),
( 1.910, 1.92e+11),
( 1.914, 1.91e+11),
( 1.917, 1.91e+11),
( 1.920, 1.93e+11),
( 1.924, 1.93e+11),
( 1.927, 1.94e+11),
( 1.931, 1.94e+11),
( 1.934, 1.94e+11),
( 1.937, 1.94e+11),
( 1.941, 1.95e+11),
( 1.944, 1.94e+11),
( 1.947, 1.94e+11),
( 1.951, 1.94e+11),
( 1.954, 1.94e+11),
( 1.958, 1.95e+11),
( 1.961, 1.95e+11),
( 1.964, 1.96e+11),
( 1.968, 1.97e+11),
( 1.971, 1.96e+11),
( 1.974, 1.96e+11),
( 1.978, 1.97e+11),
( 1.981, 1.97e+11),
( 1.984, 1.96e+11),
( 1.988, 1.96e+11),
( 1.991, 1.95e+11),
( 1.995, 1.96e+11),
( 1.998, 1.96e+11),
( 2.001, 1.96e+11),
( 2.005, 1.97e+11),
( 2.008, 1.97e+11),
( 2.011, 1.98e+11),
( 2.015, 1.98e+11),
( 2.018, 2.00e+11),
( 2.022, 2.01e+11),
( 2.025, 2.02e+11),
( 2.028, 2.03e+11),
( 2.032, 2.02e+11),
( 2.035, 2.03e+11),
( 2.038, 2.03e+11),
( 2.042, 2.02e+11),
( 2.045, 2.03e+11),
( 2.049, 2.03e+11),
( 2.052, 2.03e+11),
( 2.055, 2.04e+11),
( 2.059, 2.04e+11),
( 2.062, 2.03e+11),
( 2.065, 2.03e+11),
( 2.069, 2.03e+11),
( 2.072, 2.03e+11),
( 2.076, 2.03e+11),
( 2.079, 2.03e+11),
( 2.082, 2.04e+11),
( 2.086, 2.05e+11),
( 2.089, 2.06e+11),
( 2.093, 2.07e+11),
( 2.096, 2.08e+11),
( 2.099, 2.08e+11),
( 2.103, 2.08e+11),
( 2.106, 2.08e+11),
( 2.109, 2.09e+11),
( 2.113, 2.10e+11),
( 2.116, 2.11e+11),
( 2.120, 2.12e+11),
( 2.123, 2.13e+11),
( 2.126, 2.14e+11),
( 2.130, 2.13e+11),
( 2.133, 2.13e+11),
( 2.136, 2.13e+11),
( 2.140, 2.13e+11),
( 2.143, 2.13e+11),
( 2.147, 2.13e+11),
( 2.150, 2.11e+11),
( 2.153, 2.09e+11),
( 2.157, 2.08e+11),
( 2.160, 2.09e+11),
( 2.163, 2.09e+11),
( 2.167, 2.09e+11),
( 2.170, 2.10e+11),
( 2.174, 2.10e+11),
( 2.177, 2.10e+11),
( 2.180, 2.09e+11),
( 2.184, 2.10e+11),
( 2.187, 2.10e+11),
( 2.190, 2.11e+11),
( 2.194, 2.11e+11),
( 2.197, 2.10e+11),
( 2.200, 2.10e+11),
( 2.204, 2.10e+11),
( 2.207, 2.10e+11),
( 2.211, 2.11e+11),
( 2.214, 2.11e+11),
( 2.217, 2.11e+11),
( 2.221, 2.11e+11),
( 2.224, 2.11e+11),
( 2.227, 2.10e+11),
( 2.231, 2.10e+11),
( 2.234, 2.11e+11),
( 2.238, 2.12e+11),
( 2.241, 2.13e+11),
( 2.244, 2.13e+11),
( 2.248, 2.14e+11),
( 2.251, 2.16e+11),
( 2.254, 2.17e+11),
( 2.258, 2.16e+11),
( 2.261, 2.17e+11),
( 2.265, 2.18e+11),
( 2.268, 2.19e+11),
( 2.271, 2.20e+11),
( 2.275, 2.21e+11),
( 2.278, 2.21e+11),
( 2.281, 2.21e+11),
( 2.285, 2.22e+11),
( 2.288, 2.23e+11),
( 2.292, 2.24e+11),
( 2.295, 2.25e+11),
( 2.298, 2.27e+11),
( 2.302, 2.27e+11),
( 2.305, 2.27e+11),
( 2.309, 2.29e+11),
( 2.312, 2.30e+11),
( 2.315, 2.31e+11),
( 2.319, 2.31e+11),
( 2.322, 2.32e+11),
( 2.325, 2.32e+11),
( 2.329, 2.32e+11),
( 2.332, 2.34e+11),
( 2.336, 2.36e+11),
( 2.339, 2.37e+11),
( 2.342, 2.37e+11),
( 2.346, 2.38e+11),
( 2.349, 2.38e+11),
( 2.352, 2.38e+11),
( 2.356, 2.38e+11),
( 2.359, 2.39e+11),
( 2.363, 2.39e+11),
( 2.366, 2.39e+11),
( 2.369, 2.39e+11),
( 2.373, 2.40e+11),
( 2.376, 2.40e+11),
( 2.379, 2.41e+11),
( 2.383, 2.42e+11),
( 2.386, 2.43e+11),
( 2.390, 2.43e+11),
( 2.393, 2.44e+11),
( 2.396, 2.44e+11),
( 2.400, 2.45e+11),
( 2.403, 2.46e+11),
( 2.406, 2.47e+11),
( 2.410, 2.49e+11),
( 2.413, 2.52e+11),
( 2.416, 2.53e+11),
( 2.420, 2.54e+11),
( 2.423, 2.55e+11),
( 2.427, 2.56e+11),
( 2.430, 2.57e+11),
( 2.433, 2.59e+11),
( 2.437, 2.60e+11),
( 2.440, 2.61e+11),
( 2.443, 2.62e+11),
( 2.447, 2.64e+11),
( 2.450, 2.64e+11),
( 2.454, 2.66e+11),
( 2.457, 2.67e+11),
( 2.460, 2.67e+11),
( 2.464, 2.68e+11),
( 2.467, 2.69e+11),
( 2.470, 2.71e+11),
( 2.474, 2.72e+11),
( 2.477, 2.73e+11),
( 2.481, 2.75e+11),
( 2.484, 2.77e+11),
( 2.487, 2.78e+11),
( 2.491, 2.80e+11),
( 2.494, 2.82e+11),
( 2.498, 2.84e+11),
( 2.501, 2.86e+11),
( 2.504, 2.86e+11),
( 2.508, 2.87e+11),
( 2.511, 2.87e+11),
( 2.514, 2.87e+11),
( 2.518, 2.88e+11),
( 2.521, 2.88e+11),
( 2.525, 2.89e+11),
( 2.528, 2.89e+11),
( 2.531, 2.90e+11),
( 2.535, 2.91e+11),
( 2.538, 2.92e+11),
( 2.541, 2.93e+11),
( 2.545, 2.94e+11),
( 2.548, 2.95e+11),
( 2.552, 2.96e+11),
( 2.555, 2.97e+11),
( 2.558, 2.98e+11),
( 2.562, 2.99e+11),
( 2.565, 2.98e+11),
( 2.568, 2.99e+11),
( 2.572, 3.00e+11),
( 2.575, 3.00e+11),
( 2.579, 3.01e+11),
( 2.582, 3.02e+11),
( 2.585, 3.02e+11),
( 2.589, 3.03e+11),
( 2.592, 3.04e+11),
( 2.595, 3.04e+11),
( 2.599, 3.03e+11),
( 2.602, 3.04e+11),
( 2.606, 3.04e+11),
( 2.609, 3.04e+11),
( 2.612, 3.04e+11),
( 2.616, 3.05e+11),
( 2.619, 3.05e+11),
( 2.622, 3.06e+11),
( 2.626, 3.05e+11),
( 2.629, 3.05e+11),
( 2.632, 3.04e+11),
( 2.636, 3.04e+11),
( 2.639, 3.05e+11),
( 2.643, 3.06e+11),
( 2.646, 3.06e+11),
( 2.649, 3.06e+11),
( 2.653, 3.06e+11),
( 2.656, 3.05e+11),
( 2.659, 3.05e+11),
( 2.663, 3.04e+11),
( 2.666, 3.03e+11),
( 2.670, 3.03e+11),
( 2.673, 3.03e+11),
( 2.676, 3.03e+11),
( 2.680, 3.01e+11),
( 2.683, 3.01e+11),
( 2.686, 3.00e+11),
( 2.690, 3.00e+11),
( 2.693, 3.01e+11),
( 2.697, 3.00e+11),
( 2.700, 2.99e+11),
( 2.703, 3.00e+11),
( 2.707, 3.01e+11),
( 2.710, 3.00e+11),
( 2.714, 3.00e+11),
( 2.717, 2.99e+11),
( 2.720, 2.98e+11),
( 2.724, 2.97e+11),
( 2.727, 2.96e+11),
( 2.730, 2.95e+11),
( 2.734, 2.94e+11),
( 2.737, 2.94e+11),
( 2.741, 2.94e+11),
( 2.744, 2.93e+11),
( 2.747, 2.91e+11),
( 2.751, 2.90e+11),
( 2.754, 2.89e+11),
( 2.757, 2.90e+11),
( 2.761, 2.89e+11),
( 2.764, 2.89e+11),
( 2.768, 2.89e+11),
( 2.771, 2.88e+11),
( 2.774, 2.87e+11),
( 2.778, 2.86e+11),
( 2.781, 2.86e+11),
( 2.784, 2.85e+11),
( 2.788, 2.85e+11),
( 2.791, 2.85e+11),
( 2.795, 2.84e+11),
( 2.798, 2.83e+11),
( 2.801, 2.83e+11),
( 2.805, 2.82e+11),
( 2.808, 2.81e+11),
( 2.811, 2.80e+11),
( 2.815, 2.77e+11),
( 2.818, 2.75e+11),
( 2.822, 2.74e+11),
( 2.825, 2.73e+11),
( 2.828, 2.73e+11),
( 2.832, 2.72e+11),
( 2.835, 2.71e+11),
( 2.838, 2.69e+11),
( 2.842, 2.68e+11),
( 2.845, 2.68e+11),
( 2.848, 2.67e+11),
( 2.852, 2.65e+11),
( 2.855, 2.66e+11),
( 2.859, 2.66e+11),
( 2.862, 2.66e+11),
( 2.865, 2.65e+11),
( 2.869, 2.64e+11),
( 2.872, 2.63e+11),
( 2.875, 2.63e+11),
( 2.879, 2.62e+11),
( 2.882, 2.61e+11),
( 2.886, 2.60e+11),
( 2.889, 2.59e+11),
( 2.892, 2.59e+11),
( 2.896, 2.58e+11),
( 2.899, 2.57e+11),
( 2.902, 2.55e+11),
( 2.906, 2.52e+11),
( 2.909, 2.51e+11),
( 2.913, 2.50e+11),
( 2.916, 2.49e+11),
( 2.919, 2.49e+11),
( 2.923, 2.48e+11),
( 2.926, 2.46e+11),
( 2.930, 2.46e+11),
( 2.933, 2.46e+11),
( 2.936, 2.44e+11),
( 2.940, 2.44e+11),
( 2.943, 2.43e+11),
( 2.946, 2.43e+11),
( 2.950, 2.42e+11),
( 2.953, 2.41e+11),
( 2.957, 2.41e+11),
( 2.960, 2.41e+11),
( 2.963, 2.40e+11),
( 2.967, 2.38e+11),
( 2.970, 2.37e+11),
( 2.973, 2.36e+11),
( 2.977, 2.36e+11),
( 2.980, 2.35e+11),
( 2.984, 2.34e+11),
( 2.987, 2.34e+11),
( 2.990, 2.33e+11),
( 2.994, 2.32e+11),
( 2.997, 2.30e+11),
( 3.000, 2.27e+11),
( 3.004, 2.24e+11),
( 3.007, 2.22e+11),
( 3.011, 2.19e+11),
( 3.014, 2.16e+11),
( 3.017, 2.13e+11),
( 3.021, 2.12e+11),
( 3.024, 2.10e+11),
( 3.027, 2.08e+11),
( 3.031, 2.07e+11),
( 3.034, 2.04e+11),
( 3.038, 2.01e+11),
( 3.041, 1.98e+11),
( 3.044, 1.96e+11),
( 3.048, 1.94e+11),
( 3.051, 1.92e+11),
( 3.054, 1.90e+11),
( 3.058, 1.89e+11),
( 3.061, 1.87e+11),
( 3.064, 1.85e+11),
( 3.068, 1.83e+11),
( 3.071, 1.81e+11),
( 3.075, 1.78e+11),
( 3.078, 1.76e+11),
( 3.081, 1.73e+11),
( 3.085, 1.71e+11),
( 3.088, 1.69e+11),
( 3.091, 1.67e+11),
( 3.095, 1.65e+11),
( 3.098, 1.64e+11),
( 3.102, 1.62e+11),
( 3.105, 1.61e+11),
( 3.108, 1.59e+11),
( 3.112, 1.58e+11),
( 3.115, 1.57e+11),
( 3.118, 1.57e+11),
( 3.122, 1.56e+11),
( 3.125, 1.55e+11),
( 3.129, 1.54e+11),
( 3.132, 1.54e+11),
( 3.135, 1.52e+11),
( 3.139, 1.51e+11),
( 3.142, 1.50e+11),
( 3.146, 1.50e+11),
( 3.149, 1.50e+11),
( 3.152, 1.50e+11),
( 3.156, 1.50e+11),
( 3.159, 1.50e+11),
( 3.162, 1.51e+11),
( 3.166, 1.50e+11),
( 3.169, 1.49e+11),
( 3.173, 1.48e+11),
( 3.176, 1.49e+11),
( 3.179, 1.48e+11),
( 3.183, 1.48e+11),
( 3.186, 1.48e+11),
( 3.189, 1.48e+11),
( 3.193, 1.49e+11),
( 3.196, 1.49e+11),
( 3.200, 1.49e+11),
( 3.203, 1.49e+11),
( 3.206, 1.48e+11),
( 3.210, 1.48e+11),
( 3.213, 1.48e+11),
( 3.216, 1.48e+11),
( 3.220, 1.47e+11),
( 3.223, 1.47e+11),
( 3.227, 1.46e+11),
( 3.230, 1.44e+11),
( 3.233, 1.44e+11),
( 3.237, 1.45e+11),
( 3.240, 1.45e+11),
( 3.243, 1.43e+11),
( 3.247, 1.42e+11),
( 3.250, 1.42e+11),
( 3.254, 1.41e+11),
( 3.257, 1.40e+11),
( 3.260, 1.39e+11),
( 3.264, 1.37e+11),
( 3.267, 1.36e+11),
( 3.270, 1.34e+11),
( 3.274, 1.33e+11),
( 3.277, 1.31e+11),
( 3.280, 1.28e+11),
( 3.284, 1.26e+11),
( 3.287, 1.24e+11),
( 3.291, 1.21e+11),
( 3.294, 1.19e+11),
( 3.297, 1.18e+11),
( 3.301, 1.16e+11),
( 3.304, 1.15e+11),
( 3.307, 1.14e+11),
( 3.311, 1.12e+11),
( 3.314, 1.10e+11),
( 3.318, 1.08e+11),
( 3.321, 1.07e+11),
( 3.324, 1.06e+11),
( 3.328, 1.05e+11),
( 3.331, 1.05e+11),
( 3.334, 1.04e+11),
( 3.338, 1.02e+11),
( 3.341, 1.00e+11),
( 3.345, 9.87e+10),
( 3.348, 9.76e+10),
( 3.351, 9.68e+10),
( 3.355, 9.57e+10),
( 3.358, 9.54e+10),
( 3.362, 9.49e+10),
( 3.365, 9.39e+10),
( 3.368, 9.20e+10),
( 3.372, 9.11e+10),
( 3.375, 8.96e+10),
( 3.378, 8.73e+10),
( 3.382, 8.57e+10),
( 3.385, 8.51e+10),
( 3.389, 8.38e+10),
( 3.392, 8.27e+10),
( 3.395, 8.23e+10),
( 3.399, 8.12e+10),
( 3.402, 7.98e+10),
( 3.405, 7.88e+10),
( 3.409, 7.77e+10),
( 3.412, 7.70e+10),
( 3.416, 7.66e+10),
( 3.419, 7.58e+10),
( 3.422, 7.48e+10),
( 3.426, 7.41e+10),
( 3.429, 7.24e+10),
( 3.432, 7.10e+10),
( 3.436, 6.99e+10),
( 3.439, 6.95e+10),
( 3.443, 6.89e+10),
( 3.446, 6.90e+10),
( 3.449, 6.89e+10),
( 3.453, 6.73e+10),
( 3.456, 6.62e+10),
( 3.459, 6.53e+10),
( 3.463, 6.49e+10),
( 3.466, 6.34e+10),
( 3.470, 6.18e+10),
( 3.473, 6.08e+10),
( 3.476, 5.95e+10),
( 3.480, 5.93e+10),
( 3.483, 5.86e+10),
( 3.486, 5.83e+10),
( 3.490, 5.77e+10),
( 3.493, 5.76e+10),
( 3.496, 5.70e+10),
( 3.500, 5.63e+10),
( 3.503, 5.52e+10),
( 3.507, 5.45e+10),
( 3.510, 5.34e+10),
( 3.513, 5.25e+10),
( 3.517, 5.25e+10),
( 3.520, 5.19e+10),
( 3.523, 5.10e+10),
( 3.527, 5.04e+10),
( 3.530, 4.98e+10),
( 3.534, 4.90e+10),
( 3.537, 4.82e+10),
( 3.540, 4.72e+10),
( 3.544, 4.59e+10),
( 3.547, 4.62e+10),
( 3.550, 4.60e+10),
( 3.554, 4.54e+10),
( 3.557, 4.52e+10),
( 3.561, 4.43e+10),
( 3.564, 4.30e+10),
( 3.567, 4.25e+10),
( 3.571, 4.22e+10),
( 3.574, 4.21e+10),
( 3.578, 4.27e+10),
( 3.581, 4.29e+10),
( 3.584, 4.23e+10),
( 3.588, 4.13e+10),
( 3.591, 4.11e+10),
( 3.594, 4.09e+10),
( 3.598, 4.09e+10),
( 3.601, 4.02e+10),
( 3.605, 3.85e+10),
( 3.608, 3.82e+10),
( 3.611, 3.80e+10),
( 3.615, 3.74e+10),
( 3.618, 3.65e+10),
( 3.621, 3.60e+10),
( 3.625, 3.47e+10),
( 3.628, 3.40e+10),
( 3.632, 3.37e+10),
( 3.635, 3.28e+10),
( 3.638, 3.22e+10),
( 3.642, 3.16e+10),
( 3.645, 3.12e+10),
( 3.648, 3.05e+10),
( 3.652, 3.01e+10),
( 3.655, 3.03e+10),
( 3.659, 3.06e+10),
( 3.662, 3.06e+10),
( 3.665, 3.12e+10),
( 3.669, 3.06e+10),
( 3.672, 2.97e+10),
( 3.675, 2.91e+10),
( 3.679, 2.85e+10),
( 3.682, 2.83e+10),
( 3.686, 2.83e+10),
( 3.689, 2.80e+10),
( 3.692, 2.74e+10),
( 3.696, 2.65e+10),
( 3.699, 2.65e+10),
( 3.702, 2.65e+10),
( 3.706, 2.56e+10),
( 3.709, 2.51e+10),
( 3.712, 2.42e+10),
( 3.716, 2.40e+10),
( 3.719, 2.36e+10),
( 3.723, 2.35e+10),
( 3.726, 2.31e+10),
( 3.729, 2.32e+10),
( 3.733, 2.28e+10),
( 3.736, 2.26e+10),
( 3.739, 2.19e+10),
( 3.743, 2.23e+10),
( 3.746, 2.18e+10),
( 3.750, 2.04e+10),
( 3.753, 2.02e+10),
( 3.756, 1.95e+10),
( 3.760, 1.91e+10),
( 3.763, 1.92e+10),
( 3.766, 1.89e+10),
( 3.770, 1.90e+10),
( 3.773, 1.83e+10),
( 3.777, 1.84e+10),
( 3.780, 1.88e+10),
( 3.783, 1.98e+10),
( 3.787, 2.06e+10),
( 3.790, 1.99e+10),
( 3.794, 1.85e+10),
( 3.797, 1.80e+10),
( 3.800, 1.79e+10),
( 3.804, 1.80e+10),
( 3.807, 1.82e+10),
( 3.810, 1.83e+10),
( 3.814, 1.79e+10),
( 3.817, 1.75e+10),
( 3.821, 1.64e+10),
( 3.824, 1.60e+10),
( 3.827, 1.66e+10),
( 3.831, 1.63e+10),
( 3.834, 1.60e+10),
( 3.837, 1.50e+10),
( 3.841, 1.43e+10),
( 3.844, 1.36e+10),
( 3.848, 1.34e+10),
( 3.851, 1.35e+10),
( 3.854, 1.38e+10),
( 3.858, 1.40e+10),
( 3.861, 1.31e+10),
( 3.864, 1.26e+10),
( 3.868, 1.24e+10),
( 3.871, 1.22e+10),
( 3.875, 1.19e+10),
( 3.878, 1.20e+10),
( 3.881, 1.14e+10),
( 3.885, 1.10e+10),
( 3.888, 1.09e+10),
( 3.891, 1.11e+10),
( 3.895, 1.07e+10),
( 3.898, 1.09e+10),
( 3.902, 1.19e+10),
( 3.905, 1.24e+10),
( 3.908, 1.20e+10),
( 3.912, 1.18e+10),
( 3.915, 1.13e+10),
( 3.918, 1.11e+10),
( 3.922, 1.09e+10),
( 3.925, 1.18e+10),
( 3.928, 1.31e+10),
( 3.932, 1.32e+10),
( 3.935, 1.22e+10),
( 3.939, 1.14e+10),
( 3.942, 1.12e+10),
( 3.945, 1.06e+10),
( 3.949, 9.94e+09),
( 3.952, 9.51e+09),
( 3.955, 9.26e+09),
( 3.959, 8.97e+09),
( 3.962, 8.46e+09),
( 3.966, 9.29e+09),
( 3.969, 9.73e+09),
( 3.972, 9.16e+09),
( 3.976, 9.05e+09),
( 3.979, 9.52e+09),
( 3.982, 9.60e+09),
( 3.986, 8.75e+09),
( 3.989, 9.04e+09),
( 3.993, 9.55e+09),
( 3.996, 8.83e+09),
( 3.999, 7.99e+09),
( 4.003, 7.86e+09),
( 4.006, 7.68e+09),
( 4.010, 6.40e+09),
( 4.013, 6.23e+09),
( 4.016, 6.88e+09),
( 4.020, 7.00e+09),
( 4.023, 7.00e+09),
( 4.026, 7.43e+09),
( 4.030, 7.43e+09),
( 4.033, 6.44e+09),
( 4.037, 6.06e+09),
( 4.040, 5.64e+09),
( 4.043, 4.92e+09),
( 4.047, 5.06e+09),
( 4.050, 5.21e+09),
( 4.053, 5.07e+09),
( 4.057, 4.85e+09),
( 4.060, 4.97e+09),
( 4.064, 4.97e+09),
( 4.067, 5.09e+09),
( 4.070, 4.79e+09),
( 4.074, 4.83e+09),
( 4.077, 5.47e+09),
( 4.080, 6.41e+09),
( 4.084, 6.72e+09),
( 4.087, 7.05e+09),
( 4.091, 7.09e+09),
( 4.094, 6.78e+09),
( 4.097, 5.97e+09),
( 4.101, 5.80e+09),
( 4.104, 5.85e+09),
( 4.107, 6.04e+09),
( 4.111, 6.19e+09),
( 4.114, 5.63e+09),
( 4.118, 5.40e+09),
( 4.121, 4.90e+09),
( 4.124, 4.92e+09),
( 4.128, 3.98e+09),
( 4.131, 4.32e+09),
( 4.134, 4.00e+09),
( 4.138, 4.43e+09),
( 4.141, 4.78e+09),
( 4.144, 4.60e+09),
( 4.148, 4.03e+09),
( 4.151, 4.52e+09),
( 4.155, 5.47e+09),
( 4.158, 5.70e+09),
( 4.161, 5.83e+09),
( 4.165, 5.61e+09),
( 4.168, 5.46e+09),
( 4.171, 5.15e+09),
( 4.175, 4.89e+09),
( 4.178, 4.47e+09),
( 4.182, 3.78e+09),
( 4.185, 3.76e+09),
( 4.188, 3.50e+09),
( 4.192, 3.32e+09),
( 4.195, 2.42e+09),
( 4.198, 2.64e+09),
( 4.202, 2.94e+09),
( 4.205, 2.39e+09),
( 4.209, 2.40e+09),
( 4.212, 2.56e+09),
( 4.215, 2.76e+09),
( 4.219, 3.46e+09),
( 4.222, 4.15e+09),
( 4.226, 4.52e+09),
( 4.229, 4.75e+09),
( 4.232, 5.08e+09),
( 4.236, 5.72e+09),
( 4.239, 5.18e+09),
( 4.242, 4.59e+09),
( 4.246, 3.43e+09),
( 4.249, 3.41e+09),
( 4.253, 4.43e+09),
( 4.256, 4.61e+09),
( 4.259, 4.23e+09),
( 4.263, 4.51e+09),
( 4.266, 4.08e+09),
( 4.269, 3.05e+09),
( 4.273, 2.91e+09),
( 4.276, 3.63e+09),
( 4.280, 5.09e+09),
( 4.283, 5.73e+09),
( 4.286, 4.51e+09),
( 4.290, 3.81e+09),
( 4.293, 3.78e+09),
( 4.296, 3.85e+09),
( 4.300, 4.23e+09),
( 4.303, 4.52e+09),
( 4.307, 4.67e+09),
( 4.310, 4.36e+09),
( 4.313, 5.13e+09),
( 4.317, 5.80e+09),
( 4.320, 5.46e+09),
( 4.323, 5.80e+09),
( 4.327, 6.17e+09),
( 4.330, 6.21e+09),
( 4.334, 6.02e+09),
( 4.337, 6.07e+09),
( 4.340, 6.12e+09),
( 4.344, 5.42e+09),
( 4.347, 5.53e+09),
( 4.350, 4.85e+09),
( 4.354, 4.46e+09),
( 4.357, 4.48e+09),
( 4.360, 4.85e+09),
( 4.364, 5.74e+09),
( 4.367, 5.39e+09),
( 4.371, 4.59e+09),
( 4.374, 4.76e+09),
( 4.377, 4.59e+09),
( 4.381, 4.34e+09),
( 4.384, 4.31e+09),
( 4.387, 4.12e+09),
( 4.391, 3.31e+09),
( 4.394, 3.00e+09),
( 4.398, 2.67e+09),
( 4.401, 2.74e+09),
( 4.404, 3.37e+09),
( 4.408, 4.18e+09),
( 4.411, 5.60e+09),
( 4.414, 5.31e+09),
( 4.418, 4.71e+09),
( 4.421, 4.19e+09),
( 4.425, 4.24e+09),
( 4.428, 4.08e+09),
( 4.431, 4.19e+09),
( 4.435, 4.80e+09),
( 4.438, 4.15e+09),
( 4.442, 3.93e+09),
( 4.445, 4.28e+09),
( 4.448, 4.32e+09),
( 4.452, 3.49e+09),
( 4.455, 2.92e+09),
( 4.458, 2.12e+09),
( 4.462, 1.76e+09),
( 4.465, 1.06e+09),
( 4.469, 2.33e+08),
( 4.472, 4.40e+08),
( 4.475, 5.98e+08),
( 4.479, 6.64e+08),
( 4.482, 1.08e+09),
( 4.485, 1.09e+09),
( 4.489, 1.74e+09),
( 4.492, 2.17e+09),
( 4.496, 1.50e+09),
( 4.499, 1.20e+09),
( 4.502, 1.23e+09),
( 4.506, 1.30e+09),
( 4.509, 1.58e+09),
( 4.512, 2.64e+09),
( 4.516, 3.60e+09),
( 4.519, 3.92e+09),
( 4.523, 3.85e+09),
( 4.526, 3.43e+09),
( 4.529, 3.06e+09),
( 4.533, 3.33e+09),
( 4.536, 3.38e+09),
( 4.539, 3.13e+09),
( 4.543, 3.09e+09),
( 4.546, 3.33e+09),
( 4.550, 2.98e+09),
( 4.553, 2.72e+09),
( 4.556, 3.87e+09),
( 4.560, 4.40e+09),
( 4.563, 4.63e+09),
( 4.566, 3.87e+09),
( 4.570, 2.48e+09),
( 4.573, 2.11e+09),
( 4.576, 2.40e+09),
( 4.580, 2.72e+09),
( 4.583, 2.80e+09),
( 4.587, 3.51e+09),
( 4.590, 4.61e+09),
( 4.593, 4.20e+09),
( 4.597, 3.37e+09),
( 4.600, 2.81e+09),
( 4.603, 2.66e+09),
( 4.607, 2.70e+09),
( 4.610, 3.20e+09),
( 4.614, 3.35e+09),
( 4.617, 3.62e+09),
( 4.620, 3.63e+09),
( 4.624, 3.41e+09),
( 4.627, 4.40e+09),
( 4.630, 5.81e+09),
( 4.634, 6.02e+09),
( 4.637, 5.67e+09),
( 4.641, 4.98e+09),
( 4.644, 4.28e+09),
( 4.647, 4.05e+09),
( 4.651, 3.40e+09),
( 4.654, 3.28e+09),
( 4.657, 3.73e+09),
( 4.661, 3.14e+09),
( 4.664, 3.04e+09),
( 4.668, 3.48e+09),
( 4.671, 3.78e+09),
( 4.674, 3.16e+09),
( 4.678, 2.91e+09),
( 4.681, 3.80e+09),
( 4.685, 3.80e+09),
( 4.688, 4.10e+09),
( 4.691, 4.27e+09),
( 4.695, 3.97e+09),
( 4.698, 3.88e+09),
( 4.701, 3.61e+09),
( 4.705, 2.39e+09),
( 4.708, 1.09e+09),
( 4.712, 6.87e+08),
( 4.715, 1.44e+09),
( 4.718, 1.60e+09),
( 4.722, 1.52e+09),
( 4.725, 2.34e+09),
( 4.728, 3.06e+09),
( 4.732, 2.74e+09),
( 4.735, 1.93e+09),
( 4.739, 2.09e+09),
( 4.742, 2.40e+09),
( 4.745, 2.30e+09),
( 4.749, 1.62e+09),
( 4.752, 1.59e+09),
( 4.755, 1.56e+09),
( 4.759, 3.32e+08),
( 4.762, 1.15e+08),
( 4.766, 7.49e+08),
( 4.769, 4.01e+08),
( 4.772,-1.35e+07),
( 4.776, 7.00e+08),
( 4.779, 2.21e+09),
( 4.782, 3.33e+09),
( 4.786, 4.24e+09),
( 4.789, 4.43e+09),
( 4.792, 4.42e+09),
( 4.796, 3.89e+09),
( 4.799, 3.23e+09),
( 4.803, 2.67e+09),
( 4.806, 2.82e+09),
( 4.809, 2.36e+09),
( 4.813, 2.37e+09),
( 4.816, 2.53e+09),
( 4.819, 3.25e+09),
( 4.823, 3.41e+09),
( 4.826, 2.08e+09),
( 4.830, 1.50e+09),
( 4.833, 1.89e+09),
( 4.836, 2.27e+09),
( 4.840, 2.47e+09),
( 4.843, 2.16e+09),
( 4.846, 2.13e+09),
( 4.850, 2.93e+09),
( 4.853, 2.42e+09),
( 4.857, 2.01e+09),
( 4.860, 1.17e+09),
( 4.863, 3.74e+08),
( 4.867, 2.56e+08),
( 4.870, 1.04e+09),
( 4.873, 8.94e+08),
( 4.877, 1.70e+09),
( 4.880, 1.61e+09),
( 4.884, 1.16e+09),
( 4.887, 1.33e+09),
( 4.890, 1.55e+09),
( 4.894, 2.48e+09),
( 4.897, 2.45e+09),
( 4.901, 2.60e+09),
( 4.904, 2.42e+09),
( 4.907, 2.57e+09),
( 4.911, 2.83e+09),
( 4.914, 2.98e+09),
( 4.917, 2.59e+09),
( 4.921, 2.19e+09),
( 4.924, 2.69e+09),
( 4.928, 2.94e+09),
( 4.931, 3.10e+09),
( 4.934, 3.10e+09),
( 4.938, 2.87e+09),
( 4.941, 2.44e+09),
( 4.944, 2.74e+09),
( 4.948, 3.15e+09),
( 4.951, 2.63e+09),
( 4.955, 2.33e+09),
( 4.958, 2.44e+09),
( 4.961, 2.50e+09),
( 4.965, 3.15e+09),
( 4.968, 2.45e+09),
( 4.971, 2.13e+09),
( 4.975, 3.46e+09),
( 4.978, 3.09e+09),
( 4.982, 2.97e+09),
( 4.985, 2.51e+09),
( 4.988, 3.07e+09),
( 4.992, 4.05e+09),
( 4.995, 3.56e+09),
( 4.998, 3.23e+09),
( 5.002, 3.28e+09),
( 5.005, 3.61e+09),
( 5.008, 3.17e+09),
( 5.012, 2.56e+09),
( 5.015, 2.10e+09),
( 5.019, 2.33e+09),
( 5.022, 2.03e+09),
( 5.025, 9.99e+08),
( 5.029, 1.36e+09),
( 5.032, 2.61e+09),
( 5.035, 2.45e+09),
( 5.039, 2.24e+09),
( 5.042, 3.05e+09),
( 5.046, 3.08e+09),
( 5.049, 2.15e+09),
( 5.052, 1.57e+09),
( 5.056, 7.82e+08),
( 5.059, 7.79e+08),
( 5.062, 1.55e+09),
( 5.066, 1.09e+09),
( 5.069, 4.63e+08),
( 5.073, 1.68e+09),
( 5.076, 2.04e+09),
( 5.079, 1.82e+09),
( 5.083, 1.71e+09),
( 5.086, 9.10e+08),
( 5.089, 6.90e+08),
( 5.093, 1.37e+09),
( 5.096, 2.14e+09),
( 5.100, 2.61e+09),
( 5.103, 2.22e+09),
( 5.106, 1.62e+09),
( 5.110, 7.49e+08),
( 5.113, 5.58e+08),
( 5.117, 5.32e+08),
( 5.120, 5.42e+08),
( 5.123, 4.53e+08),
( 5.127, 7.62e+08),
( 5.130, 7.42e+08),
( 5.133, 9.23e+08),
( 5.137, 1.60e+09),
( 5.140, 1.65e+09),
( 5.144, 1.28e+09),
( 5.147, 1.03e+09),
( 5.150, 1.28e+07),
( 5.154, 4.43e+08),
( 5.157, 1.84e+09),
( 5.160, 1.10e+09),
( 5.164, 1.03e+09),
( 5.167, 1.30e+09),
( 5.171, 1.42e+09),
( 5.174, 1.48e+09),
( 5.177, 1.30e+09),
( 5.181, 1.69e+09),
( 5.184, 1.55e+09),
( 5.187, 2.38e+09),
( 5.191, 2.31e+09),
( 5.194, 1.81e+09),
( 5.198, 1.27e+09),
( 5.201, 1.27e+09),
( 5.204, 1.82e+09),
( 5.208, 1.77e+09),
( 5.211, 1.33e+09),
( 5.214, 1.09e+09),
( 5.218, 1.22e+09),
( 5.221, 1.41e+09),
( 5.224, 1.78e+09),
( 5.228, 1.39e+09),
( 5.231, 1.24e+09),
( 5.235, 4.17e+08),
( 5.238,-8.91e+07),
( 5.241, 4.60e+08),
( 5.245, 1.17e+09),
( 5.248, 1.62e+09),
( 5.251, 1.70e+09),
( 5.255, 1.87e+09),
( 5.258, 2.05e+09),
( 5.262, 1.59e+09),
( 5.265, 1.65e+09),
( 5.268, 1.07e+09),
( 5.272, 7.72e+08),
( 5.275, 1.45e+09),
( 5.278, 1.58e+09),
( 5.282, 2.24e+09),
( 5.285, 1.97e+09),
( 5.289, 1.17e+09),
( 5.292, 1.40e+09),
( 5.295, 6.93e+08),
( 5.299, 5.19e+08),
( 5.302, 8.84e+08),
( 5.305, 1.71e+09),
( 5.309, 2.21e+09),
( 5.312, 2.21e+09),
( 5.316, 2.18e+09),
( 5.319, 1.63e+09),
( 5.322, 7.19e+08),
( 5.326, 6.21e+08),
( 5.329, 9.30e+08),
( 5.333, 9.17e+08),
( 5.336, 8.31e+08),
( 5.339, 1.12e+09),
( 5.343, 1.06e+09),
( 5.346, 8.87e+08),
( 5.349, 4.43e+08),
( 5.353, 1.03e+09),
( 5.356, 1.39e+09),
( 5.360, 1.54e+09),
( 5.363, 1.75e+09),
( 5.366, 3.45e+08),
( 5.370,-9.89e+07),
( 5.373, 6.87e+07),
( 5.376, 8.84e+07),
( 5.380, 1.12e+09),
( 5.383, 1.79e+09),
( 5.387, 1.62e+09),
( 5.390, 1.25e+09),
( 5.393, 1.76e+09),
( 5.397, 2.33e+09),
( 5.400, 2.48e+09),
( 5.403, 2.63e+09),
( 5.407, 2.45e+09),
( 5.410, 1.41e+09),
( 5.414, 1.60e+09),
( 5.417, 1.73e+09),
( 5.420, 1.37e+09),
( 5.424, 9.82e+08),
( 5.427, 1.42e+09),
( 5.430, 3.06e+09),
( 5.434, 3.10e+09),
( 5.437, 2.57e+09),
( 5.440, 2.27e+09),
( 5.444, 2.16e+09),
( 5.447, 2.52e+09),
( 5.451, 2.69e+09),
( 5.454, 1.63e+09),
( 5.457, 2.25e+09),
( 5.461, 2.99e+09),
( 5.464, 2.40e+09),
( 5.467, 1.93e+09),
( 5.471, 1.38e+09),
( 5.474, 6.18e+08),
( 5.478,-1.58e+08),
( 5.481, 2.40e+08),
( 5.484,-4.96e+07),
( 5.488,-7.92e+07),
( 5.491, 1.57e+08),
( 5.494, 5.39e+08),
( 5.498, 8.77e+08),
( 5.501, 8.15e+08),
( 5.505, 1.43e+09),
( 5.508, 5.55e+08),
( 5.511, 3.38e+08),
( 5.515, 5.22e+08),
( 5.518, 8.18e+08),
( 5.521, 1.38e+09),
( 5.525, 1.37e+09),
( 5.528, 8.15e+08),
( 5.532, 1.76e+09),
( 5.535, 2.66e+09),
( 5.538, 3.66e+09),
( 5.542, 3.38e+09),
( 5.545, 3.17e+09),
( 5.549, 3.67e+09),
( 5.552, 3.68e+09),
( 5.555, 2.98e+09),
( 5.559, 2.42e+09),
( 5.562, 2.73e+09),
( 5.565, 3.00e+09),
( 5.569, 3.83e+09),
( 5.572, 3.97e+09),
( 5.576, 3.31e+09),
( 5.579, 2.99e+09),
( 5.582, 2.51e+09),
( 5.586, 1.77e+09),
( 5.589, 2.08e+09),
( 5.592, 2.32e+09),
( 5.596, 2.33e+09),
( 5.599, 2.20e+09),
( 5.603, 1.65e+09),
( 5.606, 2.56e+09),
( 5.609, 2.38e+09),
( 5.613, 2.49e+09),
( 5.616, 1.84e+09),
( 5.619, 2.03e+09),
( 5.623, 1.53e+09),
( 5.626, 1.05e+09),
( 5.630, 1.13e+09),
( 5.633, 1.61e+09),
( 5.636, 1.32e+09),
( 5.640, 1.44e+09),
( 5.643, 1.29e+09),
( 5.646, 5.16e+08),
( 5.650, 4.70e+08),
( 5.653, 7.16e+08),
( 5.656, 9.17e+08),
( 5.660, 1.12e+09),
( 5.663, 1.58e+09),
( 5.667, 1.58e+09),
( 5.670, 1.56e+09),
( 5.673, 2.07e+09),
( 5.677, 1.71e+09),
( 5.680, 1.34e+09),
( 5.683, 1.25e+09),
( 5.687, 4.14e+08),
( 5.690, 5.09e+08),
( 5.694, 2.20e+08),
( 5.697, 6.67e+08),
( 5.700, 9.99e+08),
( 5.704,-5.29e+07),
( 5.707, 2.89e+08),
( 5.710, 9.76e+08),
( 5.714, 7.49e+08),
( 5.717, 8.18e+08),
( 5.721, 6.31e+08),
( 5.724, 7.52e+08),
( 5.727, 8.71e+08),
( 5.731, 1.01e+09),
( 5.734, 1.58e+09),
( 5.737, 1.58e+09),
( 5.741, 1.32e+09),
( 5.744, 1.56e+09),
( 5.748, 1.36e+09),
( 5.751, 9.43e+08),
( 5.754, 1.99e+09),
( 5.758, 2.30e+09),
( 5.761, 1.57e+09),
( 5.765, 8.35e+08),
( 5.768, 2.95e+08),
( 5.771, 4.89e+08),
( 5.775, 2.20e+08),
( 5.778, 2.79e+08),
( 5.781,-8.91e+07),
( 5.785,-5.62e+07),
( 5.788, 4.40e+08),
( 5.792, 4.89e+08),
( 5.795, 2.00e+08),
( 5.798, 2.72e+08),
( 5.802, 5.03e+08),
( 5.805, 2.07e+08),
( 5.808,-2.17e+08),
( 5.812,-9.01e+08),
( 5.815,-5.56e+08),
( 5.819, 1.18e+08),
( 5.822, 3.25e+07),
( 5.825, 2.89e+08),
( 5.829, 6.01e+08),
( 5.832, 3.45e+08),
( 5.835, 5.85e+08),
( 5.839, 8.67e+08),
( 5.842, 5.45e+08),
( 5.846, 1.72e+09),
( 5.849, 1.76e+09),
( 5.852, 1.80e+09),
( 5.856, 2.02e+09),
( 5.859, 2.01e+09),
( 5.862, 2.42e+09),
( 5.866, 2.67e+09),
( 5.869, 2.62e+09),
( 5.872, 2.28e+09),
( 5.876, 1.71e+09),
( 5.879, 1.32e+09),
( 5.883, 1.46e+09),
( 5.886, 9.96e+08),
( 5.889, 1.21e+09),
( 5.893, 1.62e+09),
( 5.896, 1.84e+09),
( 5.899, 2.08e+09),
( 5.903, 2.27e+09),
( 5.906, 1.50e+09),
( 5.910, 8.90e+08),
( 5.913, 1.16e+09),
( 5.916, 9.36e+08),
( 5.920, 8.51e+08),
( 5.923,-1.05e+08),
( 5.926, 2.20e+08),
( 5.930, 4.80e+08),
( 5.933, 4.30e+08),
( 5.937, 7.86e+07),
( 5.940, 1.57e+08),
( 5.943, 8.58e+08),
( 5.947, 1.43e+09),
( 5.950, 1.49e+09),
( 5.953, 1.09e+09),
( 5.957, 8.90e+08),
( 5.960, 1.08e+09),
( 5.964, 8.05e+08),
( 5.967, 1.47e+09),
( 5.970, 1.22e+09),
( 5.974, 1.34e+09),
( 5.977, 1.20e+09),
( 5.981, 1.22e+09),
( 5.984, 3.25e+08),
( 5.987, 8.05e+08),
( 5.991, 1.98e+09),
( 5.994, 1.49e+09),
( 5.997, 8.71e+08),
( 6.001, 1.12e+09),
( 6.004, 4.34e+08),
( 6.008, 8.71e+08),
( 6.011, 5.68e+08),
( 6.014, 2.26e+08),
( 6.018, 1.71e+08),
( 6.021, 5.23e+07),
( 6.024,-7.96e+08),
( 6.028,-1.17e+09),
( 6.031,-9.70e+08),
( 6.035,-5.62e+07),
( 6.038, 2.36e+08),
( 6.041, 4.27e+08),
( 6.045, 6.08e+08),
( 6.048, 1.06e+09),
( 6.051, 9.86e+08),
( 6.055, 1.23e+09),
( 6.058, 4.20e+08),
( 6.062, 1.15e+08),
( 6.065, 1.25e+09),
( 6.068, 1.12e+09),
( 6.072, 6.96e+08),
( 6.075, 7.75e+08),
( 6.078, 5.22e+08),
( 6.082, 2.95e+08),
( 6.085, 7.10e+08),
( 6.088, 7.10e+08),
( 6.092, 7.16e+08),
( 6.095, 5.91e+08),
( 6.099, 4.76e+08),
( 6.102, 9.27e+08),
( 6.105, 6.96e+08),
( 6.109, 1.12e+09),
( 6.112, 1.38e+09),
( 6.115, 6.54e+08),
( 6.119,-2.04e+08),
( 6.122,-2.04e+08),
( 6.126, 5.42e+08),
( 6.129, 1.15e+09),
( 6.132, 9.04e+08),
( 6.136, 8.15e+08),
( 6.139, 6.60e+08),
( 6.142, 8.51e+08),
( 6.146, 2.66e+08),
( 6.149,-1.15e+08),
( 6.153,-3.65e+07),
( 6.156,-1.12e+08),
( 6.159, 3.05e+08),
( 6.163, 9.33e+08),
( 6.166, 1.17e+09),
( 6.169, 8.58e+08),
( 6.173, 4.60e+08),
( 6.176, 3.05e+08),
( 6.180, 2.99e+08),
( 6.183,-7.59e+07),
( 6.186,-3.22e+08),
( 6.190,-1.52e+08),
( 6.193,-5.95e+07),
( 6.197, 5.88e+08),
( 6.200, 1.37e+09),
( 6.203, 2.24e+09),
( 6.207, 2.25e+09),
( 6.210, 1.50e+09),
( 6.213, 1.11e+08),
( 6.217,-7.07e+08),
( 6.220,-2.83e+08),
( 6.224, 3.25e+08),
( 6.227, 5.55e+08),
( 6.230, 8.51e+07),
( 6.234, 5.75e+08),
( 6.237, 3.41e+08),
( 6.240,-1.02e+08),
( 6.244, 2.49e+08),
( 6.247, 1.08e+09),
( 6.251, 6.21e+08),
( 6.254,-2.73e+08),
( 6.257, 4.60e+08),
( 6.261, 6.37e+08),
( 6.264, 4.43e+08),
( 6.267, 6.11e+08),
( 6.271, 1.10e+09),
( 6.274, 1.25e+09),
( 6.278, 1.66e+09),
( 6.281, 9.53e+08),
( 6.284, 5.72e+08),
( 6.288, 9.50e+07),
( 6.291, 5.56e+07),
( 6.294, 7.42e+08),
( 6.298, 1.31e+09),
( 6.301, 1.68e+09),
( 6.304, 1.75e+09),
( 6.308, 8.51e+08),
( 6.311, 4.83e+08),
( 6.315, 4.20e+08),
( 6.318, 6.50e+08),
( 6.321, 1.50e+09),
( 6.325, 9.36e+08),
( 6.328, 5.75e+08),
( 6.331, 8.02e+08),
( 6.335, 1.07e+09),
( 6.338, 3.61e+08),
( 6.342, 6.73e+08),
( 6.345, 1.49e+09),
( 6.348, 8.64e+08),
( 6.352, 4.93e+08),
( 6.355, 9.07e+08),
( 6.358, 7.26e+08),
( 6.362, 4.07e+08),
( 6.365, 9.10e+08),
( 6.369, 1.42e+09),
( 6.372, 1.13e+09),
( 6.375, 4.57e+08),
( 6.379, 1.47e+09),
( 6.382, 1.22e+09),
( 6.386, 4.40e+08),
( 6.389, 5.29e+08),
( 6.392,-8.91e+07),
( 6.396,-9.24e+08),
( 6.399,-1.40e+09),
( 6.402,-1.16e+09),
( 6.406,-5.62e+08),
( 6.409,-3.65e+07),
( 6.413,-8.55e+08),
( 6.416,-9.60e+08),
( 6.419,-7.83e+08),
( 6.423,-1.53e+09),
( 6.426,-1.58e+09),
( 6.429,-1.19e+09),
( 6.433,-1.05e+09),
( 6.436,-9.80e+08),
( 6.440,-8.22e+08),
( 6.443,-3.95e+08),
( 6.446,-3.49e+08),
( 6.450,-2.24e+08),
( 6.453,-1.14e+09),
( 6.456,-4.37e+08),
( 6.460, 4.43e+08),
( 6.463, 6.73e+08),
( 6.467, 6.24e+08),
( 6.470, 2.00e+08),
( 6.473,-3.49e+08),
( 6.477,-5.69e+08),
( 6.480,-4.54e+08),
( 6.483,-9.14e+08),
( 6.487,-4.34e+08),
( 6.490,-1.24e+09),
( 6.494,-1.68e+09),
( 6.497,-2.36e+09)]
