Bolide Detection Notification: 2002-062

At 21:10:55 UT on 03 Mar 2002, sensors aboard U. S. Government satellites recorded
the flash signature of a large meteoroid entry into the atmosphere. Location of the
flash  was Lat 37.5N, Lon 154.0E.

Based upon the visible-light intensity-time signature, peak brightness of the flash
was  determined to be approximately 8.7E9 watts/steradian, and total radiated flash
energy  8.2E10 joules (6000K blackbody model).

Intensity-time signature of the event and integrated intensity are depicted on the
plots  below. On the intensity-time plot, one count on vertical axis corresponds to
2.35E8  watts/steradian. On the integrated intensity plot, one count represents
2.96E9 joules  radiated energy.

Peak Intensity = 8.68e+09 watts/steradian
Total Energy   = 8.44e+10 joules

Intensity=[
(-1.499,-2.11e+08),
(-1.495,-7.44e+06),
(-1.492, 2.19e+08),
(-1.488, 5.10e+08),
(-1.485, 3.68e+08),
(-1.482, 2.03e+07),
(-1.478, 1.27e+08),
(-1.475, 5.61e+08),
(-1.471, 2.14e+08),
(-1.468,-1.04e+08),
(-1.465,-1.06e+08),
(-1.461, 2.70e+08),
(-1.458, 3.22e+08),
(-1.455, 3.70e+08),
(-1.451, 7.59e+08),
(-1.448, 1.28e+09),
(-1.445, 8.87e+08),
(-1.441, 8.78e+08),
(-1.438, 5.62e+08),
(-1.434, 6.22e+08),
(-1.431, 6.67e+08),
(-1.428, 1.21e+09),
(-1.424, 7.70e+08),
(-1.421, 6.30e+08),
(-1.417, 5.85e+08),
(-1.414,-9.67e+07),
(-1.411,-3.61e+08),
(-1.407,-3.62e+08),
(-1.404,-6.45e+08),
(-1.401,-7.98e+08),
(-1.397,-8.85e+08),
(-1.394,-3.60e+08),
(-1.391, 9.77e+07),
(-1.387, 2.05e+08),
(-1.384, 2.95e+08),
(-1.380, 3.13e+07),
(-1.377,-3.72e+07),
(-1.374,-5.84e+07),
(-1.370, 5.30e+07),
(-1.367,-4.16e+07),
(-1.364,-8.76e+07),
(-1.360, 2.31e+08),
(-1.357, 3.43e+08),
(-1.353, 1.61e+08),
(-1.350,-3.46e+07),
(-1.347,-5.16e+08),
(-1.343,-9.40e+08),
(-1.340,-6.79e+08),
(-1.336,-6.12e+08),
(-1.333,-6.06e+08),
(-1.330,-3.06e+08),
(-1.326, 1.24e+08),
(-1.323,-3.62e+07),
(-1.320,-2.92e+08),
(-1.316,-3.81e+08),
(-1.313,-6.15e+08),
(-1.310,-4.83e+08),
(-1.306,-3.08e+08),
(-1.303,-3.42e+08),
(-1.299,-1.25e+08),
(-1.296, 1.63e+08),
(-1.293, 5.27e+07),
(-1.289,-4.84e+08),
(-1.286,-2.45e+08),
(-1.282,-1.28e+08),
(-1.279,-6.34e+08),
(-1.276,-4.47e+08),
(-1.272,-1.38e+08),
(-1.269, 5.06e+07),
(-1.266,-1.77e+08),
(-1.262, 9.07e+07),
(-1.259, 1.92e+08),
(-1.256,-2.47e+08),
(-1.252,-5.15e+08),
(-1.249,-1.19e+08),
(-1.245, 4.84e+07),
(-1.242,-6.05e+07),
(-1.239,-4.43e+08),
(-1.235,-4.78e+08),
(-1.232,-6.83e+08),
(-1.229,-4.26e+08),
(-1.225,-4.40e+08),
(-1.222,-3.54e+08),
(-1.218,-3.73e+08),
(-1.215,-7.32e+07),
(-1.212, 3.17e+08),
(-1.208, 2.39e+08),
(-1.205, 2.23e+07),
(-1.201,-3.76e+08),
(-1.198,-6.81e+08),
(-1.195,-4.95e+08),
(-1.191,-4.28e+08),
(-1.188,-1.69e+08),
(-1.185, 2.41e+08),
(-1.181, 1.84e+08),
(-1.178, 1.45e+08),
(-1.175,-5.13e+07),
(-1.171, 5.48e+07),
(-1.168, 4.25e+08),
(-1.164, 2.10e+08),
(-1.161, 3.17e+08),
(-1.158,-5.10e+07),
(-1.154,-5.46e+07),
(-1.151, 1.45e+08),
(-1.147, 2.66e+08),
(-1.144, 3.17e+08),
(-1.141, 7.38e+08),
(-1.137, 7.87e+08),
(-1.134, 8.73e+08),
(-1.131, 6.20e+08),
(-1.127, 1.69e+08),
(-1.124, 3.87e+08),
(-1.121, 4.19e+08),
(-1.117, 6.41e+08),
(-1.114, 5.14e+08),
(-1.110, 3.30e+08),
(-1.107, 3.70e+08),
(-1.104, 6.93e+08),
(-1.100, 1.04e+09),
(-1.097, 6.60e+08),
(-1.094, 1.43e+08),
(-1.090, 7.52e+07),
(-1.087, 2.32e+08),
(-1.083, 4.19e+08),
(-1.080, 8.02e+08),
(-1.077, 8.65e+08),
(-1.073, 1.08e+09),
(-1.070, 8.14e+08),
(-1.066, 9.74e+08),
(-1.063, 1.33e+09),
(-1.060, 1.02e+09),
(-1.056, 9.10e+08),
(-1.053, 6.42e+08),
(-1.050, 2.67e+08),
(-1.046, 5.24e+07),
(-1.043, 4.26e+08),
(-1.040, 5.32e+08),
(-1.036, 5.45e+08),
(-1.033, 5.50e+08),
(-1.029, 2.39e+08),
(-1.026, 1.46e+08),
(-1.023, 5.15e+08),
(-1.019, 6.63e+08),
(-1.016, 4.41e+08),
(-1.012, 6.20e+08),
(-1.009, 3.27e+08),
(-1.006, 1.79e+08),
(-1.002, 3.00e+08),
(-0.999,-1.19e+08),
(-0.996,-1.22e+08),
(-0.992, 1.46e+08),
(-0.989, 5.26e+08),
(-0.986, 5.06e+08),
(-0.982, 6.12e+08),
(-0.979, 1.22e+09),
(-0.975, 1.37e+09),
(-0.972, 7.42e+08),
(-0.969, 4.92e+08),
(-0.965,-1.36e+06),
(-0.962,-1.72e+08),
(-0.959,-3.64e+07),
(-0.955, 2.75e+08),
(-0.952, 3.71e+08),
(-0.948, 5.43e+08),
(-0.945, 8.42e+08),
(-0.942, 3.73e+08),
(-0.938, 1.15e+07),
(-0.935,-7.22e+07),
(-0.931,-1.25e+08),
(-0.928,-1.17e+07),
(-0.925, 2.42e+08),
(-0.921, 1.72e+08),
(-0.918, 1.81e+08),
(-0.915, 3.63e+08),
(-0.911, 3.51e+07),
(-0.908, 4.02e+08),
(-0.905, 6.04e+08),
(-0.901, 5.35e+08),
(-0.898, 2.56e+08),
(-0.894, 1.16e+08),
(-0.891, 2.82e+08),
(-0.888, 5.19e+08),
(-0.884, 4.17e+08),
(-0.881, 1.61e+07),
(-0.877, 4.25e+08),
(-0.874, 1.57e+08),
(-0.871,-1.07e+08),
(-0.867, 1.56e+08),
(-0.864, 1.72e+08),
(-0.861, 2.45e+08),
(-0.857, 2.19e+08),
(-0.854, 2.25e+08),
(-0.851,-4.26e+07),
(-0.847, 2.12e+08),
(-0.844, 1.28e+08),
(-0.840,-3.16e+07),
(-0.837,-1.65e+07),
(-0.834, 3.41e+07),
(-0.830, 6.37e+07),
(-0.827,-8.01e+07),
(-0.824,-1.08e+08),
(-0.820,-8.40e+07),
(-0.817,-6.92e+07),
(-0.813, 1.03e+08),
(-0.810,-2.05e+08),
(-0.807,-4.26e+08),
(-0.803,-8.13e+08),
(-0.800,-2.75e+08),
(-0.796, 3.37e+08),
(-0.793, 8.10e+08),
(-0.790, 5.83e+08),
(-0.786, 5.16e+08),
(-0.783, 9.76e+08),
(-0.780, 9.33e+08),
(-0.776, 6.26e+08),
(-0.773, 6.68e+08),
(-0.770, 5.15e+08),
(-0.766, 5.56e+08),
(-0.763, 1.44e+08),
(-0.759,-7.65e+07),
(-0.756, 9.48e+06),
(-0.753,-3.16e+08),
(-0.749, 7.51e+06),
(-0.746,-1.52e+07),
(-0.742,-1.48e+08),
(-0.739, 1.30e+08),
(-0.736,-8.06e+07),
(-0.732,-2.60e+08),
(-0.729, 1.75e+07),
(-0.726, 5.24e+08),
(-0.722, 2.71e+08),
(-0.719, 3.88e+08),
(-0.716, 3.56e+08),
(-0.712, 1.92e+08),
(-0.709, 2.63e+08),
(-0.705, 9.94e+07),
(-0.702,-2.34e+08),
(-0.699, 1.48e+08),
(-0.695, 2.44e+08),
(-0.692,-3.02e+08),
(-0.689,-3.51e+07),
(-0.685, 6.11e+07),
(-0.682,-3.75e+08),
(-0.678,-2.24e+08),
(-0.675,-1.18e+08),
(-0.672,-5.23e+08),
(-0.668,-6.85e+08),
(-0.665,-3.90e+08),
(-0.661,-6.38e+07),
(-0.658, 3.73e+07),
(-0.655,-8.67e+07),
(-0.651,-4.15e+07),
(-0.648,-4.03e+08),
(-0.645,-3.21e+08),
(-0.641,-1.52e+08),
(-0.638, 3.35e+07),
(-0.635, 2.13e+08),
(-0.631, 5.53e+07),
(-0.628, 4.53e+07),
(-0.624,-2.64e+08),
(-0.621,-2.84e+06),
(-0.618,-2.13e+08),
(-0.614,-4.38e+08),
(-0.611,-2.62e+07),
(-0.607,-1.01e+08),
(-0.604,-1.04e+08),
(-0.601,-4.73e+08),
(-0.597,-5.55e+08),
(-0.594,-1.62e+08),
(-0.591, 1.78e+08),
(-0.587, 2.71e+08),
(-0.584, 3.69e+08),
(-0.581, 7.69e+08),
(-0.577, 6.08e+08),
(-0.574, 6.48e+08),
(-0.570, 4.81e+08),
(-0.567, 6.95e+08),
(-0.564, 7.62e+08),
(-0.560, 6.38e+08),
(-0.557, 8.53e+08),
(-0.554, 5.25e+07),
(-0.550,-7.15e+07),
(-0.547, 3.14e+08),
(-0.543, 3.63e+08),
(-0.540, 4.16e+08),
(-0.537, 3.40e+08),
(-0.533,-2.35e+08),
(-0.530,-3.95e+08),
(-0.526,-1.63e+08),
(-0.523,-2.04e+08),
(-0.520, 8.44e+07),
(-0.516, 4.50e+07),
(-0.513, 2.75e+08),
(-0.510, 3.30e+07),
(-0.506, 2.15e+08),
(-0.503, 4.74e+08),
(-0.500, 4.06e+08),
(-0.496, 3.08e+08),
(-0.493, 4.90e+08),
(-0.489, 5.93e+08),
(-0.486, 2.21e+07),
(-0.483, 3.34e+08),
(-0.479, 5.36e+08),
(-0.476, 1.81e+08),
(-0.472, 5.19e+08),
(-0.469, 2.89e+08),
(-0.466,-2.48e+08),
(-0.462, 5.40e+07),
(-0.459, 3.55e+08),
(-0.456, 8.64e+08),
(-0.452, 9.78e+08),
(-0.449, 7.00e+08),
(-0.446, 3.84e+08),
(-0.442, 6.98e+08),
(-0.439, 7.86e+08),
(-0.435, 8.98e+08),
(-0.432, 5.24e+08),
(-0.429, 2.94e+07),
(-0.425, 3.80e+08),
(-0.422, 6.12e+08),
(-0.419, 4.31e+08),
(-0.415, 3.12e+08),
(-0.412, 3.85e+08),
(-0.408, 2.38e+08),
(-0.405, 2.48e+08),
(-0.402, 2.00e+08),
(-0.398, 5.70e+08),
(-0.395, 5.32e+08),
(-0.391, 5.21e+08),
(-0.388, 6.01e+08),
(-0.385, 6.28e+08),
(-0.381, 6.71e+08),
(-0.378, 3.48e+08),
(-0.375, 5.84e+08),
(-0.371, 4.12e+08),
(-0.368, 4.78e+08),
(-0.365, 4.25e+08),
(-0.361, 3.81e+08),
(-0.358, 5.94e+08),
(-0.354, 7.61e+08),
(-0.351, 5.03e+08),
(-0.348, 5.27e+08),
(-0.344, 5.88e+08),
(-0.341, 6.09e+08),
(-0.337, 7.24e+08),
(-0.334, 5.99e+08),
(-0.331, 2.59e+08),
(-0.327, 2.02e+08),
(-0.324, 4.31e+08),
(-0.321, 5.55e+08),
(-0.317, 5.94e+08),
(-0.314, 7.87e+08),
(-0.311, 8.72e+08),
(-0.307, 9.44e+08),
(-0.304, 3.99e+08),
(-0.300, 3.05e+08),
(-0.297, 6.81e+08),
(-0.294, 3.95e+08),
(-0.290, 8.66e+06),
(-0.287, 3.21e+08),
(-0.284, 3.62e+08),
(-0.280, 6.92e+08),
(-0.277, 3.99e+08),
(-0.273, 8.51e+07),
(-0.270, 4.45e+07),
(-0.267,-2.80e+07),
(-0.263, 1.57e+07),
(-0.260,-1.64e+08),
(-0.256,-8.96e+07),
(-0.253, 6.70e+07),
(-0.250,-1.98e+08),
(-0.246, 8.06e+07),
(-0.243, 2.01e+08),
(-0.240, 3.77e+07),
(-0.236, 2.85e+08),
(-0.233, 4.48e+08),
(-0.230, 1.21e+08),
(-0.226,-2.55e+08),
(-0.223,-1.15e+08),
(-0.219, 1.73e+08),
(-0.216, 4.99e+08),
(-0.213, 4.28e+08),
(-0.209, 1.37e+08),
(-0.206, 1.24e+08),
(-0.202, 2.37e+08),
(-0.199, 3.90e+08),
(-0.196, 7.24e+08),
(-0.192, 7.84e+08),
(-0.189, 1.18e+09),
(-0.186, 7.65e+08),
(-0.182, 4.35e+08),
(-0.179, 3.71e+08),
(-0.176, 2.58e+08),
(-0.172, 1.28e+08),
(-0.169, 9.51e+07),
(-0.165, 2.60e+08),
(-0.162,-2.06e+08),
(-0.159,-2.63e+08),
(-0.155,-1.09e+08),
(-0.152, 1.63e+08),
(-0.149, 5.56e+08),
(-0.145, 1.66e+08),
(-0.142,-3.06e+08),
(-0.138,-1.63e+08),
(-0.135,-1.44e+08),
(-0.132, 2.49e+08),
(-0.128, 5.37e+08),
(-0.125, 7.87e+07),
(-0.121,-4.78e+08),
(-0.118,-1.47e+08),
(-0.115,-2.04e+08),
(-0.111, 6.21e+07),
(-0.108,-5.03e+08),
(-0.105,-6.02e+08),
(-0.101,-2.59e+08),
(-0.098, 1.74e+08),
(-0.095,-6.40e+07),
(-0.091, 1.43e+08),
(-0.088, 4.64e+08),
(-0.084, 5.97e+08),
(-0.081, 4.31e+08),
(-0.078,-7.12e+06),
(-0.074, 1.04e+08),
(-0.071, 2.17e+08),
(-0.067, 2.13e+08),
(-0.064, 2.53e+08),
(-0.061, 2.24e+08),
(-0.057, 4.42e+08),
(-0.054, 5.89e+08),
(-0.051, 5.78e+08),
(-0.047, 9.38e+08),
(-0.044, 1.45e+09),
(-0.041, 1.40e+09),
(-0.037, 1.52e+09),
(-0.034, 1.21e+09),
(-0.030, 1.23e+09),
(-0.027, 1.40e+09),
(-0.024, 1.47e+09),
(-0.020, 1.39e+09),
(-0.017, 1.11e+09),
(-0.014, 1.60e+09),
(-0.010, 1.82e+09),
(-0.007, 1.97e+09),
(-0.003, 2.20e+09),
(-0.000, 2.76e+09),
( 0.003, 3.10e+09),
( 0.007, 3.38e+09),
( 0.010, 3.41e+09),
( 0.014, 2.90e+09),
( 0.017, 3.06e+09),
( 0.020, 2.93e+09),
( 0.024, 2.79e+09),
( 0.027, 2.15e+09),
( 0.030, 2.07e+09),
( 0.034, 1.73e+09),
( 0.037, 1.82e+09),
( 0.040, 1.42e+09),
( 0.044, 1.88e+09),
( 0.047, 1.83e+09),
( 0.051, 1.76e+09),
( 0.054, 2.09e+09),
( 0.057, 2.07e+09),
( 0.061, 2.09e+09),
( 0.064, 2.26e+09),
( 0.068, 2.76e+09),
( 0.071, 3.58e+09),
( 0.074, 3.92e+09),
( 0.078, 4.30e+09),
( 0.081, 4.22e+09),
( 0.084, 4.23e+09),
( 0.088, 4.75e+09),
( 0.091, 4.97e+09),
( 0.094, 5.41e+09),
( 0.098, 5.45e+09),
( 0.101, 5.46e+09),
( 0.105, 5.84e+09),
( 0.108, 6.03e+09),
( 0.111, 6.18e+09),
( 0.115, 6.29e+09),
( 0.118, 6.64e+09),
( 0.121, 6.22e+09),
( 0.125, 5.94e+09),
( 0.128, 6.36e+09),
( 0.132, 6.53e+09),
( 0.135, 6.50e+09),
( 0.138, 6.61e+09),
( 0.142, 6.34e+09),
( 0.145, 6.13e+09),
( 0.149, 6.79e+09),
( 0.152, 7.26e+09),
( 0.155, 7.36e+09),
( 0.159, 7.36e+09),
( 0.162, 7.30e+09),
( 0.165, 7.30e+09),
( 0.169, 6.88e+09),
( 0.172, 6.85e+09),
( 0.175, 7.17e+09),
( 0.179, 7.75e+09),
( 0.182, 7.91e+09),
( 0.186, 7.84e+09),
( 0.189, 8.20e+09),
( 0.192, 8.68e+09),
( 0.196, 8.57e+09),
( 0.199, 8.65e+09),
( 0.203, 8.23e+09),
( 0.206, 7.79e+09),
( 0.209, 7.27e+09),
( 0.213, 6.56e+09),
( 0.216, 6.29e+09),
( 0.219, 6.26e+09),
( 0.223, 5.90e+09),
( 0.226, 5.80e+09),
( 0.229, 5.75e+09),
( 0.233, 6.03e+09),
( 0.236, 5.06e+09),
( 0.240, 4.74e+09),
( 0.243, 4.93e+09),
( 0.246, 5.60e+09),
( 0.250, 5.41e+09),
( 0.253, 4.86e+09),
( 0.256, 4.61e+09),
( 0.260, 4.57e+09),
( 0.263, 4.52e+09),
( 0.267, 4.76e+09),
( 0.270, 4.69e+09),
( 0.273, 4.61e+09),
( 0.277, 4.61e+09),
( 0.280, 4.43e+09),
( 0.284, 4.79e+09),
( 0.287, 5.27e+09),
( 0.290, 5.33e+09),
( 0.294, 5.26e+09),
( 0.297, 4.94e+09),
( 0.300, 4.69e+09),
( 0.304, 4.48e+09),
( 0.307, 4.11e+09),
( 0.310, 4.53e+09),
( 0.314, 4.73e+09),
( 0.317, 4.53e+09),
( 0.321, 4.59e+09),
( 0.324, 4.96e+09),
( 0.327, 5.09e+09),
( 0.331, 4.75e+09),
( 0.334, 4.44e+09),
( 0.338, 4.67e+09),
( 0.341, 4.77e+09),
( 0.344, 4.76e+09),
( 0.348, 4.81e+09),
( 0.351, 4.24e+09),
( 0.354, 4.12e+09),
( 0.358, 4.21e+09),
( 0.361, 4.25e+09),
( 0.364, 3.96e+09),
( 0.368, 4.06e+09),
( 0.371, 3.55e+09),
( 0.375, 3.66e+09),
( 0.378, 3.66e+09),
( 0.381, 3.31e+09),
( 0.385, 3.20e+09),
( 0.388, 3.68e+09),
( 0.391, 3.41e+09),
( 0.395, 3.10e+09),
( 0.398, 3.06e+09),
( 0.402, 2.80e+09),
( 0.405, 2.94e+09),
( 0.408, 2.91e+09),
( 0.412, 2.78e+09),
( 0.415, 2.96e+09),
( 0.419, 3.19e+09),
( 0.422, 3.04e+09),
( 0.425, 3.40e+09),
( 0.429, 3.41e+09),
( 0.432, 2.99e+09),
( 0.435, 3.06e+09),
( 0.439, 2.67e+09),
( 0.442, 2.79e+09),
( 0.445, 3.21e+09),
( 0.449, 3.15e+09),
( 0.452, 3.24e+09),
( 0.456, 2.83e+09),
( 0.459, 2.67e+09),
( 0.462, 2.51e+09),
( 0.466, 2.26e+09),
( 0.469, 2.34e+09),
( 0.473, 2.79e+09),
( 0.476, 3.20e+09),
( 0.479, 3.11e+09),
( 0.483, 3.29e+09),
( 0.486, 3.74e+09),
( 0.489, 3.65e+09),
( 0.493, 3.40e+09),
( 0.496, 3.12e+09),
( 0.499, 2.85e+09),
( 0.503, 2.89e+09),
( 0.506, 3.13e+09),
( 0.510, 3.08e+09),
( 0.513, 2.70e+09),
( 0.516, 2.55e+09),
( 0.520, 2.94e+09),
( 0.523, 3.07e+09),
( 0.526, 2.99e+09),
( 0.530, 3.42e+09),
( 0.533, 3.12e+09),
( 0.537, 2.93e+09),
( 0.540, 3.19e+09),
( 0.543, 3.06e+09),
( 0.547, 3.29e+09),
( 0.550, 3.00e+09),
( 0.554, 3.08e+09),
( 0.557, 3.19e+09),
( 0.560, 2.97e+09),
( 0.564, 3.02e+09),
( 0.567, 3.16e+09),
( 0.570, 3.35e+09),
( 0.574, 3.20e+09),
( 0.577, 3.00e+09),
( 0.580, 3.39e+09),
( 0.584, 3.25e+09),
( 0.587, 3.25e+09),
( 0.591, 3.04e+09),
( 0.594, 3.11e+09),
( 0.597, 3.21e+09),
( 0.601, 3.06e+09),
( 0.604, 2.85e+09),
( 0.608, 2.48e+09),
( 0.611, 2.74e+09),
( 0.614, 2.57e+09),
( 0.618, 2.55e+09),
( 0.621, 2.88e+09),
( 0.624, 2.69e+09),
( 0.628, 2.84e+09),
( 0.631, 2.58e+09),
( 0.634, 2.37e+09),
( 0.638, 2.61e+09),
( 0.641, 3.01e+09),
( 0.645, 2.94e+09),
( 0.648, 2.81e+09),
( 0.651, 2.54e+09),
( 0.655, 2.69e+09),
( 0.658, 2.91e+09),
( 0.661, 2.90e+09),
( 0.665, 3.06e+09),
( 0.668, 2.86e+09),
( 0.672, 3.05e+09),
( 0.675, 3.41e+09),
( 0.678, 3.09e+09),
( 0.682, 2.88e+09),
( 0.685, 2.37e+09),
( 0.689, 2.48e+09),
( 0.692, 2.45e+09),
( 0.695, 2.45e+09),
( 0.699, 2.27e+09),
( 0.702, 2.12e+09),
( 0.705, 2.54e+09),
( 0.709, 3.15e+09),
( 0.712, 3.12e+09),
( 0.715, 2.71e+09),
( 0.719, 2.47e+09),
( 0.722, 2.59e+09),
( 0.726, 2.73e+09),
( 0.729, 2.79e+09),
( 0.732, 2.64e+09),
( 0.736, 2.04e+09),
( 0.739, 1.78e+09),
( 0.743, 2.58e+09),
( 0.746, 3.23e+09),
( 0.749, 3.11e+09),
( 0.753, 2.79e+09),
( 0.756, 2.61e+09),
( 0.759, 3.08e+09),
( 0.763, 2.54e+09),
( 0.766, 1.88e+09),
( 0.769, 2.05e+09),
( 0.773, 2.20e+09),
( 0.776, 2.32e+09),
( 0.780, 2.56e+09),
( 0.783, 2.92e+09),
( 0.786, 2.53e+09),
( 0.790, 2.54e+09),
( 0.793, 2.91e+09),
( 0.796, 3.09e+09),
( 0.800, 2.71e+09),
( 0.803, 2.84e+09),
( 0.807, 2.55e+09),
( 0.810, 2.53e+09),
( 0.813, 2.84e+09),
( 0.817, 3.30e+09),
( 0.820, 3.96e+09),
( 0.824, 3.76e+09),
( 0.827, 3.37e+09),
( 0.830, 3.13e+09),
( 0.834, 3.30e+09),
( 0.837, 3.62e+09),
( 0.840, 3.47e+09),
( 0.844, 4.03e+09),
( 0.847, 4.35e+09),
( 0.850, 4.70e+09),
( 0.854, 4.77e+09),
( 0.857, 4.82e+09),
( 0.861, 5.10e+09),
( 0.864, 5.09e+09),
( 0.867, 5.40e+09),
( 0.871, 5.27e+09),
( 0.874, 5.27e+09),
( 0.878, 4.40e+09),
( 0.881, 4.38e+09),
( 0.884, 4.15e+09),
( 0.888, 3.83e+09),
( 0.891, 3.64e+09),
( 0.894, 3.47e+09),
( 0.898, 3.39e+09),
( 0.901, 3.45e+09),
( 0.904, 3.00e+09),
( 0.908, 2.90e+09),
( 0.911, 2.97e+09),
( 0.915, 2.64e+09),
( 0.918, 2.69e+09),
( 0.921, 2.98e+09),
( 0.925, 3.42e+09),
( 0.928, 3.78e+09),
( 0.931, 3.88e+09),
( 0.935, 4.24e+09),
( 0.938, 4.49e+09),
( 0.942, 4.04e+09),
( 0.945, 3.65e+09),
( 0.948, 3.91e+09),
( 0.952, 3.67e+09),
( 0.955, 3.62e+09),
( 0.959, 3.56e+09),
( 0.962, 3.67e+09),
( 0.965, 3.68e+09),
( 0.969, 3.79e+09),
( 0.972, 3.66e+09),
( 0.975, 4.45e+09),
( 0.979, 4.15e+09),
( 0.982, 3.48e+09),
( 0.985, 3.37e+09),
( 0.989, 3.18e+09),
( 0.992, 3.30e+09),
( 0.996, 3.44e+09),
( 0.999, 3.46e+09),
( 1.002, 3.53e+09),
( 1.006, 3.72e+09),
( 1.009, 3.44e+09),
( 1.013, 3.75e+09),
( 1.016, 3.38e+09),
( 1.019, 3.52e+09),
( 1.023, 3.65e+09),
( 1.026, 3.77e+09),
( 1.029, 3.56e+09),
( 1.033, 3.32e+09),
( 1.036, 3.21e+09),
( 1.039, 3.49e+09),
( 1.043, 3.60e+09),
( 1.046, 3.07e+09),
( 1.050, 3.04e+09),
( 1.053, 3.18e+09),
( 1.056, 3.10e+09),
( 1.060, 3.04e+09),
( 1.063, 3.70e+09),
( 1.066, 3.95e+09),
( 1.070, 3.66e+09),
( 1.073, 3.38e+09),
( 1.077, 3.33e+09),
( 1.080, 3.10e+09),
( 1.083, 3.31e+09),
( 1.087, 2.69e+09),
( 1.090, 2.76e+09),
( 1.094, 2.78e+09),
( 1.097, 2.92e+09),
( 1.100, 2.46e+09),
( 1.104, 2.62e+09),
( 1.107, 3.10e+09),
( 1.110, 3.15e+09),
( 1.114, 3.25e+09),
( 1.117, 2.76e+09),
( 1.120, 2.85e+09),
( 1.124, 2.92e+09),
( 1.127, 3.03e+09),
( 1.131, 2.62e+09),
( 1.134, 2.76e+09),
( 1.137, 2.66e+09),
( 1.141, 2.77e+09),
( 1.144, 2.32e+09),
( 1.148, 2.16e+09),
( 1.151, 2.34e+09),
( 1.154, 2.74e+09),
( 1.158, 2.89e+09),
( 1.161, 2.39e+09),
( 1.164, 2.47e+09),
( 1.168, 2.63e+09),
( 1.171, 2.66e+09),
( 1.174, 2.52e+09),
( 1.178, 2.79e+09),
( 1.181, 2.72e+09),
( 1.185, 2.73e+09),
( 1.188, 2.62e+09),
( 1.191, 2.95e+09),
( 1.195, 3.33e+09),
( 1.198, 2.99e+09),
( 1.201, 2.42e+09),
( 1.205, 2.13e+09),
( 1.208, 2.13e+09),
( 1.212, 2.12e+09),
( 1.215, 2.28e+09),
( 1.218, 2.21e+09),
( 1.222, 2.29e+09),
( 1.225, 2.31e+09),
( 1.229, 2.49e+09),
( 1.232, 2.70e+09),
( 1.235, 2.52e+09),
( 1.239, 2.46e+09),
( 1.242, 2.54e+09),
( 1.245, 2.88e+09),
( 1.249, 2.89e+09),
( 1.252, 2.29e+09),
( 1.255, 2.63e+09),
( 1.259, 3.06e+09),
( 1.262, 2.95e+09),
( 1.266, 2.49e+09),
( 1.269, 2.57e+09),
( 1.272, 2.41e+09),
( 1.276, 2.01e+09),
( 1.279, 1.81e+09),
( 1.283, 1.86e+09),
( 1.286, 1.83e+09),
( 1.289, 1.88e+09),
( 1.293, 1.85e+09),
( 1.296, 1.91e+09),
( 1.299, 1.97e+09),
( 1.303, 2.08e+09),
( 1.306, 2.06e+09),
( 1.309, 1.86e+09),
( 1.313, 2.44e+09),
( 1.316, 2.27e+09),
( 1.320, 2.22e+09),
( 1.323, 2.08e+09),
( 1.326, 1.51e+09),
( 1.330, 1.41e+09),
( 1.333, 1.06e+09),
( 1.336, 1.38e+09),
( 1.340, 1.70e+09),
( 1.343, 1.29e+09),
( 1.347, 1.57e+09),
( 1.350, 1.94e+09),
( 1.353, 1.55e+09),
( 1.357, 1.01e+09),
( 1.360, 7.85e+08),
( 1.364, 5.75e+08),
( 1.367, 6.16e+08),
( 1.370, 1.04e+09),
( 1.374, 1.02e+09),
( 1.377, 7.57e+08),
( 1.380, 8.42e+08),
( 1.384, 1.26e+09),
( 1.387, 1.50e+09),
( 1.390, 1.14e+09),
( 1.394, 9.29e+08),
( 1.397, 6.01e+08),
( 1.401, 6.48e+08),
( 1.404, 5.17e+08),
( 1.407, 5.28e+08),
( 1.411, 7.71e+08),
( 1.414, 9.74e+08),
( 1.418, 8.10e+08),
( 1.421, 9.55e+08),
( 1.424, 1.19e+09),
( 1.428, 8.72e+08),
( 1.431, 5.76e+08),
( 1.434, 4.59e+08),
( 1.438, 5.52e+08),
( 1.441, 8.25e+08),
( 1.444, 9.92e+08),
( 1.448, 6.65e+08),
( 1.451, 9.79e+08),
( 1.455, 8.47e+08),
( 1.458, 7.48e+08),
( 1.461, 6.31e+08),
( 1.465, 7.82e+08),
( 1.468, 4.82e+08),
( 1.471, 7.44e+08),
( 1.475, 1.09e+09),
( 1.478, 9.43e+08),
( 1.482, 8.29e+08),
( 1.485, 1.00e+09),
( 1.488, 8.86e+08),
( 1.492, 9.41e+08),
( 1.495, 1.22e+09),
( 1.499, 9.08e+08),
( 1.502, 9.66e+08),
( 1.505, 1.04e+09),
( 1.509, 1.11e+09),
( 1.512, 7.82e+08),
( 1.515, 7.30e+08),
( 1.519, 1.07e+09),
( 1.522, 1.53e+09),
( 1.525, 1.84e+09),
( 1.529, 1.40e+09),
( 1.532, 1.34e+09),
( 1.536, 1.16e+09),
( 1.539, 1.26e+09),
( 1.542, 1.05e+09),
( 1.546, 8.86e+08),
( 1.549, 9.20e+08),
( 1.553, 7.90e+08),
( 1.556, 4.51e+08),
( 1.559, 6.52e+08),
( 1.563, 5.44e+08),
( 1.566, 8.14e+08),
( 1.569, 8.98e+08),
( 1.573, 5.06e+08),
( 1.576, 5.29e+08),
( 1.579, 8.28e+08),
( 1.583, 1.04e+09),
( 1.586, 1.02e+09),
( 1.590, 3.08e+08),
( 1.593, 5.17e+08),
( 1.596, 6.41e+08),
( 1.600, 6.06e+08),
( 1.603, 7.88e+08),
( 1.606, 6.86e+08),
( 1.610, 5.33e+08),
( 1.613, 6.61e+08),
( 1.617, 3.30e+08),
( 1.620, 5.94e+08),
( 1.623, 5.86e+08),
( 1.627, 4.68e+08),
( 1.630, 7.08e+08),
( 1.634, 5.44e+08),
( 1.637, 6.57e+08),
( 1.640, 1.02e+09),
( 1.644, 1.43e+09),
( 1.647, 1.63e+09),
( 1.650, 1.99e+09),
( 1.654, 2.11e+09),
( 1.657, 2.38e+09),
( 1.660, 2.03e+09),
( 1.664, 1.33e+09),
( 1.667, 1.16e+09),
( 1.671, 8.28e+08),
( 1.674, 1.21e+09),
( 1.677, 1.18e+09),
( 1.681, 1.17e+09),
( 1.684, 8.30e+08),
( 1.688, 1.01e+09),
( 1.691, 9.11e+08),
( 1.694, 9.33e+08),
( 1.698, 7.94e+08),
( 1.701, 5.52e+08),
( 1.704, 6.80e+08),
( 1.708, 1.13e+09),
( 1.711, 1.07e+09),
( 1.714, 7.68e+08),
( 1.718, 8.01e+08),
( 1.721, 1.02e+09),
( 1.725, 9.71e+08),
( 1.728, 5.75e+08),
( 1.731, 6.17e+08),
( 1.735, 7.06e+08),
( 1.738, 7.99e+08),
( 1.741, 7.39e+08),
( 1.745, 8.67e+08),
( 1.748, 7.16e+08),
( 1.752, 7.30e+08),
( 1.755, 8.60e+08),
( 1.758, 7.42e+08),
( 1.762, 5.47e+08),
( 1.765, 3.96e+08),
( 1.769, 7.65e+08),
( 1.772, 7.63e+08),
( 1.775, 9.95e+08),
( 1.779, 8.69e+08),
( 1.782, 8.00e+08),
( 1.785, 8.47e+08),
( 1.789, 1.13e+09),
( 1.792, 6.87e+08),
( 1.795, 5.75e+08),
( 1.799, 5.17e+08),
( 1.802, 3.02e+08),
( 1.806, 3.35e+08),
( 1.809, 2.16e+08),
( 1.812, 1.69e+08),
( 1.816, 5.29e+08),
( 1.819, 1.26e+09),
( 1.823, 1.00e+09),
( 1.826, 5.21e+08),
( 1.829, 6.04e+08),
( 1.833, 8.11e+08),
( 1.836, 7.36e+08),
( 1.839, 1.36e+09),
( 1.843, 1.69e+09),
( 1.846, 1.46e+09),
( 1.849, 7.37e+08),
( 1.853, 8.15e+08),
( 1.856, 1.12e+09),
( 1.860, 8.81e+08),
( 1.863, 1.08e+09),
( 1.866, 7.34e+08),
( 1.870, 5.54e+08),
( 1.873, 8.27e+08),
( 1.876, 7.61e+08),
( 1.880, 9.41e+08),
( 1.883, 5.33e+08),
( 1.887, 8.04e+08),
( 1.890, 1.08e+09),
( 1.893, 1.09e+09),
( 1.897, 1.07e+09),
( 1.900, 1.32e+09),
( 1.904, 1.29e+09),
( 1.907, 1.11e+09),
( 1.910, 7.91e+08),
( 1.914, 9.94e+08),
( 1.917, 4.25e+08),
( 1.920, 3.25e+08),
( 1.924, 8.97e+08),
( 1.927, 1.07e+09),
( 1.930, 6.51e+08),
( 1.934, 7.60e+08),
( 1.937, 5.91e+08),
( 1.941, 7.68e+08),
( 1.944, 1.13e+09),
( 1.947, 7.70e+08),
( 1.951, 1.16e+09),
( 1.954, 1.08e+09),
( 1.958, 9.34e+08),
( 1.961, 8.76e+08),
( 1.964, 6.63e+08),
( 1.968, 4.08e+08),
( 1.971, 3.63e+08),
( 1.974, 6.40e+08),
( 1.978, 1.03e+09),
( 1.981, 8.17e+08),
( 1.984, 1.11e+09),
( 1.988, 1.07e+09),
( 1.991, 1.01e+09),
( 1.995, 8.30e+08),
( 1.998, 8.22e+08),
( 2.001, 1.11e+09),
( 2.005, 1.02e+09),
( 2.008, 1.14e+09),
( 2.011, 1.09e+09),
( 2.015, 7.96e+08),
( 2.018, 6.90e+08),
( 2.022, 7.22e+08),
( 2.025, 6.82e+08),
( 2.028, 5.41e+08),
( 2.032, 5.12e+08),
( 2.035, 7.42e+08),
( 2.039, 6.55e+08),
( 2.042, 8.44e+08),
( 2.045, 8.16e+08),
( 2.049, 5.95e+08),
( 2.052, 7.38e+08),
( 2.055, 5.72e+08),
( 2.059, 5.18e+08),
( 2.062, 7.95e+08),
( 2.065, 1.15e+09),
( 2.069, 9.32e+08),
( 2.072, 8.09e+08),
( 2.076, 7.34e+08),
( 2.079, 5.28e+08),
( 2.082, 7.59e+08),
( 2.086, 4.53e+08),
( 2.089, 9.10e+07),
( 2.093, 3.63e+08),
( 2.096, 6.55e+08),
( 2.099, 5.47e+08),
( 2.103, 5.22e+07),
( 2.106, 2.12e+08),
( 2.109, 5.61e+08),
( 2.113, 8.54e+08),
( 2.116, 1.20e+09),
( 2.119, 1.73e+09),
( 2.123, 1.61e+09),
( 2.126, 1.34e+09),
( 2.130, 1.14e+09),
( 2.133, 1.00e+09),
( 2.136, 9.16e+08),
( 2.140, 9.32e+08),
( 2.143, 7.28e+08),
( 2.146, 6.41e+08),
( 2.150, 6.45e+08),
( 2.153, 6.53e+08),
( 2.157, 1.04e+09),
( 2.160, 6.87e+08),
( 2.163, 9.94e+08),
( 2.167, 1.13e+09),
( 2.170, 1.12e+09),
( 2.174, 9.65e+08),
( 2.177, 1.20e+09),
( 2.180, 1.07e+09),
( 2.184, 8.46e+08),
( 2.187, 9.51e+08),
( 2.190, 9.63e+08),
( 2.194, 1.53e+09),
( 2.197, 1.42e+09),
( 2.200, 8.58e+08),
( 2.204, 9.58e+08),
( 2.207, 9.37e+08),
( 2.211, 8.36e+08),
( 2.214, 1.17e+09),
( 2.217, 1.11e+09),
( 2.221, 7.42e+08),
( 2.224, 8.77e+08),
( 2.228, 1.18e+09),
( 2.231, 1.14e+09),
( 2.234, 1.05e+09),
( 2.238, 8.71e+08),
( 2.241, 9.47e+08),
( 2.244, 1.09e+09),
( 2.248, 8.00e+08),
( 2.251, 8.71e+08),
( 2.254, 1.25e+09),
( 2.258, 1.05e+09),
( 2.261, 1.59e+09),
( 2.265, 1.78e+09),
( 2.268, 1.88e+09),
( 2.271, 1.74e+09),
( 2.275, 1.55e+09),
( 2.278, 1.42e+09),
( 2.281, 1.15e+09),
( 2.285, 8.75e+08),
( 2.288, 6.27e+08),
( 2.292, 1.22e+09),
( 2.295, 9.74e+08),
( 2.298, 1.30e+09),
( 2.302, 1.11e+09),
( 2.305, 1.00e+09),
( 2.309, 1.23e+09),
( 2.312, 1.11e+09),
( 2.315, 9.76e+08),
( 2.319, 7.80e+08),
( 2.322, 7.47e+08),
( 2.325, 6.83e+08),
( 2.329, 4.97e+08),
( 2.332, 1.03e+09),
( 2.335, 1.19e+09),
( 2.339, 1.13e+09),
( 2.342, 1.53e+09),
( 2.346, 1.75e+09),
( 2.349, 1.53e+09),
( 2.352, 1.17e+09),
( 2.356, 1.37e+09),
( 2.359, 1.33e+09),
( 2.363, 1.65e+09),
( 2.366, 1.44e+09),
( 2.369, 1.46e+09),
( 2.373, 1.28e+09),
( 2.376, 8.76e+08),
( 2.379, 1.08e+09),
( 2.383, 8.60e+08),
( 2.386, 1.06e+09),
( 2.389, 1.39e+09),
( 2.393, 1.50e+09),
( 2.396, 1.39e+09),
( 2.400, 1.73e+09),
( 2.403, 1.17e+09),
( 2.406, 7.30e+08),
( 2.410, 1.24e+09),
( 2.413, 1.36e+09),
( 2.416, 1.10e+09),
( 2.420, 8.51e+08),
( 2.423, 2.86e+08),
( 2.427, 4.09e+08),
( 2.430, 7.78e+08),
( 2.433, 1.01e+09),
( 2.437, 4.67e+08),
( 2.440, 4.87e+08),
( 2.444, 4.82e+08),
( 2.447, 6.26e+08),
( 2.450, 6.84e+08),
( 2.454, 6.64e+08),
( 2.457, 8.56e+08),
( 2.460, 1.11e+09),
( 2.464, 1.30e+09),
( 2.467, 8.94e+08),
( 2.470, 6.82e+08),
( 2.474, 7.74e+08),
( 2.477, 7.48e+08),
( 2.481, 8.61e+08),
( 2.484, 8.33e+08),
( 2.487, 6.08e+08),
( 2.491, 1.36e+08),
( 2.494, 5.91e+08),
( 2.498, 4.95e+08),
( 2.501, 2.67e+08),
( 2.504, 5.38e+08),
( 2.508, 5.59e+08),
( 2.511, 2.02e+08),
( 2.514, 6.37e+08),
( 2.518, 7.39e+08),
( 2.521, 1.09e+09),
( 2.524, 6.12e+08),
( 2.528, 4.99e+08),
( 2.531, 9.40e+08),
( 2.535, 7.52e+08),
( 2.538, 1.12e+09),
( 2.541, 1.19e+09),
( 2.545, 7.04e+08),
( 2.548, 8.62e+08),
( 2.551, 1.07e+09),
( 2.555, 9.42e+08),
( 2.558, 1.01e+09),
( 2.562, 9.40e+08),
( 2.565, 8.03e+08),
( 2.568, 9.50e+08),
( 2.572, 1.09e+09),
( 2.575, 8.37e+08),
( 2.579, 8.74e+08),
( 2.582, 9.53e+08),
( 2.585, 8.20e+08),
( 2.589, 8.60e+08),
( 2.592, 9.03e+08),
( 2.595, 4.27e+08),
( 2.599,-8.99e+07),
( 2.602, 3.16e+08),
( 2.605, 3.53e+08),
( 2.609, 6.61e+08),
( 2.612, 5.55e+08),
( 2.616, 7.80e+08),
( 2.619, 3.90e+08),
( 2.622, 1.89e+08),
( 2.626, 7.12e+08),
( 2.629, 3.48e+08),
( 2.633, 6.66e+08),
( 2.636, 7.74e+08),
( 2.639, 7.61e+08),
( 2.643, 3.93e+08),
( 2.646, 8.36e+08),
( 2.649, 1.28e+09),
( 2.653, 8.35e+08),
( 2.656, 6.77e+08),
( 2.659, 8.08e+08),
( 2.663, 1.38e+09),
( 2.666, 1.12e+09),
( 2.670, 9.34e+08),
( 2.673, 8.69e+08),
( 2.676, 2.80e+08),
( 2.680,-7.60e+07),
( 2.683,-4.16e+06),
( 2.686,-1.57e+07),
( 2.690,-4.27e+08),
( 2.693,-3.55e+08),
( 2.697, 1.60e+08),
( 2.700, 2.30e+08),
( 2.703, 6.81e+07),
( 2.707, 4.60e+08),
( 2.710, 3.31e+08),
( 2.714, 1.23e+08),
( 2.717, 4.44e+08),
( 2.720,-2.14e+05),
( 2.724,-1.76e+08),
( 2.727,-4.08e+08),
( 2.730,-7.12e+06),
( 2.734, 3.44e+08),
( 2.737, 2.36e+08),
( 2.740, 6.49e+07),
( 2.744, 5.25e+08),
( 2.747, 7.56e+08),
( 2.751, 6.75e+08),
( 2.754, 5.38e+08),
( 2.757, 4.53e+08),
( 2.761, 4.55e+06),
( 2.764, 2.44e+08),
( 2.768, 1.45e+08),
( 2.771, 1.79e+08),
( 2.774,-6.48e+07),
( 2.778,-1.75e+08),
( 2.781, 1.30e+08),
( 2.784,-7.66e+07),
( 2.788, 1.21e+08),
( 2.791, 4.57e+08),
( 2.794, 5.67e+08),
( 2.798, 7.95e+08),
( 2.801, 5.25e+08),
( 2.805, 4.61e+08),
( 2.808, 3.33e+08),
( 2.811, 2.78e+08),
( 2.815, 2.57e+08),
( 2.818, 2.06e+08),
( 2.821, 5.54e+08),
( 2.825, 4.51e+08),
( 2.828, 3.13e+08),
( 2.832, 4.77e+08),
( 2.835, 1.84e+08),
( 2.838, 2.14e+08),
( 2.842,-6.04e+07),
( 2.845,-3.91e+08),
( 2.849,-4.71e+08),
( 2.852,-2.23e+08),
( 2.855,-8.71e+07),
( 2.859, 1.04e+08),
( 2.862, 1.64e+08),
( 2.865, 3.80e+08),
( 2.869, 7.46e+07),
( 2.872, 1.17e+08),
( 2.875, 2.58e+08),
( 2.879,-2.17e+07),
( 2.882, 3.05e+08),
( 2.886, 4.22e+08),
( 2.889, 1.78e+08),
( 2.892, 6.65e+08),
( 2.896, 7.71e+08),
( 2.899, 6.32e+08),
( 2.903, 1.32e+09),
( 2.906, 1.76e+09),
( 2.909, 1.54e+09),
( 2.913, 1.28e+09),
( 2.916, 1.00e+09),
( 2.919, 1.02e+09),
( 2.923, 1.16e+09),
( 2.926, 7.10e+08),
( 2.929, 6.23e+08),
( 2.933, 4.13e+08),
( 2.936, 4.34e+08),
( 2.940, 3.38e+08),
( 2.943,-1.73e+07),
( 2.946, 1.56e+08),
( 2.950, 5.17e+08),
( 2.953, 6.95e+08),
( 2.956, 6.61e+08),
( 2.960, 5.53e+08),
( 2.963, 2.77e+08),
( 2.967, 3.15e+08),
( 2.970, 5.61e+08),
( 2.973, 2.51e+08),
( 2.977, 3.29e+08),
( 2.980, 7.59e+08),
( 2.984, 9.15e+08),
( 2.987, 5.65e+08),
( 2.990, 2.59e+08),
( 2.994, 3.83e+08),
( 2.997, 5.40e+08),
( 3.000, 3.19e+08),
( 3.004, 2.42e+08),
( 3.007, 4.91e+08),
( 3.010, 4.90e+08),
( 3.014, 4.38e+08),
( 3.017, 2.20e+08),
( 3.021,-3.20e+08),
( 3.024, 1.43e+08),
( 3.027, 2.72e+08),
( 3.031, 6.84e+08),
( 3.034, 8.57e+08),
( 3.038, 8.66e+08),
( 3.041, 6.77e+08),
( 3.044, 1.01e+09),
( 3.048, 8.90e+08),
( 3.051, 2.26e+08),
( 3.054, 4.16e+08),
( 3.058, 4.43e+08),
( 3.061, 6.53e+08),
( 3.064, 8.16e+08),
( 3.068, 4.62e+08),
( 3.071, 2.90e+08),
( 3.075, 4.52e+08),
( 3.078, 2.39e+08),
( 3.081, 7.23e+07),
( 3.085, 4.63e+08),
( 3.088, 6.91e+08),
( 3.091, 7.37e+08),
( 3.095, 9.59e+08),
( 3.098, 1.30e+09),
( 3.102, 1.16e+09),
( 3.105, 7.41e+08),
( 3.108, 6.82e+08),
( 3.112, 6.58e+08),
( 3.115, 2.98e+08),
( 3.119, 3.72e+08),
( 3.122, 5.65e+08),
( 3.125, 6.29e+08),
( 3.129, 2.83e+08),
( 3.132, 1.86e+08),
( 3.135, 6.22e+08),
( 3.139, 3.12e+08),
( 3.142, 1.46e+08),
( 3.145, 3.53e+08),
( 3.149, 6.20e+08),
( 3.152, 7.07e+08),
( 3.156, 4.86e+08),
( 3.159, 4.34e+08),
( 3.162, 2.07e+08),
( 3.166, 1.62e+08),
( 3.169,-3.17e+08),
( 3.173, 4.94e+07),
( 3.176, 3.20e+08),
( 3.179,-7.01e+07),
( 3.183, 1.86e+08),
( 3.186, 1.50e+08),
( 3.189,-1.04e+08),
( 3.193, 2.08e+08),
( 3.196, 5.32e+08),
( 3.199, 4.54e+08),
( 3.203, 4.48e+08),
( 3.206, 5.25e+08),
( 3.210, 2.36e+08),
( 3.213,-1.73e+08),
( 3.216, 2.10e+07),
( 3.220,-3.01e+07),
( 3.223,-1.37e+08),
( 3.226,-3.56e+08),
( 3.230,-6.74e+07),
( 3.233,-4.17e+08),
( 3.237,-3.09e+08),
( 3.240,-3.17e+08),
( 3.243,-3.20e+08),
( 3.247,-2.63e+08),
( 3.250,-3.20e+08),
( 3.254, 5.53e+07),
( 3.257, 3.06e+08),
( 3.260, 2.25e+08),
( 3.264, 6.16e+07),
( 3.267, 3.64e+08),
( 3.270, 2.75e+08),
( 3.274, 2.38e+08),
( 3.277, 1.55e+08),
( 3.280, 3.82e+08),
( 3.284, 2.20e+07),
( 3.287, 1.08e+08),
( 3.291, 2.24e+08),
( 3.294,-5.20e+07),
( 3.297, 1.45e+08),
( 3.301,-4.79e+07),
( 3.304,-1.90e+08),
( 3.308,-5.66e+08),
( 3.311,-4.93e+08),
( 3.314,-3.02e+08),
( 3.318,-3.61e+08),
( 3.321,-1.45e+08),
( 3.324,-2.21e+08),
( 3.328,-1.10e+08),
( 3.331,-2.68e+07),
( 3.334, 4.84e+07),
( 3.338, 3.12e+08),
( 3.341, 3.79e+08),
( 3.345, 5.08e+08),
( 3.348, 3.58e+08),
( 3.351, 4.14e+08),
( 3.355, 5.61e+08),
( 3.358, 4.24e+08),
( 3.361, 3.16e+08),
( 3.365, 2.31e+07),
( 3.368,-8.68e+07),
( 3.372,-1.17e+08),
( 3.375,-1.00e+08),
( 3.378,-1.66e+08),
( 3.382,-1.60e+08),
( 3.385, 2.48e+08),
( 3.389,-1.38e+08),
( 3.392,-2.47e+08),
( 3.395,-2.31e+08),
( 3.399, 3.53e+07),
( 3.402,-1.23e+08),
( 3.405,-5.99e+08),
( 3.409,-7.46e+08),
( 3.412,-5.34e+08),
( 3.415,-3.67e+08),
( 3.419,-2.88e+08),
( 3.422,-3.44e+08),
( 3.426, 5.30e+07),
( 3.429,-2.49e+08),
( 3.432,-2.54e+08),
( 3.436, 1.54e+08),
( 3.439, 1.54e+08),
( 3.443,-1.02e+08),
( 3.446,-1.28e+08),
( 3.449,-3.07e+08),
( 3.453,-1.56e+08),
( 3.456, 5.02e+07),
( 3.459, 4.88e+07),
( 3.463,-1.34e+08),
( 3.466,-2.00e+08),
( 3.469,-1.10e+08),
( 3.473, 3.00e+08),
( 3.476, 1.03e+08),
( 3.480,-5.69e+07),
( 3.483, 1.84e+08),
( 3.486, 1.54e+08),
( 3.490, 1.47e+08),
( 3.493, 2.41e+08),
( 3.496, 8.00e+06),
( 3.500,-6.43e+07)]
