Bolide Detection Notification: 2007-136

At 16:20:58 UT on 16 May 2007, sensors aboard U. S. Government satellites recorded
the flash signature of a large meteoroid entry into the atmosphere. Location of the
flash  was Lat 4.5S, Lon 111.7E.

Based upon the visible-light intensity-time signature, peak brightness of the flash
was  determined to be approximately 5.4E9 watts/steradian, and total radiated flash
energy  3.8E10 joules (6000K blackbody model).

Intensity-time signature of the event and integrated intensity are depicted on the
plots  below. On the intensity-time plot, one count on vertical axis corresponds to
2.35E8  watts/steradian. On the integrated intensity plot, one count represents
2.96E9 joules  radiated energy.

Peak Intensity = 5.52e+09 watts/steradian
Total Energy   = 3.84e+10 joules

Intensity=[
(-1.897, 2.47e+08),
(-1.893, 1.92e+07),
(-1.890, 1.63e+08),
(-1.887, 5.46e+07),
(-1.883, 2.05e+08),
(-1.880, 2.44e+08),
(-1.876, 2.15e+08),
(-1.873, 1.19e+08),
(-1.870, 4.19e+08),
(-1.866, 2.91e+08),
(-1.863,-2.22e+08),
(-1.860,-3.78e+08),
(-1.856, 2.15e+07),
(-1.853,-2.87e+06),
(-1.849,-2.20e+08),
(-1.846,-6.56e+07),
(-1.843,-1.21e+08),
(-1.839,-3.53e+07),
(-1.836,-3.08e+08),
(-1.833,-8.38e+07),
(-1.829,-7.96e+06),
(-1.826, 1.86e+08),
(-1.823, 4.81e+08),
(-1.819, 3.10e+08),
(-1.816, 3.41e+08),
(-1.812, 2.53e+08),
(-1.809, 2.32e+08),
(-1.806, 2.81e+08),
(-1.802, 2.90e+08),
(-1.799, 8.28e+07),
(-1.796, 8.00e+07),
(-1.792, 3.43e+08),
(-1.789, 1.85e+08),
(-1.785, 9.12e+07),
(-1.782, 1.67e+08),
(-1.779, 2.89e+08),
(-1.775, 1.19e+08),
(-1.772,-7.45e+07),
(-1.768,-1.11e+08),
(-1.765,-1.58e+08),
(-1.762, 2.54e+07),
(-1.758, 1.51e+08),
(-1.755,-2.62e+08),
(-1.752,-4.75e+08),
(-1.748,-1.12e+08),
(-1.745,-2.64e+08),
(-1.741, 9.36e+07),
(-1.738,-1.26e+08),
(-1.735,-2.72e+08),
(-1.731,-3.68e+08),
(-1.728,-5.26e+08),
(-1.725,-5.23e+08),
(-1.721,-3.15e+08),
(-1.718,-2.04e+08),
(-1.715, 5.43e+06),
(-1.711,-3.99e+08),
(-1.708,-1.12e+08),
(-1.704, 9.14e+07),
(-1.701, 1.29e+08),
(-1.698, 1.88e+07),
(-1.694,-1.96e+06),
(-1.691, 5.10e+07),
(-1.688, 1.55e+08),
(-1.684, 2.80e+08),
(-1.681, 1.96e+07),
(-1.677,-7.11e+07),
(-1.674, 4.28e+06),
(-1.671, 4.23e+08),
(-1.667, 5.73e+08),
(-1.664, 2.73e+08),
(-1.660, 3.79e+08),
(-1.657, 1.32e+08),
(-1.654,-1.68e+08),
(-1.650,-9.19e+06),
(-1.647, 2.85e+08),
(-1.644, 1.28e+08),
(-1.640, 3.65e+07),
(-1.637, 6.15e+07),
(-1.633,-1.16e+08),
(-1.630, 2.55e+05),
(-1.627, 1.14e+08),
(-1.623, 8.46e+07),
(-1.620,-1.03e+08),
(-1.617,-2.44e+08),
(-1.613,-4.75e+08),
(-1.610,-3.65e+08),
(-1.607,-5.07e+07),
(-1.603, 2.42e+08),
(-1.600, 8.18e+08),
(-1.596, 5.51e+08),
(-1.593, 5.47e+08),
(-1.590, 5.65e+08),
(-1.586, 4.80e+08),
(-1.583, 4.06e+08),
(-1.580, 4.28e+08),
(-1.576, 2.25e+08),
(-1.573, 1.34e+08),
(-1.569, 1.70e+08),
(-1.566, 1.64e+08),
(-1.563, 4.12e+07),
(-1.559, 1.85e+08),
(-1.556, 6.93e+07),
(-1.552, 2.03e+08),
(-1.549, 1.01e+08),
(-1.546,-1.69e+08),
(-1.542,-5.12e+08),
(-1.539,-6.03e+08),
(-1.536,-1.71e+08),
(-1.532, 8.46e+07),
(-1.529, 2.40e+08),
(-1.525, 3.11e+07),
(-1.522, 5.08e+08),
(-1.519, 7.33e+08),
(-1.515, 7.07e+08),
(-1.512, 6.70e+08),
(-1.509, 6.67e+08),
(-1.505, 5.61e+08),
(-1.502, 2.00e+08),
(-1.499, 3.84e+07),
(-1.495, 2.62e+08),
(-1.492, 2.67e+08),
(-1.488, 3.93e+08),
(-1.485, 6.44e+08),
(-1.482, 4.63e+08),
(-1.478, 3.99e+08),
(-1.475, 2.99e+08),
(-1.472, 6.71e+07),
(-1.468, 7.88e+07),
(-1.465,-4.76e+07),
(-1.461,-1.79e+08),
(-1.458, 2.41e+08),
(-1.455, 1.11e+08),
(-1.451, 6.02e+07),
(-1.448, 8.54e+07),
(-1.444, 1.64e+08),
(-1.441, 2.95e+08),
(-1.438, 4.07e+08),
(-1.434, 5.00e+08),
(-1.431, 8.57e+08),
(-1.428, 6.93e+08),
(-1.424, 2.75e+08),
(-1.421, 3.40e+08),
(-1.417, 2.33e+08),
(-1.414, 8.77e+07),
(-1.411,-2.37e+06),
(-1.407, 1.35e+08),
(-1.404, 1.75e+08),
(-1.401, 2.61e+08),
(-1.397, 1.80e+08),
(-1.394, 2.36e+08),
(-1.391, 4.23e+08),
(-1.387, 3.27e+08),
(-1.384, 3.58e+08),
(-1.380, 3.18e+08),
(-1.377, 2.07e+08),
(-1.374, 4.49e+08),
(-1.370, 6.62e+08),
(-1.367, 4.62e+08),
(-1.364, 5.79e+07),
(-1.360, 1.75e+08),
(-1.357, 5.51e+06),
(-1.353,-1.33e+08),
(-1.350,-2.43e+07),
(-1.347,-1.18e+07),
(-1.343, 2.46e+08),
(-1.340, 9.54e+07),
(-1.336, 2.90e+08),
(-1.333, 5.73e+08),
(-1.330, 1.63e+08),
(-1.326, 7.58e+07),
(-1.323, 1.81e+07),
(-1.320,-2.50e+07),
(-1.316,-8.86e+07),
(-1.313,-1.97e+08),
(-1.309,-4.32e+07),
(-1.306, 2.97e+08),
(-1.303, 4.33e+08),
(-1.299,-3.59e+07),
(-1.296,-6.31e+07),
(-1.293,-5.09e+08),
(-1.289,-3.31e+08),
(-1.286, 5.59e+07),
(-1.283,-9.10e+07),
(-1.279,-1.46e+08),
(-1.276,-1.56e+05),
(-1.272, 2.31e+08),
(-1.269, 4.55e+08),
(-1.266, 3.73e+08),
(-1.262, 5.08e+08),
(-1.259, 2.82e+08),
(-1.256, 4.07e+07),
(-1.252, 1.59e+08),
(-1.249, 1.62e+08),
(-1.245, 1.01e+08),
(-1.242, 3.23e+07),
(-1.239,-1.46e+08),
(-1.235,-3.52e+08),
(-1.232,-3.52e+08),
(-1.228,-3.19e+08),
(-1.225,-2.30e+08),
(-1.222,-1.67e+07),
(-1.218,-1.58e+08),
(-1.215,-2.01e+08),
(-1.212,-1.90e+08),
(-1.208,-2.86e+08),
(-1.205,-3.75e+08),
(-1.201,-4.97e+08),
(-1.198,-4.51e+08),
(-1.195,-6.07e+08),
(-1.191,-6.05e+08),
(-1.188,-6.35e+08),
(-1.185,-4.02e+08),
(-1.181,-4.76e+08),
(-1.178,-3.12e+08),
(-1.175, 1.89e+08),
(-1.171, 9.87e+07),
(-1.168, 9.94e+07),
(-1.164,-1.14e+07),
(-1.161,-1.56e+07),
(-1.158, 2.79e+08),
(-1.154, 5.97e+08),
(-1.151, 2.62e+08),
(-1.148, 1.21e+08),
(-1.144, 4.56e+08),
(-1.141, 1.81e+08),
(-1.137,-1.06e+08),
(-1.134,-1.58e+08),
(-1.131,-2.46e+08),
(-1.127,-2.43e+08),
(-1.124,-1.79e+08),
(-1.120, 6.05e+07),
(-1.117, 2.23e+07),
(-1.114,-1.37e+08),
(-1.110, 2.78e+07),
(-1.107, 1.52e+08),
(-1.104,-8.91e+07),
(-1.100,-1.23e+08),
(-1.097,-2.43e+08),
(-1.093,-2.20e+08),
(-1.090,-2.06e+08),
(-1.087, 1.25e+08),
(-1.083, 3.51e+08),
(-1.080, 1.59e+08),
(-1.077, 6.55e+07),
(-1.073, 2.91e+08),
(-1.070, 3.21e+08),
(-1.067, 2.54e+08),
(-1.063, 2.36e+08),
(-1.060, 2.51e+08),
(-1.056,-5.99e+06),
(-1.053,-4.81e+07),
(-1.050, 2.49e+08),
(-1.046, 1.91e+07),
(-1.043, 6.99e+07),
(-1.040, 5.56e+07),
(-1.036,-1.15e+08),
(-1.033,-1.70e+07),
(-1.029,-1.23e+08),
(-1.026,-1.10e+08),
(-1.023, 1.32e+08),
(-1.019, 1.66e+08),
(-1.016, 6.78e+07),
(-1.012, 3.52e+07),
(-1.009, 1.99e+08),
(-1.006, 4.25e+08),
(-1.002, 4.55e+08),
(-0.999, 1.53e+08),
(-0.996, 1.09e+08),
(-0.992, 3.06e+08),
(-0.989, 4.81e+08),
(-0.985, 4.22e+08),
(-0.982, 4.75e+08),
(-0.979, 4.95e+08),
(-0.975, 5.43e+08),
(-0.972, 5.40e+08),
(-0.969, 4.61e+08),
(-0.965, 1.85e+08),
(-0.962, 8.69e+07),
(-0.959, 3.99e+08),
(-0.955, 6.43e+08),
(-0.952, 6.98e+08),
(-0.948, 7.75e+08),
(-0.945, 7.53e+08),
(-0.942, 8.73e+08),
(-0.938, 8.05e+08),
(-0.935, 9.67e+08),
(-0.932, 1.21e+09),
(-0.928, 1.21e+09),
(-0.925, 1.37e+09),
(-0.921, 1.29e+09),
(-0.918, 1.29e+09),
(-0.915, 1.51e+09),
(-0.911, 1.49e+09),
(-0.908, 1.53e+09),
(-0.904, 1.60e+09),
(-0.901, 1.71e+09),
(-0.898, 1.86e+09),
(-0.894, 1.97e+09),
(-0.891, 1.99e+09),
(-0.888, 1.98e+09),
(-0.884, 1.92e+09),
(-0.881, 1.67e+09),
(-0.877, 1.51e+09),
(-0.874, 1.25e+09),
(-0.871, 1.27e+09),
(-0.867, 1.24e+09),
(-0.864, 1.21e+09),
(-0.861, 1.14e+09),
(-0.857, 1.10e+09),
(-0.854, 1.10e+09),
(-0.851, 1.20e+09),
(-0.847, 9.10e+08),
(-0.844, 6.18e+08),
(-0.840, 8.30e+08),
(-0.837, 7.55e+08),
(-0.834, 7.34e+08),
(-0.830, 8.76e+08),
(-0.827, 7.69e+08),
(-0.824, 9.34e+08),
(-0.820, 1.12e+09),
(-0.817, 1.40e+09),
(-0.813, 1.38e+09),
(-0.810, 1.26e+09),
(-0.807, 1.57e+09),
(-0.803, 1.53e+09),
(-0.800, 1.79e+09),
(-0.796, 1.76e+09),
(-0.793, 1.61e+09),
(-0.790, 1.59e+09),
(-0.786, 1.41e+09),
(-0.783, 1.25e+09),
(-0.780, 1.23e+09),
(-0.776, 1.35e+09),
(-0.773, 1.25e+09),
(-0.769, 1.08e+09),
(-0.766, 9.45e+08),
(-0.763, 8.20e+08),
(-0.759, 7.37e+08),
(-0.756, 7.64e+08),
(-0.753, 8.68e+08),
(-0.749, 8.15e+08),
(-0.746, 9.09e+08),
(-0.743, 1.10e+09),
(-0.739, 1.21e+09),
(-0.736, 1.34e+09),
(-0.732, 1.58e+09),
(-0.729, 1.61e+09),
(-0.726, 1.55e+09),
(-0.722, 1.34e+09),
(-0.719, 1.68e+09),
(-0.716, 1.58e+09),
(-0.712, 1.37e+09),
(-0.709, 1.43e+09),
(-0.705, 1.88e+09),
(-0.702, 1.80e+09),
(-0.699, 1.90e+09),
(-0.695, 1.99e+09),
(-0.692, 2.07e+09),
(-0.688, 1.90e+09),
(-0.685, 1.90e+09),
(-0.682, 1.80e+09),
(-0.678, 1.51e+09),
(-0.675, 1.71e+09),
(-0.672, 1.69e+09),
(-0.668, 1.59e+09),
(-0.665, 1.89e+09),
(-0.661, 1.86e+09),
(-0.658, 1.81e+09),
(-0.655, 2.06e+09),
(-0.651, 2.14e+09),
(-0.648, 2.20e+09),
(-0.645, 2.31e+09),
(-0.641, 2.54e+09),
(-0.638, 2.77e+09),
(-0.635, 2.88e+09),
(-0.631, 2.96e+09),
(-0.628, 2.76e+09),
(-0.624, 2.44e+09),
(-0.621, 2.54e+09),
(-0.618, 2.51e+09),
(-0.614, 2.49e+09),
(-0.611, 2.47e+09),
(-0.608, 2.68e+09),
(-0.604, 2.56e+09),
(-0.601, 2.27e+09),
(-0.597, 2.65e+09),
(-0.594, 2.17e+09),
(-0.591, 2.30e+09),
(-0.587, 2.37e+09),
(-0.584, 2.26e+09),
(-0.580, 2.52e+09),
(-0.577, 2.22e+09),
(-0.574, 2.06e+09),
(-0.570, 2.16e+09),
(-0.567, 2.31e+09),
(-0.564, 2.38e+09),
(-0.560, 2.06e+09),
(-0.557, 1.88e+09),
(-0.553, 1.81e+09),
(-0.550, 1.65e+09),
(-0.547, 1.59e+09),
(-0.543, 1.77e+09),
(-0.540, 1.91e+09),
(-0.537, 2.14e+09),
(-0.533, 2.03e+09),
(-0.530, 2.10e+09),
(-0.527, 2.09e+09),
(-0.523, 2.00e+09),
(-0.520, 1.83e+09),
(-0.516, 1.55e+09),
(-0.513, 1.69e+09),
(-0.510, 1.38e+09),
(-0.506, 1.37e+09),
(-0.503, 1.34e+09),
(-0.500, 1.29e+09),
(-0.496, 1.12e+09),
(-0.493, 1.33e+09),
(-0.489, 1.59e+09),
(-0.486, 1.52e+09),
(-0.483, 1.44e+09),
(-0.479, 1.63e+09),
(-0.476, 1.78e+09),
(-0.472, 1.80e+09),
(-0.469, 1.73e+09),
(-0.466, 1.67e+09),
(-0.462, 1.51e+09),
(-0.459, 1.83e+09),
(-0.456, 1.86e+09),
(-0.452, 2.03e+09),
(-0.449, 2.16e+09),
(-0.445, 1.90e+09),
(-0.442, 1.70e+09),
(-0.439, 1.55e+09),
(-0.435, 1.42e+09),
(-0.432, 1.45e+09),
(-0.429, 1.46e+09),
(-0.425, 1.39e+09),
(-0.422, 1.55e+09),
(-0.419, 1.77e+09),
(-0.415, 1.81e+09),
(-0.412, 1.81e+09),
(-0.408, 1.92e+09),
(-0.405, 1.77e+09),
(-0.402, 1.59e+09),
(-0.398, 1.75e+09),
(-0.395, 1.72e+09),
(-0.392, 1.59e+09),
(-0.388, 1.52e+09),
(-0.385, 1.70e+09),
(-0.381, 1.81e+09),
(-0.378, 2.05e+09),
(-0.375, 1.65e+09),
(-0.371, 1.56e+09),
(-0.368, 1.57e+09),
(-0.364, 1.23e+09),
(-0.361, 9.56e+08),
(-0.358, 8.10e+08),
(-0.354, 9.54e+08),
(-0.351, 1.17e+09),
(-0.348, 1.20e+09),
(-0.344, 1.41e+09),
(-0.341, 1.50e+09),
(-0.337, 1.50e+09),
(-0.334, 1.45e+09),
(-0.331, 1.35e+09),
(-0.327, 1.39e+09),
(-0.324, 1.51e+09),
(-0.321, 1.46e+09),
(-0.317, 1.01e+09),
(-0.314, 1.07e+09),
(-0.311, 1.12e+09),
(-0.307, 1.14e+09),
(-0.304, 7.73e+08),
(-0.300, 6.08e+08),
(-0.297, 7.20e+08),
(-0.294, 8.63e+08),
(-0.290, 1.04e+09),
(-0.287, 1.12e+09),
(-0.284, 1.16e+09),
(-0.280, 1.11e+09),
(-0.277, 1.08e+09),
(-0.273, 1.12e+09),
(-0.270, 8.39e+08),
(-0.267, 9.47e+08),
(-0.263, 8.11e+08),
(-0.260, 6.51e+08),
(-0.256, 7.90e+08),
(-0.253, 8.46e+08),
(-0.250, 6.29e+08),
(-0.246, 5.83e+08),
(-0.243, 4.56e+08),
(-0.240, 7.45e+08),
(-0.236, 1.03e+09),
(-0.233, 8.62e+08),
(-0.229, 7.04e+08),
(-0.226, 9.95e+08),
(-0.223, 7.73e+08),
(-0.219, 7.22e+08),
(-0.216, 6.03e+08),
(-0.213, 8.79e+08),
(-0.209, 9.84e+08),
(-0.206, 9.54e+08),
(-0.203, 1.02e+09),
(-0.199, 8.06e+08),
(-0.196, 9.17e+08),
(-0.192, 1.33e+09),
(-0.189, 1.46e+09),
(-0.186, 1.65e+09),
(-0.182, 1.41e+09),
(-0.179, 1.26e+09),
(-0.176, 1.06e+09),
(-0.172, 8.53e+08),
(-0.169, 5.17e+08),
(-0.165, 4.67e+08),
(-0.162, 7.31e+08),
(-0.159, 9.42e+08),
(-0.155, 7.80e+08),
(-0.152, 4.92e+08),
(-0.148, 5.11e+08),
(-0.145, 5.72e+08),
(-0.142, 1.00e+09),
(-0.138, 9.80e+08),
(-0.135, 9.17e+08),
(-0.132, 7.25e+08),
(-0.128, 5.99e+08),
(-0.125, 7.28e+08),
(-0.121, 5.43e+08),
(-0.118, 5.46e+08),
(-0.115, 9.18e+08),
(-0.111, 1.11e+09),
(-0.108, 9.25e+08),
(-0.105, 7.03e+08),
(-0.101, 9.06e+08),
(-0.098, 9.36e+08),
(-0.095, 9.68e+08),
(-0.091, 8.38e+08),
(-0.088, 6.64e+08),
(-0.084, 5.73e+08),
(-0.081, 6.62e+08),
(-0.078, 7.35e+08),
(-0.074, 6.51e+08),
(-0.071, 5.71e+08),
(-0.068, 2.61e+08),
(-0.064, 7.52e+08),
(-0.061, 8.58e+08),
(-0.057, 6.38e+08),
(-0.054, 7.69e+08),
(-0.051, 7.93e+08),
(-0.047, 8.93e+08),
(-0.044, 8.83e+08),
(-0.040, 7.38e+08),
(-0.037, 6.27e+08),
(-0.034, 7.05e+08),
(-0.030, 7.31e+08),
(-0.027, 1.08e+09),
(-0.024, 1.09e+09),
(-0.020, 1.19e+09),
(-0.017, 1.55e+09),
(-0.013, 1.94e+09),
(-0.010, 2.56e+09),
(-0.007, 3.14e+09),
(-0.003, 3.34e+09),
(-0.000, 3.36e+09),
( 0.003, 3.80e+09),
( 0.007, 4.23e+09),
( 0.010, 4.26e+09),
( 0.013, 3.79e+09),
( 0.017, 3.77e+09),
( 0.020, 3.78e+09),
( 0.024, 3.78e+09),
( 0.027, 3.64e+09),
( 0.030, 3.61e+09),
( 0.034, 3.68e+09),
( 0.037, 3.86e+09),
( 0.040, 4.17e+09),
( 0.044, 4.54e+09),
( 0.047, 4.96e+09),
( 0.051, 4.82e+09),
( 0.054, 4.84e+09),
( 0.057, 5.27e+09),
( 0.061, 5.25e+09),
( 0.064, 5.07e+09),
( 0.068, 4.92e+09),
( 0.071, 5.06e+09),
( 0.074, 5.14e+09),
( 0.078, 5.36e+09),
( 0.081, 5.49e+09),
( 0.084, 5.52e+09),
( 0.088, 5.16e+09),
( 0.091, 4.88e+09),
( 0.095, 4.61e+09),
( 0.098, 4.42e+09),
( 0.101, 4.49e+09),
( 0.105, 4.30e+09),
( 0.108, 4.27e+09),
( 0.111, 4.03e+09),
( 0.115, 3.73e+09),
( 0.118, 3.56e+09),
( 0.121, 3.35e+09),
( 0.125, 3.11e+09),
( 0.128, 3.06e+09),
( 0.132, 3.16e+09),
( 0.135, 3.23e+09),
( 0.138, 3.11e+09),
( 0.142, 3.43e+09),
( 0.145, 3.63e+09),
( 0.148, 4.01e+09),
( 0.152, 4.34e+09),
( 0.155, 4.57e+09),
( 0.159, 4.68e+09),
( 0.162, 4.91e+09),
( 0.165, 5.22e+09),
( 0.169, 4.73e+09),
( 0.172, 4.24e+09),
( 0.176, 4.42e+09),
( 0.179, 4.29e+09),
( 0.182, 4.10e+09),
( 0.186, 3.45e+09),
( 0.189, 3.37e+09),
( 0.192, 3.17e+09),
( 0.196, 3.05e+09),
( 0.199, 2.78e+09),
( 0.203, 3.13e+09),
( 0.206, 3.42e+09),
( 0.209, 3.49e+09),
( 0.213, 3.21e+09),
( 0.216, 3.19e+09),
( 0.219, 3.29e+09),
( 0.223, 3.23e+09),
( 0.226, 3.25e+09),
( 0.229, 3.11e+09),
( 0.233, 2.68e+09),
( 0.236, 2.81e+09),
( 0.240, 2.94e+09),
( 0.243, 2.73e+09),
( 0.246, 2.91e+09),
( 0.250, 2.72e+09),
( 0.253, 2.59e+09),
( 0.256, 2.77e+09),
( 0.260, 2.72e+09),
( 0.263, 2.70e+09),
( 0.267, 3.13e+09),
( 0.270, 2.96e+09),
( 0.273, 2.67e+09),
( 0.277, 2.64e+09),
( 0.280, 2.76e+09),
( 0.284, 3.04e+09),
( 0.287, 3.24e+09),
( 0.290, 2.77e+09),
( 0.294, 2.45e+09),
( 0.297, 2.61e+09),
( 0.300, 2.81e+09),
( 0.304, 2.86e+09),
( 0.307, 3.05e+09),
( 0.311, 3.12e+09),
( 0.314, 3.05e+09),
( 0.317, 2.73e+09),
( 0.321, 2.53e+09),
( 0.324, 2.77e+09),
( 0.327, 2.52e+09),
( 0.331, 2.39e+09),
( 0.334, 1.71e+09),
( 0.337, 1.45e+09),
( 0.341, 1.08e+09),
( 0.344, 8.10e+08),
( 0.348, 6.05e+08),
( 0.351, 5.10e+08),
( 0.354, 7.16e+08),
( 0.358, 6.60e+08),
( 0.361, 5.68e+08),
( 0.364, 2.59e+08),
( 0.368, 3.99e+08),
( 0.371, 3.71e+08),
( 0.375, 4.86e+08),
( 0.378, 4.27e+08),
( 0.381, 5.73e+08),
( 0.385, 6.87e+08),
( 0.388, 5.81e+08),
( 0.392, 4.02e+08),
( 0.395, 3.71e+08),
( 0.398, 6.01e+08),
( 0.402, 6.62e+08),
( 0.405, 6.87e+08),
( 0.408, 9.73e+08),
( 0.412, 1.11e+09),
( 0.415, 9.81e+08),
( 0.419, 6.53e+08),
( 0.422, 6.18e+08),
( 0.425, 2.68e+08),
( 0.429, 5.40e+08),
( 0.432, 5.98e+08),
( 0.435, 5.20e+08),
( 0.439, 4.46e+08),
( 0.442, 4.37e+08),
( 0.445, 4.27e+08),
( 0.449, 5.69e+08),
( 0.452, 3.92e+08),
( 0.456, 3.85e+08),
( 0.459, 1.29e+08),
( 0.462, 1.55e+08),
( 0.466, 3.65e+08),
( 0.469, 3.71e+08),
( 0.472, 4.92e+08),
( 0.476, 4.87e+08),
( 0.479, 3.46e+08),
( 0.483, 1.66e+08),
( 0.486, 5.74e+07),
( 0.489,-2.23e+08),
( 0.493,-1.90e+08),
( 0.496,-2.94e+08),
( 0.500,-3.07e+08),
( 0.503,-8.82e+07),
( 0.506, 2.12e+08),
( 0.510, 5.18e+08),
( 0.513, 5.87e+08),
( 0.516, 5.89e+08),
( 0.520, 7.58e+08),
( 0.523, 7.33e+08),
( 0.527, 5.62e+08),
( 0.530, 6.05e+08),
( 0.533, 7.55e+08),
( 0.537, 7.32e+08),
( 0.540, 9.97e+08),
( 0.543, 1.01e+09),
( 0.547, 1.11e+09),
( 0.550, 9.16e+08),
( 0.553, 8.50e+08),
( 0.557, 7.79e+08),
( 0.560, 6.62e+08),
( 0.564, 8.75e+08),
( 0.567, 8.73e+08),
( 0.570, 7.75e+08),
( 0.574, 8.11e+08),
( 0.577, 9.90e+08),
( 0.580, 9.36e+08),
( 0.584, 6.79e+08),
( 0.587, 1.07e+09),
( 0.591, 1.05e+09),
( 0.594, 1.06e+09),
( 0.597, 1.08e+09),
( 0.601, 9.16e+08),
( 0.604, 7.71e+08),
( 0.608, 9.64e+08),
( 0.611, 6.08e+08),
( 0.614, 2.34e+08),
( 0.618, 3.40e+08),
( 0.621, 5.33e+08),
( 0.624, 5.87e+08),
( 0.628, 3.06e+08),
( 0.631, 1.56e+08),
( 0.635, 3.68e+08),
( 0.638, 3.64e+08),
( 0.641, 3.80e+08),
( 0.645, 3.74e+08),
( 0.648, 6.62e+07),
( 0.651,-1.94e+08),
( 0.655,-2.87e+07),
( 0.658, 1.54e+08),
( 0.661, 2.30e+08),
( 0.665, 2.91e+08),
( 0.668, 3.45e+08),
( 0.672, 1.65e+08),
( 0.675, 2.97e+08),
( 0.678, 3.36e+08),
( 0.682, 4.56e+08),
( 0.685, 5.73e+08),
( 0.688, 3.48e+08),
( 0.692, 3.23e+08),
( 0.695, 3.78e+08),
( 0.699, 4.28e+08),
( 0.702, 1.12e+08),
( 0.705, 3.53e+08),
( 0.709, 4.12e+08),
( 0.712, 6.88e+07),
( 0.716,-3.50e+07),
( 0.719, 4.35e+07),
( 0.722,-2.13e+07),
( 0.726,-8.19e+07),
( 0.729, 1.67e+08),
( 0.732, 5.11e+07),
( 0.736,-1.18e+08),
( 0.739,-2.46e+08),
( 0.743,-3.23e+07),
( 0.746, 7.48e+07),
( 0.749, 4.08e+07),
( 0.753,-6.89e+06),
( 0.756,-4.01e+07),
( 0.759, 1.58e+07),
( 0.763,-1.34e+08),
( 0.766,-2.26e+08),
( 0.769,-2.14e+08),
( 0.773,-8.23e+07),
( 0.776,-2.07e+08),
( 0.780,-2.84e+08),
( 0.783,-3.79e+08),
( 0.786,-7.96e+07),
( 0.790,-7.17e+07),
( 0.793,-6.35e+07),
( 0.796,-5.06e+07),
( 0.800,-3.93e+08),
( 0.803,-3.36e+08),
( 0.807,-4.55e+08),
( 0.810,-3.75e+08),
( 0.813, 6.57e+07),
( 0.817, 3.38e+08),
( 0.820, 1.38e+08),
( 0.824, 8.67e+07),
( 0.827, 6.63e+07),
( 0.830, 4.57e+07),
( 0.834, 4.75e+08),
( 0.837, 5.51e+08),
( 0.840, 3.13e+08),
( 0.844, 2.73e+08),
( 0.847, 3.38e+08),
( 0.851, 1.44e+08),
( 0.854, 4.59e+08),
( 0.857, 7.59e+08),
( 0.861, 6.25e+08),
( 0.864, 4.64e+08),
( 0.867, 4.56e+08),
( 0.871, 5.07e+08),
( 0.874, 3.14e+08),
( 0.877, 4.37e+08),
( 0.881, 2.68e+08),
( 0.884, 1.69e+08),
( 0.888,-1.20e+08),
( 0.891,-1.51e+08),
( 0.894, 2.22e+08),
( 0.898, 1.75e+08),
( 0.901, 1.69e+08),
( 0.904, 2.40e+08),
( 0.908, 3.96e+08),
( 0.911, 3.31e+08),
( 0.915, 4.27e+08),
( 0.918, 5.22e+08),
( 0.921, 4.70e+08),
( 0.925, 3.37e+08),
( 0.928,-5.43e+07),
( 0.932,-1.70e+08),
( 0.935,-3.03e+08),
( 0.938,-4.60e+08),
( 0.942,-5.85e+08),
( 0.945,-5.17e+08),
( 0.948,-2.63e+08),
( 0.952,-2.16e+08),
( 0.955,-5.16e+08),
( 0.959,-7.04e+08),
( 0.962,-5.78e+08),
( 0.965,-4.95e+08),
( 0.969,-6.03e+08),
( 0.972,-3.91e+08),
( 0.975,-1.17e+08),
( 0.979,-4.42e+08),
( 0.982,-3.98e+08),
( 0.985,-1.61e+08),
( 0.989,-2.35e+08),
( 0.992, 2.84e+08),
( 0.996, 1.98e+08),
( 0.999, 4.77e+06),
( 1.002,-1.76e+07),
( 1.006, 2.26e+07),
( 1.009, 1.59e+08),
( 1.012, 1.06e+08),
( 1.016, 1.50e+08),
( 1.019, 4.50e+07),
( 1.023, 9.70e+06),
( 1.026,-1.63e+07),
( 1.029, 4.23e+07),
( 1.033, 2.86e+08),
( 1.036, 2.49e+08),
( 1.040, 9.29e+06),
( 1.043, 3.99e+08),
( 1.046, 5.19e+08),
( 1.050, 2.73e+08),
( 1.053, 1.88e+08),
( 1.056,-6.11e+07),
( 1.060,-2.66e+08),
( 1.063,-3.97e+08),
( 1.067,-2.58e+08),
( 1.070,-5.22e+08),
( 1.073,-6.21e+08),
( 1.077,-1.94e+08),
( 1.080, 3.81e+07),
( 1.083,-3.16e+08),
( 1.087,-3.13e+08),
( 1.090,-8.87e+07),
( 1.093, 1.68e+08),
( 1.097,-1.44e+07),
( 1.100, 2.74e+08),
( 1.104, 6.12e+08),
( 1.107, 3.63e+08),
( 1.110, 1.66e+08),
( 1.114, 2.32e+08),
( 1.117, 3.47e+08),
( 1.120, 7.11e+08),
( 1.124, 4.40e+08),
( 1.127, 4.33e+08),
( 1.131, 5.00e+08),
( 1.134, 3.37e+08),
( 1.137, 4.61e+07),
( 1.141, 5.33e+08),
( 1.144, 3.51e+08),
( 1.148, 2.35e+08),
( 1.151, 2.79e+08),
( 1.154, 1.24e+08),
( 1.158, 5.74e+08),
( 1.161, 4.55e+08),
( 1.164, 2.01e+08),
( 1.168, 1.24e+08),
( 1.171, 1.94e+08),
( 1.175, 1.18e+08),
( 1.178, 1.89e+08),
( 1.181, 1.15e+08),
( 1.185, 1.19e+08),
( 1.188, 2.19e+08),
( 1.191, 1.91e+08),
( 1.195, 2.52e+08),
( 1.198, 2.33e+08),
( 1.201, 4.76e+08),
( 1.205, 6.92e+08),
( 1.208, 3.69e+08),
( 1.212, 2.72e+08),
( 1.215, 3.43e+08),
( 1.218, 1.62e+08),
( 1.222, 6.02e+07),
( 1.225,-1.71e+07),
( 1.228,-9.88e+07),
( 1.232, 2.98e+07),
( 1.235, 2.70e+08),
( 1.239, 3.57e+08),
( 1.242, 4.47e+08),
( 1.245, 1.52e+08),
( 1.249,-2.29e+08),
( 1.252,-3.88e+08),
( 1.256,-3.96e+08),
( 1.259,-1.88e+08),
( 1.262,-1.04e+08),
( 1.266,-8.54e+07),
( 1.269,-3.92e+07),
( 1.272, 2.62e+08),
( 1.276, 3.34e+08),
( 1.279, 1.37e+08),
( 1.283, 4.17e+08),
( 1.286, 2.56e+08),
( 1.289, 3.60e+08),
( 1.293, 1.87e+08),
( 1.296, 8.86e+07),
( 1.299, 1.07e+08),
( 1.303, 2.01e+08),
( 1.306, 4.25e+08),
( 1.309, 5.39e+08),
( 1.313, 3.85e+08),
( 1.316, 3.33e+08),
( 1.320, 5.30e+08),
( 1.323, 3.54e+08),
( 1.326,-3.21e+07),
( 1.330,-3.10e+08),
( 1.333,-1.45e+08),
( 1.336, 9.73e+07),
( 1.340, 4.72e+08),
( 1.343, 4.51e+08),
( 1.347, 2.73e+08),
( 1.350, 3.39e+08),
( 1.353, 1.16e+08),
( 1.357,-4.90e+07),
( 1.360,-1.37e+08),
( 1.364,-1.54e+08),
( 1.367, 8.13e+07),
( 1.370, 1.97e+08),
( 1.374, 6.14e+07),
( 1.377,-1.20e+08),
( 1.380,-6.82e+07),
( 1.384, 1.16e+08),
( 1.387, 5.13e+08),
( 1.391, 4.53e+08),
( 1.394, 3.48e+08),
( 1.397, 4.14e+08),
( 1.401, 1.67e+08),
( 1.404, 3.03e+08),
( 1.407, 3.26e+08),
( 1.411, 3.69e+08),
( 1.414, 5.81e+08),
( 1.417, 3.88e+08),
( 1.421, 5.15e+08),
( 1.424, 8.63e+08),
( 1.428, 8.17e+08),
( 1.431, 7.66e+08),
( 1.434, 9.50e+08),
( 1.438, 7.68e+08),
( 1.441, 6.81e+08),
( 1.444, 7.94e+08),
( 1.448, 7.06e+08),
( 1.451, 6.04e+08),
( 1.455, 3.96e+08),
( 1.458, 2.43e+08),
( 1.461, 7.65e+06),
( 1.465,-1.83e+08),
( 1.468,-4.99e+08),
( 1.472,-4.85e+08),
( 1.475,-6.74e+08),
( 1.478,-6.02e+08),
( 1.482,-3.56e+08),
( 1.485,-1.62e+08),
( 1.488, 1.68e+08),
( 1.492, 1.62e+08),
( 1.495,-2.50e+08),
( 1.499,-2.43e+08),
( 1.502,-7.44e+07),
( 1.505, 2.73e+08),
( 1.509, 2.44e+08),
( 1.512,-3.78e+07),
( 1.515,-5.67e+07),
( 1.519, 1.10e+08),
( 1.522, 3.18e+08),
( 1.525, 3.11e+08),
( 1.529, 8.11e+08),
( 1.532, 7.15e+08),
( 1.536, 2.00e+08),
( 1.539, 2.82e+08),
( 1.542, 4.43e+08),
( 1.546, 3.73e+08),
( 1.549, 5.74e+08),
( 1.552, 5.33e+08),
( 1.556, 4.21e+08),
( 1.559, 3.91e+08),
( 1.563, 9.95e+06),
( 1.566, 1.71e+08),
( 1.569, 2.24e+08),
( 1.573,-3.80e+07),
( 1.576, 3.46e+06),
( 1.580,-1.54e+08),
( 1.583, 8.39e+07),
( 1.586, 1.89e+08),
( 1.590, 2.60e+08),
( 1.593, 5.03e+08),
( 1.596, 2.81e+08),
( 1.600, 4.44e+08),
( 1.603, 1.75e+08),
( 1.607, 3.14e+08),
( 1.610, 1.22e+08),
( 1.613,-1.45e+08),
( 1.617,-1.24e+08),
( 1.620,-1.45e+08),
( 1.623, 3.22e+07),
( 1.627, 2.16e+08),
( 1.630, 1.97e+08),
( 1.633, 1.76e+07),
( 1.637,-1.39e+08),
( 1.640,-2.00e+08),
( 1.644, 1.34e+08),
( 1.647, 1.48e+08),
( 1.650,-9.53e+07),
( 1.654,-2.38e+08),
( 1.657,-2.46e+08),
( 1.660,-5.88e+07),
( 1.664, 9.00e+07),
( 1.667,-4.21e+07),
( 1.671, 4.94e+07),
( 1.674,-2.35e+07),
( 1.677,-1.54e+07),
( 1.681,-5.87e+07),
( 1.684,-4.21e+07),
( 1.688,-2.46e+06),
( 1.691,-6.24e+06),
( 1.694, 5.17e+07),
( 1.698,-1.13e+08),
( 1.701,-1.09e+08),
( 1.704,-1.10e+08),
( 1.708,-2.64e+08),
( 1.711, 4.01e+07),
( 1.715,-2.57e+07),
( 1.718, 2.10e+08),
( 1.721, 4.08e+07),
( 1.725,-2.02e+08),
( 1.728,-2.98e+08),
( 1.731,-4.17e+08),
( 1.735,-3.51e+08),
( 1.738,-2.65e+08),
( 1.741,-2.09e+08),
( 1.745, 1.37e+08),
( 1.748, 1.58e+08),
( 1.752, 3.51e+08),
( 1.755, 3.38e+08),
( 1.758, 3.15e+08),
( 1.762, 1.75e+08),
( 1.765, 1.37e+08),
( 1.768, 2.50e+08),
( 1.772, 4.95e+08),
( 1.775, 3.34e+08),
( 1.779,-6.10e+07),
( 1.782,-2.50e+08),
( 1.785,-4.71e+08),
( 1.789,-2.74e+08),
( 1.792,-3.69e+08),
( 1.796,-1.79e+08),
( 1.799,-4.95e+07),
( 1.802,-4.26e+08),
( 1.806,-6.80e+08),
( 1.809,-2.90e+08),
( 1.812,-7.74e+07),
( 1.816,-1.45e+08),
( 1.819,-4.43e+06),
( 1.823, 3.87e+08),
( 1.826, 4.32e+08),
( 1.829, 1.03e+08),
( 1.833, 1.49e+08),
( 1.836, 1.77e+08),
( 1.839, 1.86e+08),
( 1.843, 1.82e+08),
( 1.846, 2.15e+08),
( 1.849, 1.82e+08),
( 1.853,-3.85e+07),
( 1.856, 3.86e+08),
( 1.860, 2.47e+08),
( 1.863, 1.54e+08),
( 1.866, 1.66e+08),
( 1.870, 1.04e+08),
( 1.873, 1.77e+08),
( 1.876, 4.16e+08),
( 1.880, 2.03e+08),
( 1.883, 2.37e+08),
( 1.887, 2.21e+08),
( 1.890, 4.39e+08),
( 1.893, 7.65e+07),
( 1.897, 4.76e+07),
( 1.900, 1.65e+07),
( 1.904, 1.97e+07),
( 1.907,-6.64e+07),
( 1.910,-8.73e+07),
( 1.914, 1.70e+08),
( 1.917, 2.14e+08),
( 1.920, 3.00e+08),
( 1.924,-2.49e+07),
( 1.927,-9.41e+07),
( 1.931, 6.61e+07),
( 1.934,-1.05e+08),
( 1.937, 2.43e+07),
( 1.941, 4.34e+08),
( 1.944, 3.93e+08),
( 1.947, 2.57e+08),
( 1.951, 4.13e+08),
( 1.954, 4.31e+08),
( 1.957, 3.09e+08),
( 1.961, 6.22e+07),
( 1.964, 2.01e+08),
( 1.968, 6.37e+07),
( 1.971,-2.54e+06),
( 1.974, 1.60e+08),
( 1.978, 3.07e+08),
( 1.981, 3.94e+08),
( 1.984, 4.39e+08),
( 1.988, 5.84e+08),
( 1.991, 4.84e+08),
( 1.995, 1.60e+08),
( 1.998,-7.72e+06),
( 2.001, 1.49e+08),
( 2.005, 1.65e+08),
( 2.008, 2.40e+08),
( 2.012,-5.80e+07),
( 2.015,-1.23e+08),
( 2.018, 3.53e+08),
( 2.022, 2.08e+08),
( 2.025, 4.77e+06),
( 2.028,-2.40e+07),
( 2.032,-4.16e+08),
( 2.035,-6.02e+08),
( 2.039,-3.33e+08),
( 2.042,-4.83e+08),
( 2.045,-6.01e+08),
( 2.049,-6.85e+08),
( 2.052,-7.71e+08),
( 2.055,-4.88e+08),
( 2.059,-9.56e+07),
( 2.062,-2.50e+08),
( 2.065, 1.97e+08),
( 2.069, 2.17e+08),
( 2.072, 5.60e+07),
( 2.076, 4.91e+07),
( 2.079, 2.20e+08),
( 2.082,-1.67e+07),
( 2.086,-1.82e+08),
( 2.089,-1.41e+08),
( 2.092, 2.99e+08),
( 2.096, 1.94e+08),
( 2.099,-1.16e+08)]
