Bolide Detection Notification: 2009-197

At 06:39:05 UT on 16 Jul 2009, sensors aboard U. S. Government satellites recorded
the flash signature of a large meteoroid entry into the atmosphere. Location of the
flash  was Lat 24.4S, Lon 59.8W.

Based upon the visible-light intensity-time signature, peak brightness of the flash
was  determined to be approximately 1.95E11 watts/steradian, and total radiated flash
energy  7.3E11 joules (6000K blackbody model).

Intensity-time signature of the event and integrated intensity are depicted on the
plots  below. On the intensity-time plot, one count on vertical axis corresponds to
2.35E8  watts/steradian. On the integrated intensity plot, one count represents
2.96E9 joules  radiated energy.

Peak Intensity = 1.95e+11 watts/steradian
Total Energy   = 7.44e+11 joules

Intensity=[
( 0.503,-9.80e+08),
( 0.506,-6.02e+08),
( 0.510, 3.22e+07),
( 0.513, 6.27e+08),
( 0.516, 2.56e+08),
( 0.520, 4.10e+08),
( 0.523, 1.54e+08),
( 0.526,-7.01e+08),
( 0.530,-5.20e+08),
( 0.533, 1.74e+08),
( 0.537, 1.19e+09),
( 0.540, 9.69e+08),
( 0.543, 1.80e+08),
( 0.547, 2.29e+08),
( 0.550, 7.78e+08),
( 0.553, 7.52e+08),
( 0.557, 8.51e+08),
( 0.560,-2.57e+08),
( 0.564,-3.75e+08),
( 0.567, 1.02e+09),
( 0.570, 1.09e+09),
( 0.574, 9.80e+07),
( 0.577, 6.80e+08),
( 0.580, 7.19e+08),
( 0.584, 2.37e+09),
( 0.587, 5.49e+09),
( 0.591, 9.22e+09),
( 0.594, 1.05e+10),
( 0.597, 1.30e+10),
( 0.601, 1.43e+10),
( 0.604, 1.71e+10),
( 0.607, 2.19e+10),
( 0.611, 2.58e+10),
( 0.614, 2.97e+10),
( 0.618, 2.83e+10),
( 0.621, 2.60e+10),
( 0.624, 2.58e+10),
( 0.628, 2.72e+10),
( 0.631, 2.74e+10),
( 0.634, 2.80e+10),
( 0.638, 3.29e+10),
( 0.641, 3.80e+10),
( 0.645, 4.05e+10),
( 0.648, 4.46e+10),
( 0.651, 4.96e+10),
( 0.655, 5.53e+10),
( 0.658, 5.90e+10),
( 0.661, 6.61e+10),
( 0.665, 7.29e+10),
( 0.668, 7.51e+10),
( 0.672, 8.02e+10),
( 0.675, 8.30e+10),
( 0.678, 8.23e+10),
( 0.682, 7.81e+10),
( 0.685, 7.64e+10),
( 0.688, 7.52e+10),
( 0.692, 7.87e+10),
( 0.695, 8.52e+10),
( 0.699, 9.45e+10),
( 0.702, 1.05e+11),
( 0.705, 1.17e+11),
( 0.709, 1.28e+11),
( 0.712, 1.31e+11),
( 0.715, 1.32e+11),
( 0.719, 1.35e+11),
( 0.722, 1.39e+11),
( 0.726, 1.43e+11),
( 0.729, 1.44e+11),
( 0.732, 1.37e+11),
( 0.736, 1.35e+11),
( 0.739, 1.37e+11),
( 0.742, 1.40e+11),
( 0.746, 1.43e+11),
( 0.749, 1.43e+11),
( 0.753, 1.42e+11),
( 0.756, 1.32e+11),
( 0.759, 1.19e+11),
( 0.763, 1.15e+11),
( 0.766, 1.14e+11),
( 0.769, 1.17e+11),
( 0.773, 1.19e+11),
( 0.776, 1.24e+11),
( 0.780, 1.28e+11),
( 0.783, 1.28e+11),
( 0.786, 1.28e+11),
( 0.790, 1.31e+11),
( 0.793, 1.32e+11),
( 0.796, 1.35e+11),
( 0.800, 1.39e+11),
( 0.803, 1.46e+11),
( 0.807, 1.56e+11),
( 0.810, 1.60e+11),
( 0.813, 1.62e+11),
( 0.817, 1.66e+11),
( 0.820, 1.71e+11),
( 0.823, 1.81e+11),
( 0.827, 1.90e+11),
( 0.830, 1.95e+11),
( 0.834, 1.91e+11),
( 0.837, 1.78e+11),
( 0.840, 1.61e+11),
( 0.844, 1.47e+11),
( 0.847, 1.33e+11),
( 0.850, 1.26e+11),
( 0.854, 1.21e+11),
( 0.857, 1.17e+11),
( 0.861, 1.18e+11),
( 0.864, 1.19e+11),
( 0.867, 1.17e+11),
( 0.871, 1.17e+11),
( 0.874, 1.18e+11),
( 0.877, 1.20e+11),
( 0.881, 1.21e+11),
( 0.884, 1.28e+11),
( 0.888, 1.30e+11),
( 0.891, 1.34e+11),
( 0.894, 1.34e+11),
( 0.898, 1.33e+11),
( 0.901, 1.34e+11),
( 0.904, 1.33e+11),
( 0.908, 1.33e+11),
( 0.911, 1.34e+11),
( 0.915, 1.33e+11),
( 0.918, 1.26e+11),
( 0.921, 1.22e+11),
( 0.925, 1.21e+11),
( 0.928, 1.19e+11),
( 0.931, 1.17e+11),
( 0.935, 1.18e+11),
( 0.938, 1.16e+11),
( 0.942, 1.12e+11),
( 0.945, 1.10e+11),
( 0.948, 1.06e+11),
( 0.952, 1.07e+11),
( 0.955, 1.03e+11),
( 0.958, 9.97e+10),
( 0.962, 9.55e+10),
( 0.965, 9.19e+10),
( 0.969, 9.00e+10),
( 0.972, 8.99e+10),
( 0.975, 9.02e+10),
( 0.979, 9.15e+10),
( 0.982, 9.34e+10),
( 0.985, 9.64e+10),
( 0.989, 9.53e+10),
( 0.992, 9.36e+10),
( 0.996, 9.22e+10),
( 0.999, 8.67e+10),
( 1.002, 8.52e+10),
( 1.006, 8.37e+10),
( 1.009, 7.92e+10),
( 1.012, 7.22e+10),
( 1.016, 6.81e+10),
( 1.019, 6.62e+10),
( 1.023, 6.34e+10),
( 1.026, 6.04e+10),
( 1.029, 5.42e+10),
( 1.033, 5.22e+10),
( 1.036, 4.64e+10),
( 1.039, 4.42e+10),
( 1.043, 4.20e+10),
( 1.046, 4.10e+10),
( 1.050, 3.68e+10),
( 1.053, 3.39e+10),
( 1.056, 3.20e+10),
( 1.060, 2.86e+10),
( 1.063, 2.68e+10),
( 1.066, 2.36e+10),
( 1.070, 2.37e+10),
( 1.073, 1.95e+10),
( 1.077, 2.04e+10),
( 1.080, 1.79e+10),
( 1.083, 1.69e+10),
( 1.087, 1.57e+10),
( 1.090, 1.44e+10),
( 1.093, 1.27e+10),
( 1.097, 1.19e+10),
( 1.100, 1.09e+10),
( 1.104, 9.78e+09),
( 1.107, 8.24e+09),
( 1.110, 8.80e+09),
( 1.114, 7.71e+09),
( 1.117, 6.42e+09),
( 1.120, 6.14e+09),
( 1.124, 5.89e+09),
( 1.127, 5.08e+09),
( 1.131, 4.76e+09),
( 1.134, 4.19e+09),
( 1.137, 3.12e+09),
( 1.141, 2.38e+09),
( 1.144, 2.65e+09),
( 1.147, 2.99e+09),
( 1.151, 2.27e+09),
( 1.154, 8.97e+08),
( 1.158, 2.08e+09),
( 1.161, 2.33e+09),
( 1.164, 2.58e+09),
( 1.168, 2.18e+09),
( 1.171, 1.61e+09),
( 1.174, 1.17e+09),
( 1.178, 1.01e+09),
( 1.181, 4.66e+08),
( 1.185, 2.09e+09),
( 1.188, 4.14e+09),
( 1.191, 7.41e+09),
( 1.195, 1.08e+10),
( 1.198, 1.73e+10),
( 1.201, 2.11e+10),
( 1.205, 2.50e+10),
( 1.208, 2.69e+10),
( 1.212, 2.75e+10),
( 1.215, 3.60e+10),
( 1.218, 4.23e+10),
( 1.222, 5.01e+10),
( 1.225, 5.63e+10),
( 1.228, 6.00e+10),
( 1.232, 5.69e+10),
( 1.235, 5.66e+10),
( 1.239, 6.02e+10),
( 1.242, 6.46e+10),
( 1.245, 6.75e+10),
( 1.249, 6.37e+10),
( 1.252, 5.66e+10),
( 1.255, 5.30e+10),
( 1.259, 5.95e+10),
( 1.262, 7.05e+10),
( 1.266, 8.22e+10),
( 1.269, 9.44e+10),
( 1.272, 1.05e+11),
( 1.276, 1.10e+11),
( 1.279, 1.05e+11),
( 1.282, 9.44e+10),
( 1.286, 8.53e+10),
( 1.289, 7.27e+10),
( 1.293, 6.23e+10),
( 1.296, 5.92e+10),
( 1.299, 5.41e+10),
( 1.303, 5.12e+10),
( 1.306, 5.15e+10),
( 1.309, 4.98e+10),
( 1.313, 4.89e+10),
( 1.316, 4.67e+10),
( 1.320, 4.56e+10),
( 1.323, 4.45e+10),
( 1.326, 4.29e+10),
( 1.330, 4.06e+10),
( 1.333, 3.85e+10),
( 1.336, 3.82e+10),
( 1.340, 3.73e+10),
( 1.343, 3.53e+10),
( 1.347, 3.39e+10),
( 1.350, 3.15e+10),
( 1.353, 2.94e+10),
( 1.357, 2.84e+10),
( 1.360, 2.69e+10),
( 1.363, 2.44e+10),
( 1.367, 2.23e+10),
( 1.370, 2.20e+10),
( 1.374, 2.09e+10),
( 1.377, 1.95e+10),
( 1.380, 1.64e+10),
( 1.384, 1.60e+10),
( 1.387, 1.44e+10),
( 1.390, 1.34e+10),
( 1.394, 1.24e+10),
( 1.397, 1.15e+10),
( 1.401, 1.13e+10),
( 1.404, 1.01e+10),
( 1.407, 8.61e+09),
( 1.411, 9.17e+09),
( 1.414, 7.35e+09),
( 1.417, 6.19e+09),
( 1.421, 5.44e+09),
( 1.424, 3.77e+09),
( 1.428, 4.64e+09),
( 1.431, 3.19e+09),
( 1.434, 2.44e+09),
( 1.438, 6.24e+08),
( 1.441, 1.20e+09),
( 1.444, 1.66e+09),
( 1.448, 1.33e+09),
( 1.451, 1.38e+09),
( 1.455, 6.37e+08),
( 1.458,-1.65e+09),
( 1.461,-1.13e+09),
( 1.465,-1.26e+09),
( 1.468,-1.26e+09),
( 1.471,-1.47e+09),
( 1.475,-2.14e+09),
( 1.478,-1.11e+09),
( 1.482,-2.61e+09),
( 1.485,-1.35e+09),
( 1.488,-1.28e+09),
( 1.492,-9.70e+08),
( 1.495,-1.57e+09),
( 1.498,-2.67e+09),
( 1.502,-1.71e+09),
( 1.505,-1.72e+09),
( 1.509,-9.77e+08),
( 1.512,-1.27e+09),
( 1.515,-2.55e+09),
( 1.519,-2.79e+09),
( 1.522,-2.70e+09),
( 1.525,-2.85e+09),
( 1.529,-2.82e+09),
( 1.532,-2.92e+09),
( 1.536,-1.29e+09),
( 1.539,-2.17e+09),
( 1.542,-2.76e+09),
( 1.546,-1.20e+09),
( 1.549,-5.43e+08),
( 1.552,-1.73e+09),
( 1.556,-1.34e+09),
( 1.559,-2.40e+09),
( 1.563,-3.12e+09),
( 1.566,-2.45e+09),
( 1.569,-2.76e+09),
( 1.573,-1.49e+09),
( 1.576,-1.70e+09),
( 1.579,-3.44e+09),
( 1.583,-2.41e+09),
( 1.586,-1.57e+09),
( 1.590,-7.04e+08),
( 1.593,-3.36e+08),
( 1.596,-1.92e+09),
( 1.600,-2.38e+09),
( 1.603,-3.54e+09),
( 1.606,-2.81e+09),
( 1.610,-2.44e+09),
( 1.613,-2.72e+09),
( 1.617,-3.35e+09),
( 1.620,-1.60e+09),
( 1.623,-1.10e+09),
( 1.627,-1.84e+09),
( 1.630,-3.00e+08),
( 1.633,-1.93e+09),
( 1.637,-1.03e+09),
( 1.640,-1.44e+09),
( 1.644,-1.81e+09),
( 1.647,-2.06e+09),
( 1.650,-1.32e+09),
( 1.654,-3.06e+09),
( 1.657,-2.01e+09),
( 1.660,-1.86e+09),
( 1.664,-1.08e+09),
( 1.667,-4.61e+08),
( 1.671,-5.07e+08),
( 1.674,-6.32e+08),
( 1.677, 2.57e+07),
( 1.681,-1.72e+09),
( 1.684,-1.51e+09),
( 1.687,-1.29e+09),
( 1.691,-2.58e+09),
( 1.694,-8.35e+08),
( 1.698,-1.68e+09),
( 1.701,-1.66e+09),
( 1.704,-4.77e+08),
( 1.708,-2.15e+09),
( 1.711,-1.69e+09),
( 1.714,-3.59e+08),
( 1.718,-1.85e+09),
( 1.721,-1.49e+08),
( 1.725,-1.50e+09),
( 1.728,-2.83e+08),
( 1.731,-3.36e+08),
( 1.735,-2.76e+09),
( 1.738,-1.79e+09),
( 1.741,-1.86e+09),
( 1.745,-7.63e+08),
( 1.748,-3.92e+06),
( 1.752,-1.18e+09),
( 1.755,-1.45e+09),
( 1.758,-1.84e+09),
( 1.762,-8.98e+08),
( 1.765,-1.09e+09),
( 1.768,-1.18e+09),
( 1.772,-1.95e+09),
( 1.775,-8.88e+08),
( 1.779,-1.47e+09),
( 1.782,-1.65e+09),
( 1.785,-8.06e+08),
( 1.789, 5.58e+08),
( 1.792,-6.55e+08),
( 1.795,-7.34e+08),
( 1.799,-1.06e+08),
( 1.802,-9.93e+08),
( 1.806,-1.67e+09),
( 1.809,-5.73e+08),
( 1.812,-1.62e+09),
( 1.816,-2.01e+09),
( 1.819,-1.30e+09),
( 1.822,-9.44e+08),
( 1.826,-1.49e+09),
( 1.829,-2.50e+09),
( 1.833,-2.04e+09),
( 1.836,-2.92e+09),
( 1.839,-1.20e+09),
( 1.843,-1.30e+09),
( 1.846,-2.26e+09),
( 1.849,-9.11e+08),
( 1.853,-1.32e+08),
( 1.856,-1.49e+09),
( 1.860, 2.52e+08),
( 1.863,-5.27e+08),
( 1.866,-2.32e+09),
( 1.870,-1.03e+09),
( 1.873,-8.65e+08),
( 1.876,-1.51e+09),
( 1.880,-1.57e+09),
( 1.883,-1.23e+09),
( 1.887,-1.56e+09),
( 1.890,-1.87e+09),
( 1.893,-1.20e+09),
( 1.897,-1.92e+09),
( 1.900,-9.70e+08),
( 1.903,-1.28e+09),
( 1.907,-1.57e+09),
( 1.910,-1.59e+09),
( 1.914,-1.03e+09),
( 1.917,-1.00e+09),
( 1.920,-1.25e+09),
( 1.924, 2.20e+08),
( 1.927,-4.77e+08),
( 1.930, 1.80e+08),
( 1.934,-1.32e+09),
( 1.937,-2.93e+08),
( 1.941,-1.16e+09),
( 1.944,-9.41e+08),
( 1.947,-1.30e+09),
( 1.951, 2.43e+08),
( 1.954,-7.01e+08),
( 1.957,-1.56e+09),
( 1.961,-8.98e+08),
( 1.964,-4.61e+08),
( 1.968,-1.45e+09),
( 1.971,-2.70e+08),
( 1.974,-9.80e+08),
( 1.978,-3.79e+08),
( 1.981,-7.89e+08),
( 1.984,-1.06e+09),
( 1.988,-5.56e+08),
( 1.991,-5.17e+08),
( 1.995,-1.42e+09),
( 1.998,-1.82e+09)]
