Bolide Detection Notification: 2019-283

At 16:16:36 UT on 10 Oct 2019, sensors aboard U. S. Government satellites recorded
the flash signature of a large meteoroid entry into the atmosphere. Location of the
flash  was Lat 44.3N, Lon 122.9E.

Based upon the visible-light intensity-time signature, peak brightness of the flash
was  determined to be approximately 1.3e10 watts/steradian, and total radiated flash
energy  20.6e10 joules (6000K blackbody model).

Intensity-time signature of the event and integrated intensity are depicted on the
plots  below. On the intensity-time plot, one count on vertical axis corresponds to
2.35E8  watts/steradian. On the integrated intensity plot, one count represents
2.96E9 joules  radiated energy.

Peak Intensity = 2.61e+09 watts/steradian
Total Energy   = 8.70e+11 joules

Intensity=[
(-2.400, 1.78e+07),
(-2.396,-2.76e+08),
(-2.393,-1.13e+08),
(-2.389,-5.86e+07),
(-2.386, 5.73e+07),
(-2.383, 1.26e+07),
(-2.379,-4.96e+07),
(-2.376, 2.66e+06),
(-2.373,-6.97e+05),
(-2.369, 1.00e+08),
(-2.366,-9.98e+07),
(-2.363, 1.44e+08),
(-2.359, 5.01e+07),
(-2.356, 3.59e+07),
(-2.352, 2.95e+07),
(-2.349, 2.04e+08),
(-2.346, 5.36e+07),
(-2.342, 1.45e+08),
(-2.339,-1.10e+08),
(-2.335, 2.80e+08),
(-2.332,-6.60e+07),
(-2.329,-1.02e+08),
(-2.325, 7.29e+07),
(-2.322, 2.45e+08),
(-2.319, 6.65e+07),
(-2.315, 1.09e+08),
(-2.312, 1.16e+08),
(-2.309, 2.33e+07),
(-2.305, 1.68e+08),
(-2.302,-8.75e+07),
(-2.298, 9.32e+07),
(-2.295,-4.08e+07),
(-2.292, 1.66e+08),
(-2.288, 1.88e+08),
(-2.285,-9.06e+07),
(-2.281, 1.73e+08),
(-2.278, 1.79e+08),
(-2.275, 1.39e+08),
(-2.271,-4.27e+07),
(-2.268,-3.30e+07),
(-2.265, 6.77e+07),
(-2.261, 1.28e+08),
(-2.258, 3.55e+08),
(-2.255, 2.16e+08),
(-2.251,-4.08e+07),
(-2.248, 1.02e+08),
(-2.244, 1.25e+08),
(-2.241, 2.67e+08),
(-2.238, 1.87e+08),
(-2.234, 1.13e+08),
(-2.231, 1.71e+08),
(-2.227, 6.68e+07),
(-2.224,-3.92e+07),
(-2.221, 2.59e+08),
(-2.217, 4.83e+07),
(-2.214,-5.98e+07),
(-2.211,-8.32e+06),
(-2.207, 1.08e+08),
(-2.204, 1.76e+08),
(-2.201, 1.03e+08),
(-2.197, 3.89e+07),
(-2.194, 2.75e+08),
(-2.190, 2.31e+08),
(-2.187, 1.26e+08),
(-2.184, 7.68e+07),
(-2.180, 2.49e+08),
(-2.177, 8.57e+07),
(-2.173, 1.37e+08),
(-2.170, 1.74e+08),
(-2.167, 9.17e+07),
(-2.163, 7.17e+07),
(-2.160, 2.05e+08),
(-2.157,-1.38e+08),
(-2.153,-6.26e+07),
(-2.150, 1.78e+07),
(-2.147,-1.80e+08),
(-2.143,-1.11e+08),
(-2.140, 1.21e+08),
(-2.136,-1.25e+08),
(-2.133, 4.10e+07),
(-2.130, 5.46e+07),
(-2.126, 1.29e+08),
(-2.123,-2.57e+07),
(-2.119,-3.45e+07),
(-2.116, 3.67e+08),
(-2.113,-8.77e+07),
(-2.109,-8.29e+06),
(-2.106, 8.47e+07),
(-2.103, 4.54e+05),
(-2.099, 3.24e+07),
(-2.096, 6.87e+07),
(-2.093, 1.85e+08),
(-2.089, 9.25e+07),
(-2.086, 1.24e+08),
(-2.082, 1.64e+08),
(-2.079, 4.63e+07),
(-2.076, 4.15e+07),
(-2.072, 1.56e+07),
(-2.069, 1.01e+08),
(-2.065, 1.45e+08),
(-2.062, 3.01e+07),
(-2.059, 1.01e+08),
(-2.055, 9.21e+07),
(-2.052,-1.18e+07),
(-2.049, 1.20e+08),
(-2.045,-1.38e+08),
(-2.042, 1.03e+08),
(-2.039,-1.29e+08),
(-2.035, 3.09e+07),
(-2.032, 1.13e+08),
(-2.028, 1.57e+08),
(-2.025,-3.85e+07),
(-2.022, 8.68e+07),
(-2.018, 2.27e+08),
(-2.015, 2.11e+08),
(-2.011,-1.92e+08),
(-2.008, 1.58e+08),
(-2.005,-6.69e+07),
(-2.001, 1.46e+08),
(-1.998,-5.11e+07),
(-1.995, 2.48e+07),
(-1.991, 9.04e+07),
(-1.988,-3.00e+07),
(-1.985,-4.99e+07),
(-1.981,-1.50e+07),
(-1.978, 2.59e+08),
(-1.974, 1.34e+08),
(-1.971, 4.69e+06),
(-1.968, 2.00e+08),
(-1.964,-1.27e+08),
(-1.961,-1.19e+08),
(-1.957, 1.85e+08),
(-1.954, 2.74e+08),
(-1.951, 2.46e+08),
(-1.947, 4.32e+07),
(-1.944, 2.57e+08),
(-1.941, 2.54e+08),
(-1.937, 1.23e+08),
(-1.934, 9.57e+07),
(-1.931, 6.31e+07),
(-1.927, 1.45e+08),
(-1.924, 2.96e+08),
(-1.920, 7.74e+07),
(-1.917, 5.31e+07),
(-1.914, 1.07e+08),
(-1.910, 9.88e+07),
(-1.907, 7.21e+07),
(-1.903,-1.19e+08),
(-1.900,-2.07e+08),
(-1.897,-1.23e+08),
(-1.893, 2.05e+08),
(-1.890,-9.64e+07),
(-1.887,-1.20e+08),
(-1.883,-1.26e+08),
(-1.880, 2.34e+07),
(-1.877,-6.67e+07),
(-1.873,-5.37e+07),
(-1.870, 2.64e+08),
(-1.866, 1.15e+08),
(-1.863, 4.77e+07),
(-1.860,-2.01e+08),
(-1.856, 2.73e+07),
(-1.853, 2.15e+07),
(-1.849, 1.66e+07),
(-1.846,-8.64e+07),
(-1.843, 2.19e+08),
(-1.839,-1.65e+08),
(-1.836,-4.65e+07),
(-1.833, 1.40e+07),
(-1.829, 1.70e+08),
(-1.826, 4.55e+07),
(-1.823, 3.13e+07),
(-1.819, 9.14e+05),
(-1.816,-1.06e+08),
(-1.812, 2.08e+08),
(-1.809, 1.28e+08),
(-1.806, 2.67e+08),
(-1.802, 1.81e+07),
(-1.799, 6.74e+07),
(-1.795, 1.10e+07),
(-1.792, 1.19e+07),
(-1.789, 3.44e+07),
(-1.785,-7.71e+07),
(-1.782, 2.27e+07),
(-1.779, 3.28e+06),
(-1.775, 1.07e+08),
(-1.772, 4.17e+06),
(-1.769, 4.86e+06),
(-1.765,-1.10e+08),
(-1.762,-6.34e+07),
(-1.758,-8.41e+07),
(-1.755,-9.55e+07),
(-1.752,-1.90e+08),
(-1.748,-1.08e+08),
(-1.745,-1.65e+08),
(-1.741, 1.91e+08),
(-1.738,-8.07e+07),
(-1.735,-9.32e+07),
(-1.731,-1.18e+08),
(-1.728, 1.17e+08),
(-1.725, 1.84e+08),
(-1.721,-1.51e+08),
(-1.718, 5.53e+07),
(-1.715, 1.47e+08),
(-1.711,-1.82e+08),
(-1.708,-1.72e+08),
(-1.704, 2.79e+08),
(-1.701,-7.93e+06),
(-1.698,-1.14e+08),
(-1.694,-3.37e+07),
(-1.691,-1.89e+07),
(-1.687,-1.30e+08),
(-1.684,-3.77e+08),
(-1.681,-1.50e+08),
(-1.677,-4.76e+07),
(-1.674, 9.83e+07),
(-1.671, 1.39e+08),
(-1.667, 7.48e+07),
(-1.664, 1.64e+08),
(-1.661, 3.12e+07),
(-1.657,-2.20e+08),
(-1.654, 1.54e+07),
(-1.650, 3.75e+07),
(-1.647, 5.94e+07),
(-1.644,-8.13e+07),
(-1.640,-1.30e+08),
(-1.637,-6.09e+07),
(-1.633,-5.61e+07),
(-1.630,-1.17e+08),
(-1.627, 9.69e+06),
(-1.623,-7.01e+06),
(-1.620,-2.44e+08),
(-1.617,-2.11e+08),
(-1.613,-1.20e+08),
(-1.610,-2.83e+08),
(-1.607, 6.27e+07),
(-1.603,-2.15e+08),
(-1.600,-3.42e+07),
(-1.596, 8.51e+06),
(-1.593,-9.57e+07),
(-1.590,-2.31e+08),
(-1.586,-1.35e+08),
(-1.583,-3.29e+08),
(-1.579, 1.70e+08),
(-1.576, 6.79e+07),
(-1.573,-1.18e+08),
(-1.569,-1.22e+07),
(-1.566, 1.97e+08),
(-1.563, 3.67e+06),
(-1.559, 7.04e+07),
(-1.556, 2.29e+08),
(-1.553,-8.71e+07),
(-1.549,-1.52e+06),
(-1.546,-2.98e+07),
(-1.542, 2.53e+08),
(-1.539, 3.26e+08),
(-1.536, 1.10e+08),
(-1.532, 5.29e+07),
(-1.529, 4.86e+07),
(-1.525,-3.72e+07),
(-1.522, 3.29e+08),
(-1.519, 2.34e+07),
(-1.515, 5.72e+07),
(-1.512, 8.23e+07),
(-1.509, 1.15e+08),
(-1.505, 4.73e+07),
(-1.502, 2.20e+07),
(-1.499, 3.61e+08),
(-1.495, 3.02e+07),
(-1.492,-1.46e+08),
(-1.488, 4.99e+07),
(-1.485, 1.96e+08),
(-1.482, 3.03e+08),
(-1.478, 1.06e+08),
(-1.475, 2.49e+07),
(-1.471,-2.19e+08),
(-1.468,-1.35e+07),
(-1.465, 4.56e+07),
(-1.461, 5.41e+07),
(-1.458, 2.96e+08),
(-1.455,-1.23e+08),
(-1.451, 1.39e+08),
(-1.448,-8.75e+06),
(-1.445, 1.65e+07),
(-1.441, 1.45e+07),
(-1.438, 8.74e+07),
(-1.434, 1.02e+07),
(-1.431,-1.49e+06),
(-1.428,-3.56e+06),
(-1.424, 1.23e+08),
(-1.421, 6.80e+07),
(-1.417,-1.23e+08),
(-1.414,-5.12e+07),
(-1.411,-2.04e+08),
(-1.407, 3.98e+07),
(-1.404,-5.64e+07),
(-1.401, 3.95e+07),
(-1.397, 4.01e+07),
(-1.394,-1.06e+08),
(-1.391,-8.29e+07),
(-1.387, 1.18e+08),
(-1.384, 1.43e+08),
(-1.380, 1.03e+08),
(-1.377,-6.06e+07),
(-1.374,-2.63e+08),
(-1.370,-9.43e+07),
(-1.367, 2.02e+08),
(-1.363,-1.62e+08),
(-1.360,-5.80e+07),
(-1.357,-1.22e+08),
(-1.353,-3.39e+08),
(-1.350,-5.42e+07),
(-1.347,-1.48e+08),
(-1.343, 3.20e+07),
(-1.340, 2.56e+06),
(-1.337, 5.46e+07),
(-1.333,-5.96e+07),
(-1.330,-2.83e+06),
(-1.326, 1.15e+08),
(-1.323, 1.70e+08),
(-1.320, 1.50e+08),
(-1.316,-1.25e+08),
(-1.313,-3.26e+07),
(-1.309, 3.70e+08),
(-1.306, 1.23e+08),
(-1.303, 5.43e+07),
(-1.299, 5.09e+07),
(-1.296,-2.40e+08),
(-1.293, 8.03e+07),
(-1.289, 5.03e+07),
(-1.286, 1.97e+08),
(-1.283, 2.34e+07),
(-1.279, 1.36e+08),
(-1.276, 2.67e+07),
(-1.272,-1.38e+08),
(-1.269,-2.04e+08),
(-1.266,-1.17e+08),
(-1.262, 2.22e+08),
(-1.259, 1.40e+08),
(-1.255,-5.69e+07),
(-1.252, 4.59e+07),
(-1.249, 2.09e+08),
(-1.245, 4.74e+07),
(-1.242,-5.08e+07),
(-1.239, 1.37e+08),
(-1.235, 5.83e+07),
(-1.232, 2.03e+08),
(-1.229, 2.33e+08),
(-1.225, 3.84e+08),
(-1.222, 1.25e+07),
(-1.218,-1.01e+08),
(-1.215, 2.33e+07),
(-1.212, 7.14e+07),
(-1.208,-8.19e+07),
(-1.205, 2.80e+08),
(-1.201, 1.65e+08),
(-1.198, 2.28e+08),
(-1.195, 1.30e+08),
(-1.191, 2.25e+08),
(-1.188, 1.79e+08),
(-1.185, 9.24e+07),
(-1.181, 1.96e+08),
(-1.178, 2.32e+08),
(-1.175, 2.82e+08),
(-1.171, 4.74e+08),
(-1.168, 4.02e+08),
(-1.164, 3.12e+08),
(-1.161, 1.25e+08),
(-1.158, 1.08e+08),
(-1.154, 1.65e+08),
(-1.151, 1.67e+08),
(-1.147, 3.51e+08),
(-1.144, 3.60e+08),
(-1.141, 1.37e+08),
(-1.137, 2.93e+07),
(-1.134, 2.97e+08),
(-1.131, 2.50e+08),
(-1.127, 1.59e+08),
(-1.124, 7.40e+07),
(-1.121,-1.23e+07),
(-1.117, 7.68e+07),
(-1.114, 1.16e+08),
(-1.110, 7.39e+07),
(-1.107, 4.91e+07),
(-1.104, 7.52e+07),
(-1.100, 1.47e+08),
(-1.097, 1.68e+08),
(-1.093, 1.08e+08),
(-1.090, 3.58e+08),
(-1.087, 1.66e+08),
(-1.083, 2.32e+07),
(-1.080, 3.05e+07),
(-1.077, 3.70e+08),
(-1.073, 3.24e+08),
(-1.070,-1.67e+07),
(-1.067, 8.24e+07),
(-1.063, 1.65e+08),
(-1.060, 6.42e+07),
(-1.056, 1.31e+08),
(-1.053, 1.32e+08),
(-1.050,-3.01e+07),
(-1.046, 5.80e+07),
(-1.043, 1.59e+08),
(-1.039,-6.81e+06),
(-1.036, 1.73e+08),
(-1.033, 4.38e+08),
(-1.029, 2.47e+08),
(-1.026, 1.63e+08),
(-1.023, 3.94e+06),
(-1.019, 9.56e+07),
(-1.016, 9.22e+07),
(-1.013, 8.97e+06),
(-1.009, 2.60e+08),
(-1.006, 1.40e+08),
(-1.002, 5.15e+07),
(-0.999, 2.52e+08),
(-0.996,-5.72e+07),
(-0.992, 2.13e+08),
(-0.989, 8.71e+07),
(-0.985, 1.57e+08),
(-0.982, 1.13e+08),
(-0.979, 3.42e+07),
(-0.975, 1.97e+08),
(-0.972, 3.07e+08),
(-0.969, 6.56e+07),
(-0.965, 3.90e+07),
(-0.962, 7.02e+07),
(-0.959, 1.43e+08),
(-0.955, 1.27e+08),
(-0.952,-3.52e+06),
(-0.948,-3.20e+07),
(-0.945,-1.08e+07),
(-0.942, 1.66e+08),
(-0.938, 8.86e+07),
(-0.935, 1.54e+08),
(-0.931,-6.15e+07),
(-0.928,-1.17e+08),
(-0.925, 3.26e+08),
(-0.921, 7.97e+07),
(-0.918, 1.62e+08),
(-0.915, 6.18e+07),
(-0.911, 6.53e+07),
(-0.908, 3.97e+07),
(-0.905, 2.21e+08),
(-0.901, 8.29e+07),
(-0.898, 2.46e+06),
(-0.894,-5.63e+07),
(-0.891, 1.11e+08),
(-0.888, 2.64e+08),
(-0.884, 2.66e+07),
(-0.881, 1.42e+08),
(-0.877, 1.95e+08),
(-0.874, 1.82e+08),
(-0.871, 2.00e+08),
(-0.867, 2.98e+08),
(-0.864,-5.68e+07),
(-0.861, 1.22e+08),
(-0.857, 2.64e+08),
(-0.854, 1.07e+08),
(-0.851, 2.13e+08),
(-0.847,-7.56e+07),
(-0.844, 3.45e+07),
(-0.840,-2.97e+07),
(-0.837, 6.58e+07),
(-0.834, 2.75e+08),
(-0.830, 4.35e+08),
(-0.827, 6.11e+07),
(-0.823, 2.03e+08),
(-0.820, 1.74e+08),
(-0.817, 2.51e+08),
(-0.813, 1.66e+08),
(-0.810, 3.06e+08),
(-0.807, 2.01e+08),
(-0.803, 2.29e+08),
(-0.800, 4.33e+08),
(-0.797, 2.82e+06),
(-0.793, 1.56e+08),
(-0.790,-2.90e+07),
(-0.786, 3.71e+08),
(-0.783, 2.32e+08),
(-0.780, 2.43e+08),
(-0.776, 1.06e+08),
(-0.773, 1.18e+06),
(-0.769, 2.28e+08),
(-0.766, 1.43e+08),
(-0.763, 2.37e+08),
(-0.759, 2.23e+08),
(-0.756, 1.03e+08),
(-0.753, 4.01e+08),
(-0.749, 2.53e+08),
(-0.746, 3.05e+08),
(-0.743, 2.17e+08),
(-0.739, 1.04e+08),
(-0.736, 2.16e+08),
(-0.732, 2.54e+07),
(-0.729, 6.52e+07),
(-0.726, 4.10e+08),
(-0.722, 3.78e+08),
(-0.719, 1.83e+08),
(-0.715, 2.79e+08),
(-0.712, 6.61e+07),
(-0.709, 1.17e+07),
(-0.705, 3.05e+08),
(-0.702, 2.59e+08),
(-0.699,-3.55e+07),
(-0.695, 8.68e+07),
(-0.692, 1.03e+08),
(-0.689, 4.88e+07),
(-0.685,-2.45e+08),
(-0.682, 3.61e+07),
(-0.678, 2.70e+08),
(-0.675,-7.39e+07),
(-0.672, 1.80e+08),
(-0.668, 2.71e+08),
(-0.665, 1.24e+08),
(-0.661, 3.09e+08),
(-0.658, 2.09e+08),
(-0.655, 1.48e+08),
(-0.651, 1.59e+08),
(-0.648, 2.24e+08),
(-0.645, 2.14e+08),
(-0.641, 1.47e+07),
(-0.638, 1.46e+08),
(-0.635, 1.64e+08),
(-0.631, 1.64e+08),
(-0.628, 2.41e+07),
(-0.624, 4.42e+08),
(-0.621, 2.79e+08),
(-0.618, 2.29e+08),
(-0.614, 2.51e+08),
(-0.611, 8.79e+07),
(-0.607, 1.70e+08),
(-0.604, 3.25e+08),
(-0.601, 2.45e+08),
(-0.597, 3.58e+07),
(-0.594, 2.82e+08),
(-0.591, 3.38e+08),
(-0.587, 2.26e+08),
(-0.584,-3.37e+07),
(-0.581, 1.14e+08),
(-0.577, 7.88e+07),
(-0.574, 1.96e+08),
(-0.570, 1.50e+08),
(-0.567, 1.52e+08),
(-0.564, 2.40e+08),
(-0.560, 2.51e+08),
(-0.557,-3.05e+07),
(-0.553, 8.89e+07),
(-0.550, 9.03e+07),
(-0.547, 2.23e+06),
(-0.543,-1.18e+08),
(-0.540, 9.69e+07),
(-0.537, 1.43e+08),
(-0.533, 1.42e+08),
(-0.530, 2.66e+08),
(-0.527, 9.88e+07),
(-0.523,-1.22e+08),
(-0.520, 1.45e+08),
(-0.516, 3.25e+08),
(-0.513,-1.26e+08),
(-0.510, 1.69e+08),
(-0.506, 3.45e+08),
(-0.503, 1.52e+08),
(-0.499, 2.88e+08),
(-0.496, 1.20e+08),
(-0.493, 1.09e+08),
(-0.489, 2.84e+08),
(-0.486, 3.58e+08),
(-0.483, 2.84e+08),
(-0.479, 2.88e+08),
(-0.476, 9.06e+07),
(-0.473, 1.62e+08),
(-0.469, 2.46e+08),
(-0.466, 3.50e+08),
(-0.462, 4.64e+08),
(-0.459, 7.13e+07),
(-0.456, 4.20e+08),
(-0.452, 4.12e+08),
(-0.449, 2.71e+08),
(-0.445, 1.87e+08),
(-0.442, 5.10e+08),
(-0.439, 1.18e+07),
(-0.435, 2.81e+08),
(-0.432, 4.38e+08),
(-0.429, 1.36e+08),
(-0.425, 3.50e+08),
(-0.422, 4.35e+07),
(-0.419, 3.96e+08),
(-0.415, 4.13e+08),
(-0.412, 2.65e+08),
(-0.408, 3.14e+08),
(-0.405, 1.42e+08),
(-0.402, 2.01e+08),
(-0.398, 4.12e+08),
(-0.395, 3.09e+08),
(-0.391, 2.76e+08),
(-0.388, 3.10e+08),
(-0.385, 3.60e+08),
(-0.381, 2.57e+08),
(-0.378, 3.40e+08),
(-0.375, 3.13e+08),
(-0.371, 2.63e+08),
(-0.368, 2.91e+08),
(-0.365, 4.24e+08),
(-0.361, 4.31e+08),
(-0.358, 3.16e+08),
(-0.354, 2.07e+08),
(-0.351, 1.14e+08),
(-0.348, 3.93e+08),
(-0.344, 3.33e+08),
(-0.341, 3.46e+08),
(-0.337, 2.36e+08),
(-0.334, 3.25e+08),
(-0.331, 3.40e+08),
(-0.327, 3.11e+08),
(-0.324, 2.21e+08),
(-0.321, 3.10e+08),
(-0.317, 4.04e+08),
(-0.314, 3.25e+08),
(-0.311, 1.83e+08),
(-0.307, 2.67e+08),
(-0.304, 3.61e+08),
(-0.300, 3.08e+08),
(-0.297, 4.06e+08),
(-0.294, 3.35e+08),
(-0.290, 3.69e+08),
(-0.287, 3.57e+08),
(-0.283, 4.91e+08),
(-0.280, 6.04e+08),
(-0.277, 5.55e+08),
(-0.273, 4.46e+08),
(-0.270, 2.22e+08),
(-0.267, 4.10e+08),
(-0.263, 6.25e+08),
(-0.260, 3.46e+08),
(-0.257, 2.47e+08),
(-0.253, 5.00e+08),
(-0.250, 3.43e+08),
(-0.246, 3.96e+08),
(-0.243, 2.91e+08),
(-0.240, 4.35e+08),
(-0.236, 7.60e+08),
(-0.233, 5.13e+08),
(-0.229, 3.52e+08),
(-0.226, 2.87e+08),
(-0.223, 3.92e+08),
(-0.219, 5.96e+08),
(-0.216, 2.85e+08),
(-0.213, 3.76e+08),
(-0.209, 6.02e+08),
(-0.206, 3.84e+08),
(-0.203, 2.31e+08),
(-0.199, 3.32e+08),
(-0.196, 1.37e+08),
(-0.192, 3.00e+08),
(-0.189, 4.28e+08),
(-0.186, 5.68e+08),
(-0.182, 5.82e+08),
(-0.179, 2.29e+08),
(-0.175, 4.65e+08),
(-0.172, 5.37e+08),
(-0.169, 6.05e+08),
(-0.165, 6.61e+08),
(-0.162, 7.08e+08),
(-0.159, 2.45e+08),
(-0.155, 3.70e+08),
(-0.152, 3.20e+08),
(-0.149, 4.73e+08),
(-0.145, 5.47e+08),
(-0.142, 5.69e+08),
(-0.138, 7.84e+08),
(-0.135, 3.39e+08),
(-0.132, 5.48e+08),
(-0.128, 7.28e+08),
(-0.125, 6.84e+08),
(-0.121, 4.89e+08),
(-0.118, 8.23e+08),
(-0.115, 6.93e+08),
(-0.111, 6.84e+08),
(-0.108, 8.43e+08),
(-0.105, 9.19e+08),
(-0.101, 8.12e+08),
(-0.098, 8.22e+08),
(-0.095, 7.67e+08),
(-0.091, 9.73e+08),
(-0.088, 8.14e+08),
(-0.084, 9.38e+08),
(-0.081, 9.02e+08),
(-0.078, 9.10e+08),
(-0.074, 5.87e+08),
(-0.071, 9.30e+08),
(-0.067, 1.06e+09),
(-0.064, 8.04e+08),
(-0.061, 7.79e+08),
(-0.057, 7.14e+08),
(-0.054, 7.09e+08),
(-0.051, 7.58e+08),
(-0.047, 7.51e+08),
(-0.044, 8.43e+08),
(-0.041, 7.10e+08),
(-0.037, 6.48e+08),
(-0.034, 9.26e+08),
(-0.030, 9.91e+08),
(-0.027, 6.81e+08),
(-0.024, 6.52e+08),
(-0.020, 1.18e+09),
(-0.017, 8.06e+08),
(-0.013, 8.60e+08),
(-0.010, 9.63e+08),
(-0.007, 1.08e+09),
(-0.003, 1.04e+09),
(-0.000, 1.24e+09),
( 0.003, 1.00e+09),
( 0.007, 1.03e+09),
( 0.010, 1.26e+09),
( 0.013, 1.18e+09),
( 0.017, 1.17e+09),
( 0.020, 9.85e+08),
( 0.024, 1.38e+09),
( 0.027, 1.10e+09),
( 0.030, 1.45e+09),
( 0.034, 1.06e+09),
( 0.037, 9.10e+08),
( 0.041, 9.30e+08),
( 0.044, 1.25e+09),
( 0.047, 9.82e+08),
( 0.051, 1.13e+09),
( 0.054, 8.68e+08),
( 0.057, 1.28e+09),
( 0.061, 1.29e+09),
( 0.064, 1.06e+09),
( 0.067, 9.90e+08),
( 0.071, 9.88e+08),
( 0.074, 1.01e+09),
( 0.078, 1.25e+09),
( 0.081, 1.09e+09),
( 0.084, 1.23e+09),
( 0.088, 1.21e+09),
( 0.091, 1.08e+09),
( 0.095, 1.14e+09),
( 0.098, 1.14e+09),
( 0.101, 1.01e+09),
( 0.105, 1.25e+09),
( 0.108, 1.26e+09),
( 0.111, 1.06e+09),
( 0.115, 1.18e+09),
( 0.118, 1.03e+09),
( 0.121, 1.16e+09),
( 0.125, 1.31e+09),
( 0.128, 1.23e+09),
( 0.132, 1.08e+09),
( 0.135, 1.26e+09),
( 0.138, 1.23e+09),
( 0.142, 1.51e+09),
( 0.145, 1.39e+09),
( 0.149, 1.59e+09),
( 0.152, 1.58e+09),
( 0.155, 1.56e+09),
( 0.159, 1.36e+09),
( 0.162, 1.68e+09),
( 0.165, 1.19e+09),
( 0.169, 1.67e+09),
( 0.172, 1.50e+09),
( 0.175, 1.43e+09),
( 0.179, 1.45e+09),
( 0.182, 1.54e+09),
( 0.186, 1.59e+09),
( 0.189, 1.92e+09),
( 0.192, 1.89e+09),
( 0.196, 1.67e+09),
( 0.199, 1.72e+09),
( 0.203, 1.89e+09),
( 0.206, 1.57e+09),
( 0.209, 1.85e+09),
( 0.213, 1.87e+09),
( 0.216, 1.78e+09),
( 0.219, 1.59e+09),
( 0.223, 1.81e+09),
( 0.226, 1.51e+09),
( 0.229, 1.49e+09),
( 0.233, 1.73e+09),
( 0.236, 1.61e+09),
( 0.240, 1.60e+09),
( 0.243, 1.66e+09),
( 0.246, 1.92e+09),
( 0.250, 1.74e+09),
( 0.253, 1.79e+09),
( 0.257, 1.94e+09),
( 0.260, 1.74e+09),
( 0.263, 2.14e+09),
( 0.267, 1.77e+09),
( 0.270, 1.86e+09),
( 0.273, 2.18e+09),
( 0.277, 1.99e+09),
( 0.280, 2.08e+09),
( 0.283, 2.45e+09),
( 0.287, 1.98e+09),
( 0.290, 2.10e+09),
( 0.294, 2.16e+09),
( 0.297, 2.09e+09),
( 0.300, 2.25e+09),
( 0.304, 1.77e+09),
( 0.307, 2.18e+09),
( 0.311, 2.03e+09),
( 0.314, 2.24e+09),
( 0.317, 2.15e+09),
( 0.321, 2.19e+09),
( 0.324, 2.05e+09),
( 0.327, 2.25e+09),
( 0.331, 2.23e+09),
( 0.334, 2.58e+09),
( 0.337, 2.07e+09),
( 0.341, 2.28e+09),
( 0.344, 2.54e+09),
( 0.348, 2.39e+09),
( 0.351, 2.23e+09),
( 0.354, 2.38e+09),
( 0.358, 2.38e+09),
( 0.361, 2.26e+09),
( 0.365, 2.15e+09),
( 0.368, 2.17e+09),
( 0.371, 2.27e+09),
( 0.375, 2.20e+09),
( 0.378, 2.21e+09),
( 0.381, 2.30e+09),
( 0.385, 2.37e+09),
( 0.388, 2.08e+09),
( 0.391, 2.14e+09),
( 0.395, 2.11e+09),
( 0.398, 2.26e+09),
( 0.402, 2.24e+09),
( 0.405, 2.46e+09),
( 0.408, 2.21e+09),
( 0.412, 2.07e+09),
( 0.415, 2.03e+09),
( 0.419, 2.28e+09),
( 0.422, 2.12e+09),
( 0.425, 2.19e+09),
( 0.429, 2.09e+09),
( 0.432, 2.04e+09),
( 0.435, 2.33e+09),
( 0.439, 2.24e+09),
( 0.442, 1.97e+09),
( 0.445, 2.04e+09),
( 0.449, 2.43e+09),
( 0.452, 2.06e+09),
( 0.456, 2.02e+09),
( 0.459, 2.21e+09),
( 0.462, 2.00e+09),
( 0.466, 2.17e+09),
( 0.469, 2.06e+09),
( 0.473, 2.29e+09),
( 0.476, 2.30e+09),
( 0.479, 2.18e+09),
( 0.483, 2.43e+09),
( 0.486, 2.16e+09),
( 0.489, 2.23e+09),
( 0.493, 2.19e+09),
( 0.496, 2.32e+09),
( 0.499, 2.11e+09),
( 0.503, 2.17e+09),
( 0.506, 1.97e+09),
( 0.510, 2.27e+09),
( 0.513, 1.88e+09),
( 0.516, 2.23e+09),
( 0.520, 2.07e+09),
( 0.523, 2.07e+09),
( 0.527, 2.14e+09),
( 0.530, 1.87e+09),
( 0.533, 2.33e+09),
( 0.537, 2.18e+09),
( 0.540, 2.37e+09),
( 0.543, 2.08e+09),
( 0.547, 2.31e+09),
( 0.550, 1.94e+09),
( 0.553, 2.27e+09),
( 0.557, 2.19e+09),
( 0.560, 2.26e+09),
( 0.564, 2.15e+09),
( 0.567, 2.17e+09),
( 0.570, 2.33e+09),
( 0.574, 2.30e+09),
( 0.577, 2.07e+09),
( 0.581, 1.98e+09),
( 0.584, 2.22e+09),
( 0.587, 2.22e+09),
( 0.591, 2.17e+09),
( 0.594, 2.22e+09),
( 0.597, 1.98e+09),
( 0.601, 2.05e+09),
( 0.604, 2.12e+09),
( 0.607, 1.95e+09),
( 0.611, 2.18e+09),
( 0.614, 2.03e+09),
( 0.618, 2.04e+09),
( 0.621, 2.37e+09),
( 0.624, 1.94e+09),
( 0.628, 1.96e+09),
( 0.631, 1.99e+09),
( 0.635, 2.31e+09),
( 0.638, 2.13e+09),
( 0.641, 1.97e+09),
( 0.645, 2.01e+09),
( 0.648, 2.17e+09),
( 0.651, 1.97e+09),
( 0.655, 1.89e+09),
( 0.658, 2.42e+09),
( 0.661, 2.18e+09),
( 0.665, 2.00e+09),
( 0.668, 2.13e+09),
( 0.672, 2.10e+09),
( 0.675, 2.12e+09),
( 0.678, 2.13e+09),
( 0.682, 2.20e+09),
( 0.685, 2.16e+09),
( 0.689, 2.11e+09),
( 0.692, 1.89e+09),
( 0.695, 1.90e+09),
( 0.699, 2.04e+09),
( 0.702, 1.84e+09),
( 0.705, 1.88e+09),
( 0.709, 1.97e+09),
( 0.712, 1.74e+09),
( 0.715, 1.70e+09),
( 0.719, 1.99e+09),
( 0.722, 1.86e+09),
( 0.726, 1.92e+09),
( 0.729, 1.85e+09),
( 0.732, 2.13e+09),
( 0.736, 2.18e+09),
( 0.739, 1.96e+09),
( 0.743, 1.82e+09),
( 0.746, 2.05e+09),
( 0.749, 2.14e+09),
( 0.753, 2.14e+09),
( 0.756, 2.19e+09),
( 0.759, 1.83e+09),
( 0.763, 2.43e+09),
( 0.766, 2.41e+09),
( 0.769, 2.02e+09),
( 0.773, 2.02e+09),
( 0.776, 2.22e+09),
( 0.780, 2.20e+09),
( 0.783, 2.24e+09),
( 0.786, 2.34e+09),
( 0.790, 2.36e+09),
( 0.793, 2.31e+09),
( 0.797, 2.29e+09),
( 0.800, 2.34e+09),
( 0.803, 2.59e+09),
( 0.807, 2.40e+09),
( 0.810, 2.61e+09),
( 0.813, 2.36e+09),
( 0.817, 2.39e+09),
( 0.820, 2.31e+09),
( 0.823, 2.52e+09),
( 0.827, 2.48e+09),
( 0.830, 2.54e+09),
( 0.834, 2.21e+09),
( 0.837, 2.45e+09),
( 0.840, 2.38e+09),
( 0.844, 2.27e+09),
( 0.847, 2.28e+09),
( 0.851, 2.30e+09),
( 0.854, 2.26e+09),
( 0.857, 2.58e+09),
( 0.861, 2.31e+09),
( 0.864, 1.97e+09),
( 0.867, 2.37e+09),
( 0.871, 2.33e+09),
( 0.874, 2.20e+09),
( 0.877, 2.30e+09),
( 0.881, 2.38e+09),
( 0.884, 2.24e+09),
( 0.888, 2.33e+09),
( 0.891, 2.33e+09),
( 0.894, 2.30e+09),
( 0.898, 2.48e+09),
( 0.901, 2.23e+09),
( 0.905, 2.27e+09),
( 0.908, 2.27e+09),
( 0.911, 2.37e+09),
( 0.915, 2.16e+09),
( 0.918, 2.14e+09),
( 0.921, 2.19e+09),
( 0.925, 2.21e+09),
( 0.928, 2.11e+09),
( 0.931, 2.07e+09),
( 0.935, 2.32e+09),
( 0.938, 2.28e+09),
( 0.942, 2.05e+09),
( 0.945, 1.78e+09),
( 0.948, 2.25e+09),
( 0.952, 2.22e+09),
( 0.955, 2.12e+09),
( 0.959, 1.86e+09),
( 0.962, 1.92e+09),
( 0.965, 1.76e+09),
( 0.969, 1.98e+09),
( 0.972, 2.13e+09),
( 0.975, 1.95e+09),
( 0.979, 1.82e+09),
( 0.982, 1.92e+09),
( 0.985, 2.24e+09),
( 0.989, 2.38e+09),
( 0.992, 2.07e+09),
( 0.996, 2.10e+09),
( 0.999, 1.95e+09),
( 1.002, 2.01e+09),
( 1.006, 2.02e+09),
( 1.009, 2.01e+09),
( 1.013, 1.89e+09),
( 1.016, 1.84e+09),
( 1.019, 1.79e+09),
( 1.023, 1.69e+09),
( 1.026, 1.88e+09),
( 1.029, 1.86e+09),
( 1.033, 1.86e+09),
( 1.036, 1.97e+09),
( 1.039, 2.07e+09),
( 1.043, 2.12e+09),
( 1.046, 2.12e+09),
( 1.050, 1.67e+09),
( 1.053, 2.13e+09),
( 1.056, 2.25e+09),
( 1.060, 1.80e+09),
( 1.063, 2.04e+09),
( 1.067, 1.94e+09),
( 1.070, 1.71e+09),
( 1.073, 1.75e+09),
( 1.077, 1.67e+09),
( 1.080, 1.60e+09),
( 1.083, 1.83e+09),
( 1.087, 1.83e+09),
( 1.090, 1.53e+09),
( 1.093, 1.63e+09),
( 1.097, 1.55e+09),
( 1.100, 1.88e+09),
( 1.104, 1.64e+09),
( 1.107, 1.64e+09),
( 1.110, 1.60e+09),
( 1.114, 1.51e+09),
( 1.117, 1.67e+09),
( 1.121, 1.68e+09),
( 1.124, 1.55e+09),
( 1.127, 1.66e+09),
( 1.131, 1.62e+09),
( 1.134, 1.49e+09),
( 1.137, 1.67e+09),
( 1.141, 1.82e+09),
( 1.144, 1.85e+09),
( 1.147, 1.48e+09),
( 1.151, 1.68e+09),
( 1.154, 1.78e+09),
( 1.158, 1.82e+09),
( 1.161, 1.82e+09),
( 1.164, 1.78e+09),
( 1.168, 1.69e+09),
( 1.171, 1.65e+09),
( 1.175, 2.01e+09),
( 1.178, 1.87e+09),
( 1.181, 1.88e+09),
( 1.185, 2.03e+09),
( 1.188, 1.90e+09),
( 1.191, 2.09e+09),
( 1.195, 2.21e+09),
( 1.198, 1.85e+09),
( 1.201, 2.28e+09),
( 1.205, 2.38e+09),
( 1.208, 2.23e+09),
( 1.212, 2.03e+09),
( 1.215, 1.74e+09),
( 1.218, 1.92e+09),
( 1.222, 2.12e+09),
( 1.225, 2.03e+09),
( 1.229, 2.11e+09),
( 1.232, 2.13e+09),
( 1.235, 2.20e+09),
( 1.239, 1.80e+09),
( 1.242, 2.01e+09),
( 1.245, 2.05e+09),
( 1.249, 1.94e+09),
( 1.252, 2.03e+09),
( 1.255, 2.02e+09),
( 1.259, 1.89e+09),
( 1.262, 2.09e+09),
( 1.266, 1.95e+09),
( 1.269, 1.89e+09),
( 1.272, 2.06e+09),
( 1.276, 1.96e+09),
( 1.279, 1.93e+09),
( 1.283, 1.97e+09),
( 1.286, 1.95e+09),
( 1.289, 2.10e+09),
( 1.293, 1.87e+09),
( 1.296, 2.14e+09),
( 1.299, 1.81e+09),
( 1.303, 1.98e+09),
( 1.306, 1.86e+09),
( 1.309, 1.61e+09),
( 1.313, 1.46e+09),
( 1.316, 1.78e+09),
( 1.320, 1.58e+09),
( 1.323, 1.63e+09),
( 1.326, 1.62e+09),
( 1.330, 2.07e+09),
( 1.333, 1.78e+09),
( 1.337, 1.77e+09),
( 1.340, 1.86e+09),
( 1.343, 1.99e+09),
( 1.347, 1.70e+09),
( 1.350, 1.51e+09),
( 1.353, 1.46e+09),
( 1.357, 1.53e+09),
( 1.360, 1.62e+09),
( 1.363, 1.82e+09),
( 1.367, 1.67e+09),
( 1.370, 1.66e+09),
( 1.374, 1.57e+09),
( 1.377, 1.56e+09),
( 1.380, 1.47e+09),
( 1.384, 1.30e+09),
( 1.387, 1.54e+09),
( 1.391, 1.50e+09),
( 1.394, 1.37e+09),
( 1.397, 1.47e+09),
( 1.401, 1.50e+09),
( 1.404, 1.56e+09),
( 1.407, 1.57e+09),
( 1.411, 1.52e+09),
( 1.414, 1.43e+09),
( 1.417, 1.52e+09),
( 1.421, 1.22e+09),
( 1.424, 1.34e+09),
( 1.428, 1.51e+09),
( 1.431, 1.30e+09),
( 1.434, 1.37e+09),
( 1.438, 1.09e+09),
( 1.441, 1.16e+09),
( 1.445, 1.12e+09),
( 1.448, 1.07e+09),
( 1.451, 8.96e+08),
( 1.455, 1.23e+09),
( 1.458, 1.20e+09),
( 1.461, 8.43e+08),
( 1.465, 1.02e+09),
( 1.468, 8.53e+08),
( 1.471, 7.31e+08),
( 1.475, 8.22e+08),
( 1.478, 6.73e+08),
( 1.482, 8.07e+08),
( 1.485, 9.14e+08),
( 1.488, 7.00e+08),
( 1.492, 7.61e+08),
( 1.495, 7.29e+08),
( 1.499, 9.40e+08),
( 1.502, 9.68e+08),
( 1.505, 7.24e+08),
( 1.509, 7.62e+08),
( 1.512, 6.85e+08),
( 1.515, 6.80e+08),
( 1.519, 3.61e+08),
( 1.522, 2.01e+08),
( 1.525, 4.00e+08),
( 1.529, 4.97e+08),
( 1.532, 6.77e+08),
( 1.536, 2.38e+08),
( 1.539, 4.08e+08),
( 1.542, 3.60e+08),
( 1.546, 2.07e+08),
( 1.549, 2.85e+08),
( 1.553, 3.66e+08),
( 1.556, 3.60e+08),
( 1.559, 4.24e+08),
( 1.563, 4.57e+08),
( 1.566, 2.67e+08),
( 1.569, 2.95e+08),
( 1.573, 1.89e+08),
( 1.576, 3.66e+08),
( 1.579, 2.45e+08),
( 1.583, 1.82e+08),
( 1.586, 4.12e+08),
( 1.590, 4.16e+08),
( 1.593, 1.22e+08),
( 1.596, 1.55e+08),
( 1.600, 1.35e+08),
( 1.603,-4.15e+07),
( 1.607, 1.25e+08),
( 1.610, 2.28e+08),
( 1.613, 1.61e+08),
( 1.617, 1.48e+07),
( 1.620, 4.07e+08),
( 1.623, 1.24e+08),
( 1.627,-9.20e+07),
( 1.630,-3.00e+07),
( 1.633, 1.31e+08),
( 1.637, 1.32e+08),
( 1.640, 1.84e+08),
( 1.644, 1.72e+08),
( 1.647, 4.97e+07),
( 1.650,-2.81e+08),
( 1.654, 1.22e+08),
( 1.657, 1.90e+08),
( 1.661, 1.46e+07),
( 1.664,-6.45e+06),
( 1.667,-1.34e+08),
( 1.671, 3.27e+07),
( 1.674, 1.46e+08),
( 1.677, 4.20e+08),
( 1.681, 4.84e+07),
( 1.684, 9.90e+07),
( 1.687,-4.47e+07),
( 1.691, 2.07e+08),
( 1.694, 2.13e+08),
( 1.698, 2.76e+07),
( 1.701,-1.72e+08),
( 1.704,-7.30e+05),
( 1.708,-1.77e+08),
( 1.711, 6.56e+07),
( 1.715,-2.02e+08),
( 1.718,-1.10e+08),
( 1.721, 3.03e+08),
( 1.725,-9.94e+07),
( 1.728,-1.01e+08),
( 1.731, 1.91e+08),
( 1.735, 1.30e+08),
( 1.738, 5.57e+07),
( 1.741, 2.78e+07),
( 1.745,-6.96e+07),
( 1.748, 7.12e+07),
( 1.752, 6.11e+07),
( 1.755,-9.49e+07),
( 1.758,-9.97e+06),
( 1.762, 1.14e+07),
( 1.765, 6.75e+07),
( 1.769, 1.15e+08),
( 1.772, 2.06e+08),
( 1.775,-1.06e+07),
( 1.779,-5.82e+07),
( 1.782,-2.62e+08),
( 1.785,-3.34e+08),
( 1.789, 4.36e+06),
( 1.792,-3.59e+08),
( 1.795,-3.08e+08),
( 1.799,-2.53e+08),
( 1.802,-2.63e+08),
( 1.806,-4.14e+07),
( 1.809,-2.64e+08),
( 1.812,-2.29e+08),
( 1.816,-8.27e+07),
( 1.819,-7.91e+07),
( 1.823,-4.25e+08),
( 1.826, 3.40e+07),
( 1.829, 5.02e+07),
( 1.833,-8.10e+07),
( 1.836,-2.30e+08),
( 1.839,-1.39e+08),
( 1.843,-3.91e+07),
( 1.846,-3.13e+08),
( 1.849, 6.52e+07),
( 1.853, 6.01e+07),
( 1.856, 4.46e+07),
( 1.860, 1.73e+08),
( 1.863, 1.24e+08),
( 1.866, 1.12e+07),
( 1.870, 1.72e+08),
( 1.873, 4.34e+07),
( 1.877,-7.97e+07),
( 1.880, 1.09e+08),
( 1.883,-1.09e+07),
( 1.887,-6.02e+07),
( 1.890,-2.73e+08),
( 1.893,-1.84e+08),
( 1.897,-7.00e+07),
( 1.900,-5.17e+07),
( 1.903,-2.47e+08),
( 1.907, 4.54e+07),
( 1.910,-1.37e+08),
( 1.914, 7.53e+07),
( 1.917,-3.56e+07),
( 1.920,-1.03e+08),
( 1.924,-2.86e+07),
( 1.927,-3.75e+08),
( 1.931,-3.77e+07),
( 1.934,-3.84e+08),
( 1.937,-3.23e+08),
( 1.941, 5.44e+07),
( 1.944, 4.34e+07),
( 1.947,-8.15e+07),
( 1.951, 5.31e+07),
( 1.954, 1.19e+08),
( 1.957,-1.04e+08),
( 1.961, 2.64e+08),
( 1.964, 1.40e+08),
( 1.968,-3.03e+08),
( 1.971,-2.13e+08),
( 1.974, 6.03e+07),
( 1.978, 3.62e+07),
( 1.981,-4.41e+07),
( 1.985,-8.77e+07),
( 1.988,-8.01e+07),
( 1.991,-1.29e+08),
( 1.995, 1.30e+07),
( 1.998,-1.26e+08),
( 2.001, 1.26e+08),
( 2.005, 2.00e+08),
( 2.008,-2.44e+08),
( 2.011,-5.07e+07),
( 2.015, 1.34e+08),
( 2.018, 9.92e+07),
( 2.022, 7.68e+07),
( 2.025,-8.23e+07),
( 2.028,-3.57e+08),
( 2.032,-4.64e+08),
( 2.035,-1.34e+08),
( 2.039,-2.13e+08),
( 2.042,-5.51e+07),
( 2.045,-5.63e+07),
( 2.049,-1.07e+08),
( 2.052,-1.54e+07),
( 2.055,-1.91e+08),
( 2.059,-1.53e+08),
( 2.062, 1.70e+06),
( 2.065,-2.23e+07),
( 2.069,-3.34e+08),
( 2.072, 1.06e+08),
( 2.076,-1.07e+08),
( 2.079,-1.94e+08),
( 2.082, 7.70e+07),
( 2.086,-1.26e+08),
( 2.089, 4.66e+07),
( 2.093, 3.46e+07),
( 2.096,-2.43e+08),
( 2.099,-6.42e+06),
( 2.103,-1.44e+08),
( 2.106,-9.41e+07),
( 2.109,-2.45e+08),
( 2.113,-3.24e+08),
( 2.116,-3.58e+08),
( 2.119,-4.00e+08),
( 2.123,-1.97e+08),
( 2.126,-1.13e+08),
( 2.130,-9.77e+07),
( 2.133,-1.49e+08),
( 2.136,-3.77e+08),
( 2.140,-2.03e+08),
( 2.143,-4.54e+07),
( 2.147,-1.69e+08),
( 2.150,-5.45e+07),
( 2.153,-4.52e+08),
( 2.157,-1.76e+08),
( 2.160,-2.98e+08),
( 2.163,-2.54e+08),
( 2.167,-3.43e+08),
( 2.170,-2.97e+08),
( 2.173,-1.35e+07),
( 2.177,-2.38e+08),
( 2.180,-3.39e+08),
( 2.184,-6.70e+07),
( 2.187,-6.92e+07),
( 2.190, 2.22e+07),
( 2.194,-2.62e+08),
( 2.197,-3.68e+08),
( 2.201,-4.21e+08),
( 2.204,-1.19e+08),
( 2.207, 4.59e+07),
( 2.211,-1.65e+08),
( 2.214,-2.80e+08),
( 2.217,-2.80e+08),
( 2.221,-1.62e+08),
( 2.224,-1.57e+08),
( 2.227,-8.29e+07),
( 2.231,-6.19e+07),
( 2.234,-6.32e+07),
( 2.238,-5.17e+07),
( 2.241, 7.90e+07),
( 2.244,-8.38e+07),
( 2.248,-4.25e+08),
( 2.251,-2.34e+08),
( 2.255,-2.07e+08),
( 2.258,-1.27e+08),
( 2.261,-2.74e+08),
( 2.265, 3.13e+07),
( 2.268,-1.81e+08),
( 2.271,-4.76e+07),
( 2.275,-2.46e+07),
( 2.278,-3.14e+08),
( 2.281,-1.48e+08),
( 2.285, 8.57e+06),
( 2.288,-1.38e+08),
( 2.292,-1.56e+08),
( 2.295,-3.59e+07),
( 2.298,-2.18e+08),
( 2.302,-1.39e+08),
( 2.305, 1.68e+07),
( 2.309, 5.39e+07),
( 2.312,-3.24e+08),
( 2.315, 1.20e+08),
( 2.319, 8.63e+07),
( 2.322,-2.54e+08),
( 2.325, 1.09e+08),
( 2.329,-3.12e+08),
( 2.332,-1.79e+08),
( 2.335,-3.41e+08),
( 2.339,-1.35e+08),
( 2.342, 6.67e+06),
( 2.346,-1.45e+08),
( 2.349,-6.64e+07),
( 2.352,-9.76e+07),
( 2.356,-1.30e+08),
( 2.359, 8.54e+07),
( 2.363,-2.49e+08),
( 2.366,-2.45e+08),
( 2.369,-1.25e+08),
( 2.373,-2.92e+08),
( 2.376,-3.40e+08),
( 2.379,-3.51e+08),
( 2.383,-1.68e+08),
( 2.386,-1.61e+08),
( 2.389,-6.53e+07),
( 2.393,-2.80e+08),
( 2.396,-2.20e+08),
( 2.400,-3.69e+07),
( 2.403,-5.45e+07),
( 2.406,-2.98e+08),
( 2.410,-1.06e+08),
( 2.413, 1.94e+07),
( 2.417,-2.61e+08),
( 2.420,-7.21e+07),
( 2.423, 1.74e+07),
( 2.427, 5.56e+07),
( 2.430, 3.55e+07),
( 2.433,-1.97e+08),
( 2.437,-2.13e+08),
( 2.440, 1.56e+08),
( 2.443, 1.13e+07),
( 2.447,-2.49e+08),
( 2.450, 1.62e+07),
( 2.454, 1.37e+08),
( 2.457,-6.28e+06),
( 2.460,-1.39e+08),
( 2.464, 7.57e+07),
( 2.467,-1.59e+08),
( 2.471, 1.09e+08),
( 2.474,-4.16e+07),
( 2.477,-1.98e+08),
( 2.481, 4.36e+07),
( 2.484,-1.83e+08),
( 2.487,-3.78e+08),
( 2.491,-1.92e+08),
( 2.494, 6.66e+07),
( 2.497,-1.81e+08),
( 2.501,-1.67e+08),
( 2.504,-7.61e+07),
( 2.508,-5.06e+07),
( 2.511,-3.23e+07),
( 2.514,-3.83e+07),
( 2.518,-6.04e+07),
( 2.521,-2.75e+08),
( 2.525,-1.08e+08),
( 2.528,-6.07e+07),
( 2.531,-6.49e+07),
( 2.535, 2.77e+07),
( 2.538, 4.94e+07),
( 2.541, 5.81e+07),
( 2.545,-2.22e+08),
( 2.548, 5.82e+07),
( 2.551,-6.73e+07),
( 2.555,-1.07e+08),
( 2.558,-7.43e+07),
( 2.562, 6.51e+07),
( 2.565, 9.02e+07),
( 2.568, 5.26e+07),
( 2.572,-1.57e+08),
( 2.575,-1.88e+08),
( 2.579,-1.38e+08),
( 2.582,-2.33e+08),
( 2.585,-1.12e+06),
( 2.589,-1.06e+08),
( 2.592,-3.32e+07),
( 2.595,-7.50e+07),
( 2.599,-1.98e+07),
( 2.602,-2.19e+08),
( 2.605,-4.12e+07),
( 2.609,-5.21e+07),
( 2.612,-6.32e+07),
( 2.616,-1.34e+07),
( 2.619, 7.86e+07),
( 2.622,-1.08e+08),
( 2.626,-9.52e+07),
( 2.629, 9.42e+07),
( 2.633, 1.54e+06),
( 2.636,-1.00e+08),
( 2.639, 9.39e+06),
( 2.643,-8.88e+06),
( 2.646, 3.60e+07),
( 2.649, 1.84e+07),
( 2.653,-9.71e+07),
( 2.656, 2.12e+08),
( 2.659,-1.54e+08),
( 2.663,-9.02e+07),
( 2.666, 7.50e+07),
( 2.670, 5.85e+07),
( 2.673,-1.86e+08),
( 2.676, 1.57e+08),
( 2.680,-9.87e+06),
( 2.683,-1.42e+08),
( 2.687, 3.25e+07),
( 2.690, 1.79e+07),
( 2.693, 9.41e+07),
( 2.697,-3.00e+08),
( 2.700,-1.28e+08),
( 2.703,-6.30e+07),
( 2.707,-2.27e+08),
( 2.710,-2.30e+08),
( 2.713, 3.77e+06),
( 2.717, 9.72e+06),
( 2.720, 2.33e+07),
( 2.724,-7.07e+07),
( 2.727, 8.48e+05),
( 2.730,-5.27e+07),
( 2.734,-4.92e+07),
( 2.737,-1.60e+08),
( 2.741,-2.83e+08),
( 2.744,-3.03e+08),
( 2.747, 1.09e+07),
( 2.751,-8.49e+07),
( 2.754,-1.04e+08),
( 2.757, 5.53e+07),
( 2.761,-2.89e+08),
( 2.764,-1.00e+08),
( 2.767, 9.11e+07),
( 2.771,-8.68e+07),
( 2.774,-1.12e+08),
( 2.778, 4.08e+07),
( 2.781,-2.73e+08),
( 2.784, 1.54e+08),
( 2.788, 7.96e+07),
( 2.791, 2.97e+08),
( 2.795,-9.80e+07),
( 2.798,-2.10e+08),
( 2.801, 3.57e+07),
( 2.805,-1.34e+08),
( 2.808,-1.97e+08),
( 2.811,-6.97e+07),
( 2.815,-1.43e+08),
( 2.818,-2.32e+08),
( 2.821, 1.51e+07),
( 2.825,-1.12e+08),
( 2.828, 2.21e+08),
( 2.832,-1.47e+08),
( 2.835,-1.27e+08),
( 2.838,-3.88e+06),
( 2.842, 2.62e+08),
( 2.845,-2.06e+08),
( 2.849,-1.23e+08),
( 2.852, 4.10e+07),
( 2.855,-2.85e+07),
( 2.859,-2.19e+08),
( 2.862, 4.25e+07),
( 2.865, 7.03e+07),
( 2.869,-1.50e+08),
( 2.872,-2.37e+08),
( 2.875,-2.79e+08),
( 2.879,-1.38e+08),
( 2.882,-5.06e+07),
( 2.886,-6.59e+07),
( 2.889,-9.44e+06),
( 2.892,-2.88e+08),
( 2.896,-9.58e+07),
( 2.899, 1.03e+08),
( 2.903, 1.69e+08),
( 2.906,-1.38e+08),
( 2.909,-7.80e+06),
( 2.913,-5.88e+07),
( 2.916,-7.75e+07),
( 2.919,-9.87e+06),
( 2.923,-6.03e+07),
( 2.926, 2.39e+06),
( 2.929, 3.89e+07),
( 2.933,-2.52e+08),
( 2.936,-1.83e+08),
( 2.940,-1.19e+07),
( 2.943, 1.83e+07),
( 2.946,-1.28e+08),
( 2.950, 9.20e+04),
( 2.953, 7.61e+07),
( 2.957, 9.21e+07),
( 2.960,-1.82e+08),
( 2.963,-7.24e+07),
( 2.967, 2.12e+07),
( 2.970, 5.00e+07),
( 2.973,-1.13e+08),
( 2.977, 3.18e+07),
( 2.980,-9.84e+07),
( 2.983, 4.68e+07),
( 2.987, 1.33e+08),
( 2.990, 2.97e+08),
( 2.994,-7.40e+07),
( 2.997,-5.79e+06),
( 3.000, 1.15e+08),
( 3.004,-8.99e+07),
( 3.007, 1.97e+08),
( 3.011,-2.29e+08),
( 3.014,-2.45e+08),
( 3.017, 2.95e+08),
( 3.021, 2.38e+07),
( 3.024,-3.23e+06),
( 3.027, 4.76e+07),
( 3.031,-8.29e+06),
( 3.034, 4.40e+07),
( 3.037, 4.19e+07),
( 3.041,-9.10e+07),
( 3.044,-1.66e+08),
( 3.048,-8.42e+07),
( 3.051,-1.26e+08),
( 3.054, 1.40e+07),
( 3.058,-9.32e+07),
( 3.061, 1.50e+08),
( 3.065,-1.04e+08),
( 3.068, 5.97e+07),
( 3.071, 4.28e+07),
( 3.075, 6.01e+07),
( 3.078, 1.47e+08),
( 3.081,-7.95e+05),
( 3.085, 9.62e+06),
( 3.088, 8.20e+07),
( 3.091,-5.91e+07),
( 3.095, 2.87e+07),
( 3.098,-1.42e+07),
( 3.102,-1.25e+08),
( 3.105,-4.90e+06),
( 3.108,-3.32e+07),
( 3.112,-1.12e+08),
( 3.115,-1.14e+07),
( 3.119, 8.48e+07),
( 3.122,-1.71e+08),
( 3.125, 1.27e+08),
( 3.129,-2.51e+08),
( 3.132,-2.49e+08),
( 3.135,-1.06e+07),
( 3.139, 1.82e+08),
( 3.142,-2.76e+07),
( 3.145,-1.04e+08),
( 3.149,-2.28e+08),
( 3.152,-9.51e+07),
( 3.156, 2.78e+07),
( 3.159, 9.74e+07),
( 3.162,-5.04e+07),
( 3.166, 4.25e+07),
( 3.169,-1.18e+08),
( 3.173, 3.88e+07),
( 3.176,-2.19e+08),
( 3.179, 1.22e+08),
( 3.183,-1.85e+08),
( 3.186, 7.42e+07),
( 3.189, 7.01e+07),
( 3.193,-1.16e+08),
( 3.196,-6.56e+07),
( 3.199,-1.85e+08),
( 3.203,-2.11e+07),
( 3.206, 7.41e+07),
( 3.210,-2.72e+08),
( 3.213,-4.03e+07),
( 3.216,-1.11e+08),
( 3.220,-5.13e+08),
( 3.223,-2.80e+07),
( 3.227,-4.94e+07),
( 3.230, 3.94e+06),
( 3.233,-1.74e+08),
( 3.237,-1.85e+07),
( 3.240,-1.61e+08),
( 3.243,-1.36e+08),
( 3.247,-1.15e+08),
( 3.250,-9.69e+07),
( 3.253,-6.32e+07),
( 3.257,-8.09e+07),
( 3.260,-2.24e+08),
( 3.264,-4.69e+07),
( 3.267,-4.60e+07),
( 3.270, 8.34e+07),
( 3.274, 1.25e+08),
( 3.277,-1.37e+08),
( 3.281,-7.97e+07),
( 3.284,-1.13e+08),
( 3.287,-4.84e+07),
( 3.291, 1.87e+06),
( 3.294, 1.26e+08),
( 3.297, 6.46e+07),
( 3.301, 6.55e+07),
( 3.304, 4.22e+07),
( 3.307, 2.18e+08),
( 3.311, 1.28e+08),
( 3.314,-1.88e+07),
( 3.318, 2.34e+08),
( 3.321,-2.83e+06),
( 3.324,-1.75e+08),
( 3.328,-1.38e+08),
( 3.331, 3.90e+06),
( 3.335,-1.31e+08),
( 3.338, 1.05e+08),
( 3.341, 3.46e+07),
( 3.345,-1.84e+08),
( 3.348,-1.32e+08),
( 3.351, 2.01e+08),
( 3.355, 1.66e+07),
( 3.358,-7.63e+06),
( 3.361,-1.68e+08),
( 3.365, 8.02e+07),
( 3.368, 1.87e+08),
( 3.372,-2.89e+08),
( 3.375,-3.92e+06),
( 3.378,-1.06e+08),
( 3.382,-1.73e+08),
( 3.385,-6.40e+07),
( 3.389, 4.43e+06),
( 3.392, 1.03e+08),
( 3.395, 1.17e+08),
( 3.399, 3.10e+08),
( 3.402, 1.95e+08),
( 3.405, 1.34e+08),
( 3.409, 4.87e+07),
( 3.412, 4.95e+07),
( 3.415, 3.32e+08),
( 3.419,-2.31e+08),
( 3.422, 1.41e+08),
( 3.426, 8.31e+07),
( 3.429,-7.76e+07),
( 3.432, 1.03e+08),
( 3.436,-1.17e+08),
( 3.439, 6.01e+06),
( 3.443,-9.64e+07),
( 3.446,-9.12e+07),
( 3.449,-1.54e+08),
( 3.453,-8.40e+07),
( 3.456, 5.73e+07),
( 3.459,-3.63e+07),
( 3.463, 4.20e+07),
( 3.466,-1.03e+08),
( 3.469,-2.75e+07),
( 3.473, 1.28e+07),
( 3.476, 1.19e+07),
( 3.480, 3.73e+08),
( 3.483, 1.85e+08),
( 3.486, 1.62e+08),
( 3.490, 7.36e+07),
( 3.493,-2.30e+08),
( 3.497, 1.14e+07),
( 3.500, 6.60e+07),
( 3.503,-6.48e+07),
( 3.507,-1.24e+08),
( 3.510, 7.23e+07),
( 3.513,-5.55e+07),
( 3.517, 1.05e+08),
( 3.520,-6.65e+07),
( 3.523,-3.28e+07),
( 3.527, 2.62e+08),
( 3.530,-2.78e+07),
( 3.534, 7.98e+07),
( 3.537,-8.46e+07),
( 3.540, 1.24e+08),
( 3.544,-1.72e+06),
( 3.547,-1.11e+08),
( 3.551, 2.59e+07),
( 3.554, 4.56e+06),
( 3.557,-1.29e+08),
( 3.561,-1.38e+08),
( 3.564, 2.78e+07),
( 3.567,-9.95e+07),
( 3.571, 9.56e+06),
( 3.574, 1.20e+08),
( 3.577, 5.43e+07),
( 3.581,-5.33e+07),
( 3.584, 1.05e+08),
( 3.588, 1.27e+08),
( 3.591,-1.37e+08),
( 3.594,-1.13e+08),
( 3.598, 1.30e+08)]
