Bolide Detection Notification: 2002-223

At 20:42:52 UT on 11 Aug 2002, sensors aboard U. S. Government satellites recorded
the flash signature of a large meteoroid entry into the atmosphere. Location of the
flash  was Lat 18.2S, Lon 159.4E.

Based upon the visible-light intensity-time signature, peak brightness of the flash
was  determined to be approximately 3.9E10 watts/steradian, and total radiated flash
energy  1.51E12 joules (6000K blackbody model).

Intensity-time signature of the event and integrated intensity are depicted on the
plots  below. On the intensity-time plot, one count on vertical axis corresponds to
2.35E8  watts/steradian. On the integrated intensity plot, one count represents
2.96E9 joules  radiated energy.

Peak Intensity = 3.86e+10 watts/steradian
Total Energy   = 1.54e+12 joules

Intensity=[
(-2.997,-5.98e+08),
(-2.994,-8.62e+08),
(-2.990,-9.65e+08),
(-2.987,-4.88e+08),
(-2.983,-4.58e+08),
(-2.980,-1.36e+08),
(-2.977,-2.52e+08),
(-2.973,-6.37e+08),
(-2.970,-5.69e+08),
(-2.967,-2.11e+08),
(-2.963,-3.64e+08),
(-2.960,-6.15e+08),
(-2.956,-6.00e+08),
(-2.953,-4.66e+08),
(-2.950,-2.61e+08),
(-2.946,-3.53e+08),
(-2.943,-6.07e+08),
(-2.940,-7.64e+08),
(-2.936,-1.12e+09),
(-2.933,-9.52e+08),
(-2.930,-7.03e+08),
(-2.926,-6.70e+08),
(-2.923,-7.25e+08),
(-2.919,-6.16e+08),
(-2.916,-4.42e+08),
(-2.913,-5.98e+08),
(-2.909,-4.33e+08),
(-2.906,-5.41e+08),
(-2.902,-4.37e+08),
(-2.899,-2.92e+08),
(-2.896,-4.50e+07),
(-2.892,-2.42e+08),
(-2.889,-2.96e+08),
(-2.886, 6.59e+07),
(-2.882,-1.58e+08),
(-2.879,-4.55e+08),
(-2.875,-4.85e+08),
(-2.872,-1.34e+08),
(-2.869,-1.81e+08),
(-2.865,-3.80e+08),
(-2.862,-1.73e+08),
(-2.859,-2.39e+08),
(-2.855,-7.20e+08),
(-2.852,-1.15e+09),
(-2.849,-8.77e+08),
(-2.845,-9.71e+08),
(-2.842,-4.39e+08),
(-2.838, 1.46e+08),
(-2.835,-3.57e+08),
(-2.832,-4.60e+08),
(-2.828,-6.91e+08),
(-2.825,-3.56e+08),
(-2.822,-5.75e+08),
(-2.818,-4.51e+08),
(-2.815,-2.01e+08),
(-2.811,-4.23e+08),
(-2.808,-6.37e+08),
(-2.805,-1.30e+08),
(-2.801, 1.61e+05),
(-2.798,-1.13e+07),
(-2.794, 6.75e+07),
(-2.791, 4.12e+08),
(-2.788,-1.00e+08),
(-2.784,-1.58e+08),
(-2.781, 1.08e+07),
(-2.778, 2.65e+08),
(-2.774,-5.32e+07),
(-2.771,-4.16e+08),
(-2.768,-3.33e+08),
(-2.764,-7.02e+08),
(-2.761,-6.39e+08),
(-2.757,-8.26e+08),
(-2.754,-8.44e+08),
(-2.751,-3.73e+08),
(-2.747,-4.82e+08),
(-2.744,-8.72e+08),
(-2.741,-8.17e+08),
(-2.737,-3.60e+08),
(-2.734,-2.95e+08),
(-2.730,-4.30e+08),
(-2.727,-3.74e+08),
(-2.724,-4.95e+08),
(-2.720,-3.45e+08),
(-2.717,-3.91e+08),
(-2.713,-1.18e+08),
(-2.710,-5.42e+08),
(-2.707,-5.05e+08),
(-2.703,-5.73e+08),
(-2.700,-4.67e+08),
(-2.697,-4.75e+08),
(-2.693,-2.97e+08),
(-2.690,-2.53e+08),
(-2.686,-9.30e+08),
(-2.683,-5.79e+08),
(-2.680,-3.75e+08),
(-2.676,-4.91e+08),
(-2.673,-7.98e+08),
(-2.670,-3.44e+08),
(-2.666,-2.43e+08),
(-2.663,-1.58e+08),
(-2.660,-1.93e+08),
(-2.656,-2.73e+08),
(-2.653, 1.33e+07),
(-2.649, 1.37e+08),
(-2.646, 4.61e+08),
(-2.643, 2.01e+08),
(-2.639,-9.76e+07),
(-2.636,-3.47e+08),
(-2.632,-3.64e+08),
(-2.629,-6.41e+06),
(-2.626,-1.23e+08),
(-2.622, 1.17e+07),
(-2.619,-3.58e+08),
(-2.616,-7.35e+08),
(-2.612,-4.93e+08),
(-2.609,-6.45e+08),
(-2.605,-2.43e+08),
(-2.602,-4.00e+08),
(-2.599,-1.07e+08),
(-2.595, 1.09e+08),
(-2.592,-4.09e+07),
(-2.589,-1.35e+08),
(-2.585,-1.96e+07),
(-2.582, 3.71e+07),
(-2.579,-5.82e+07),
(-2.575,-9.10e+07),
(-2.572, 2.89e+07),
(-2.568,-4.97e+08),
(-2.565,-5.92e+08),
(-2.562,-8.30e+08),
(-2.558,-4.39e+08),
(-2.555,-4.72e+08),
(-2.552,-2.00e+08),
(-2.548,-4.10e+08),
(-2.545,-5.66e+08),
(-2.541,-5.27e+08),
(-2.538,-7.58e+08),
(-2.535,-7.27e+08),
(-2.531,-2.02e+08),
(-2.528,-4.42e+08),
(-2.524,-4.72e+08),
(-2.521,-7.58e+08),
(-2.518,-7.84e+08),
(-2.514,-4.82e+08),
(-2.511,-2.82e+08),
(-2.508,-2.93e+08),
(-2.504,-1.30e+08),
(-2.501,-1.90e+08),
(-2.498,-3.15e+08),
(-2.494, 7.66e+07),
(-2.491,-1.76e+08),
(-2.487, 1.97e+08),
(-2.484, 2.28e+08),
(-2.481, 3.30e+08),
(-2.477, 1.16e+08),
(-2.474,-4.11e+08),
(-2.471,-1.07e+08),
(-2.467,-5.36e+08),
(-2.464,-5.14e+08),
(-2.460,-4.75e+08),
(-2.457,-2.42e+08),
(-2.454,-2.47e+08),
(-2.450,-4.52e+08),
(-2.447,-7.42e+08),
(-2.443,-4.87e+08),
(-2.440, 9.14e+07),
(-2.437,-2.05e+08),
(-2.433,-3.97e+08),
(-2.430,-2.48e+08),
(-2.427,-7.27e+08),
(-2.423,-9.78e+08),
(-2.420,-8.99e+08),
(-2.416,-8.12e+08),
(-2.413,-6.19e+08),
(-2.410,-7.33e+08),
(-2.406,-5.31e+08),
(-2.403,-1.68e+08),
(-2.400,-3.26e+08),
(-2.396,-2.96e+08),
(-2.393,-4.97e+08),
(-2.390,-5.41e+08),
(-2.386,-6.53e+08),
(-2.383,-3.61e+08),
(-2.379,-1.37e+08),
(-2.376,-4.08e+08),
(-2.373,-7.23e+08),
(-2.369,-4.58e+08),
(-2.366,-6.79e+08),
(-2.362,-8.10e+08),
(-2.359,-8.95e+08),
(-2.356,-3.16e+08),
(-2.352,-3.42e+08),
(-2.349,-1.84e+08),
(-2.346, 2.89e+07),
(-2.342,-8.06e+06),
(-2.339,-4.45e+08),
(-2.335,-1.20e+08),
(-2.332, 9.38e+07),
(-2.329, 2.06e+08),
(-2.325, 4.08e+08),
(-2.322, 1.60e+08),
(-2.319, 4.48e+08),
(-2.315, 5.31e+08),
(-2.312, 2.65e+07),
(-2.309, 1.06e+08),
(-2.305, 1.61e+08),
(-2.302,-3.04e+08),
(-2.298, 9.30e+07),
(-2.295,-5.57e+07),
(-2.292,-1.65e+08),
(-2.288,-1.22e+08),
(-2.285,-1.37e+08),
(-2.282,-8.69e+07),
(-2.278,-1.66e+08),
(-2.275,-2.00e+08),
(-2.271,-3.33e+08),
(-2.268,-1.51e+08),
(-2.265,-2.23e+08),
(-2.261,-3.34e+08),
(-2.258,-3.91e+08),
(-2.254, 1.99e+07),
(-2.251, 2.78e+08),
(-2.248,-2.20e+07),
(-2.244,-3.84e+08),
(-2.241,-3.18e+08),
(-2.238, 8.81e+07),
(-2.234,-1.40e+08),
(-2.231,-5.11e+08),
(-2.228,-3.86e+08),
(-2.224, 1.12e+08),
(-2.221,-2.03e+08),
(-2.217,-2.17e+08),
(-2.214,-1.22e+08),
(-2.211,-6.38e+08),
(-2.207,-1.02e+09),
(-2.204,-6.89e+08),
(-2.201,-4.94e+08),
(-2.197,-4.67e+08),
(-2.194,-6.59e+08),
(-2.190,-8.88e+06),
(-2.187, 1.92e+08),
(-2.184, 3.32e+08),
(-2.180, 1.98e+08),
(-2.177, 4.32e+08),
(-2.173, 5.45e+08),
(-2.170, 4.14e+08),
(-2.167, 2.11e+08),
(-2.163, 6.10e+07),
(-2.160,-2.03e+08),
(-2.157,-2.23e+08),
(-2.153,-1.63e+07),
(-2.150,-3.56e+08),
(-2.146,-5.77e+08),
(-2.143,-1.77e+08),
(-2.140,-1.03e+08),
(-2.136,-3.71e+08),
(-2.133,-3.19e+08),
(-2.130,-6.39e+07),
(-2.126,-1.77e+08),
(-2.123,-3.27e+08),
(-2.120,-3.63e+08),
(-2.116,-1.61e+08),
(-2.113,-2.26e+08),
(-2.109, 7.99e+07),
(-2.106, 2.15e+07),
(-2.103,-8.06e+06),
(-2.099,-1.87e+07),
(-2.096, 2.52e+08),
(-2.092,-1.54e+08),
(-2.089,-1.30e+08),
(-2.086,-2.98e+08),
(-2.082,-1.57e+08),
(-2.079,-3.33e+08),
(-2.076, 2.61e+08),
(-2.072, 6.27e+08),
(-2.069, 2.03e+08),
(-2.065,-1.03e+08),
(-2.062,-3.35e+07),
(-2.059,-9.60e+07),
(-2.055, 6.43e+07),
(-2.052, 4.80e+08),
(-2.049, 2.78e+08),
(-2.045, 1.60e+08),
(-2.042, 3.84e+08),
(-2.039, 2.06e+08),
(-2.035, 1.34e+08),
(-2.032, 2.87e+08),
(-2.028, 1.32e+08),
(-2.025, 3.67e+08),
(-2.022, 1.17e+08),
(-2.018, 2.56e+08),
(-2.015, 3.28e+08),
(-2.012, 3.60e+08),
(-2.008, 3.23e+08),
(-2.005, 4.20e+08),
(-2.001, 3.65e+08),
(-1.998, 1.72e+08),
(-1.995, 3.17e+08),
(-1.991, 6.10e+07),
(-1.988,-3.12e+08),
(-1.984, 2.20e+08),
(-1.981, 4.65e+08),
(-1.978, 2.32e+07),
(-1.974,-2.23e+08),
(-1.971, 2.73e+07),
(-1.968, 1.19e+08),
(-1.964,-2.90e+08),
(-1.961,-4.96e+08),
(-1.958,-4.94e+08),
(-1.954,-1.88e+08),
(-1.951,-5.04e+08),
(-1.947,-4.58e+08),
(-1.944,-4.15e+08),
(-1.941,-1.93e+08),
(-1.937,-2.24e+08),
(-1.934,-2.00e+08),
(-1.931,-4.44e+08),
(-1.927,-4.54e+08),
(-1.924,-4.40e+08),
(-1.920,-5.74e+08),
(-1.917,-3.79e+08),
(-1.914, 8.07e+07),
(-1.910, 3.38e+07),
(-1.907,-3.65e+08),
(-1.903,-1.13e+08),
(-1.900,-3.15e+08),
(-1.897,-7.99e+08),
(-1.893,-5.95e+08),
(-1.890, 9.55e+07),
(-1.887, 1.72e+08),
(-1.883, 2.40e+08),
(-1.880, 3.64e+08),
(-1.876, 1.60e+08),
(-1.873, 4.36e+08),
(-1.870, 6.64e+08),
(-1.866, 2.46e+08),
(-1.863, 4.70e+08),
(-1.860, 1.16e+08),
(-1.856,-4.36e+08),
(-1.853, 6.31e+08),
(-1.850, 1.16e+09),
(-1.846, 5.38e+08),
(-1.843, 5.51e+08),
(-1.839, 3.29e+08),
(-1.836, 7.28e+08),
(-1.833, 9.02e+08),
(-1.829, 5.71e+08),
(-1.826, 3.12e+08),
(-1.822, 3.78e+08),
(-1.819, 7.67e+08),
(-1.816, 4.38e+08),
(-1.812,-3.95e+06),
(-1.809, 8.48e+07),
(-1.806,-7.54e+07),
(-1.802,-2.86e+07),
(-1.799,-1.52e+08),
(-1.795,-1.36e+08),
(-1.792, 1.66e+07),
(-1.789, 3.78e+08),
(-1.785, 4.75e+08),
(-1.782, 3.92e+08),
(-1.779, 3.93e+08),
(-1.775, 3.48e+08),
(-1.772,-4.42e+07),
(-1.769,-2.80e+08),
(-1.765, 1.16e+08),
(-1.762, 6.67e+08),
(-1.758, 6.62e+08),
(-1.755, 6.58e+08),
(-1.752, 4.57e+08),
(-1.748, 3.95e+08),
(-1.745, 2.79e+08),
(-1.742, 1.96e+08),
(-1.738, 2.05e+08),
(-1.735, 7.99e+07),
(-1.731,-2.47e+08),
(-1.728, 1.74e+07),
(-1.725, 2.84e+08),
(-1.721, 2.36e+08),
(-1.718, 2.41e+08),
(-1.714,-6.97e+07),
(-1.711,-3.04e+08),
(-1.708,-1.98e+08),
(-1.704, 1.86e+08),
(-1.701, 3.71e+07),
(-1.698,-1.63e+08),
(-1.694, 1.98e+08),
(-1.691, 4.28e+08),
(-1.688, 3.42e+08),
(-1.684,-3.30e+08),
(-1.681,-4.35e+08),
(-1.677,-2.70e+08),
(-1.674,-2.20e+08),
(-1.671, 4.71e+08),
(-1.667, 7.14e+08),
(-1.664, 4.01e+08),
(-1.661, 2.90e+08),
(-1.657, 6.04e+08),
(-1.654, 7.79e+08),
(-1.650, 5.77e+08),
(-1.647, 3.48e+08),
(-1.644, 2.06e+08),
(-1.640, 1.55e+08),
(-1.637, 2.58e+08),
(-1.633, 6.53e+08),
(-1.630, 1.02e+09),
(-1.627, 7.81e+08),
(-1.623, 5.87e+08),
(-1.620, 3.54e+08),
(-1.617, 2.03e+08),
(-1.613, 1.22e+08),
(-1.610,-1.46e+07),
(-1.606,-2.96e+08),
(-1.603, 1.29e+08),
(-1.600,-2.70e+07),
(-1.596, 6.84e+07),
(-1.593,-1.79e+07),
(-1.590, 1.17e+08),
(-1.586, 3.86e+08),
(-1.583, 6.02e+08),
(-1.580, 2.92e+08),
(-1.576, 2.83e+08),
(-1.573, 8.56e+07),
(-1.569, 1.21e+08),
(-1.566, 3.28e+08),
(-1.563, 3.43e+08),
(-1.559, 4.78e+08),
(-1.556, 3.99e+08),
(-1.552,-1.05e+07),
(-1.549,-9.43e+07),
(-1.546, 6.84e+07),
(-1.542, 6.42e+08),
(-1.539, 5.10e+08),
(-1.536, 1.77e+08),
(-1.532, 1.75e+08),
(-1.529, 1.14e+08),
(-1.525, 5.93e+07),
(-1.522, 2.53e+08),
(-1.519, 6.47e+08),
(-1.515, 1.12e+09),
(-1.512, 7.41e+08),
(-1.509, 5.30e+08),
(-1.505, 9.59e+08),
(-1.502, 7.07e+08),
(-1.499, 5.55e+08),
(-1.495, 3.61e+08),
(-1.492, 3.71e+07),
(-1.488,-1.26e+08),
(-1.485, 1.02e+08),
(-1.482,-2.41e+08),
(-1.478,-3.94e+08),
(-1.475,-1.95e+08),
(-1.472, 8.97e+07),
(-1.468, 2.87e+08),
(-1.465, 3.58e+08),
(-1.461, 3.99e+08),
(-1.458, 9.00e+08),
(-1.455, 4.98e+08),
(-1.451, 7.33e+07),
(-1.448, 4.68e+08),
(-1.444, 5.44e+08),
(-1.441, 7.55e+08),
(-1.438, 1.06e+09),
(-1.434, 9.44e+08),
(-1.431, 1.07e+09),
(-1.428, 1.30e+09),
(-1.424, 7.80e+08),
(-1.421, 1.06e+09),
(-1.418, 6.76e+08),
(-1.414, 9.70e+08),
(-1.411, 1.30e+09),
(-1.407, 1.30e+09),
(-1.404, 1.16e+09),
(-1.401, 8.59e+08),
(-1.397, 9.76e+08),
(-1.394, 8.93e+08),
(-1.391, 1.31e+09),
(-1.387, 1.35e+09),
(-1.384, 1.63e+09),
(-1.380, 1.72e+09),
(-1.377, 1.91e+09),
(-1.374, 1.35e+09),
(-1.370, 1.81e+09),
(-1.367, 1.68e+09),
(-1.363, 1.92e+09),
(-1.360, 2.29e+09),
(-1.357, 2.03e+09),
(-1.353, 1.69e+09),
(-1.350, 1.63e+09),
(-1.347, 1.48e+09),
(-1.343, 1.34e+09),
(-1.340, 1.13e+09),
(-1.336, 1.29e+09),
(-1.333, 1.57e+09),
(-1.330, 1.61e+09),
(-1.326, 1.71e+09),
(-1.323, 1.76e+09),
(-1.320, 1.69e+09),
(-1.316, 1.48e+09),
(-1.313, 9.76e+08),
(-1.310, 7.17e+08),
(-1.306, 1.32e+09),
(-1.303, 1.34e+09),
(-1.299, 1.33e+09),
(-1.296, 1.42e+09),
(-1.293, 1.25e+09),
(-1.289, 1.08e+09),
(-1.286, 1.13e+09),
(-1.282, 1.20e+09),
(-1.279, 1.31e+09),
(-1.276, 1.40e+09),
(-1.272, 1.50e+09),
(-1.269, 1.77e+09),
(-1.266, 1.86e+09),
(-1.262, 1.72e+09),
(-1.259, 1.81e+09),
(-1.255, 2.04e+09),
(-1.252, 2.09e+09),
(-1.249, 1.98e+09),
(-1.245, 1.52e+09),
(-1.242, 1.80e+09),
(-1.239, 1.79e+09),
(-1.235, 2.32e+09),
(-1.232, 2.26e+09),
(-1.229, 1.89e+09),
(-1.225, 1.89e+09),
(-1.222, 1.85e+09),
(-1.218, 2.13e+09),
(-1.215, 2.36e+09),
(-1.212, 2.20e+09),
(-1.208, 1.76e+09),
(-1.205, 2.13e+09),
(-1.202, 2.25e+09),
(-1.198, 2.31e+09),
(-1.195, 1.97e+09),
(-1.191, 2.13e+09),
(-1.188, 2.19e+09),
(-1.185, 1.95e+09),
(-1.181, 1.65e+09),
(-1.178, 1.52e+09),
(-1.174, 2.02e+09),
(-1.171, 1.74e+09),
(-1.168, 1.43e+09),
(-1.164, 1.73e+09),
(-1.161, 2.02e+09),
(-1.158, 1.89e+09),
(-1.154, 2.05e+09),
(-1.151, 2.38e+09),
(-1.148, 2.42e+09),
(-1.144, 3.02e+09),
(-1.141, 3.06e+09),
(-1.137, 3.25e+09),
(-1.134, 3.32e+09),
(-1.131, 3.02e+09),
(-1.127, 3.26e+09),
(-1.124, 3.35e+09),
(-1.121, 3.31e+09),
(-1.117, 3.62e+09),
(-1.114, 3.67e+09),
(-1.110, 3.36e+09),
(-1.107, 3.64e+09),
(-1.104, 3.24e+09),
(-1.100, 3.32e+09),
(-1.097, 3.96e+09),
(-1.093, 4.14e+09),
(-1.090, 3.91e+09),
(-1.087, 3.64e+09),
(-1.083, 3.51e+09),
(-1.080, 3.42e+09),
(-1.077, 2.81e+09),
(-1.073, 3.26e+09),
(-1.070, 3.51e+09),
(-1.066, 3.03e+09),
(-1.063, 3.15e+09),
(-1.060, 2.54e+09),
(-1.056, 3.06e+09),
(-1.053, 3.35e+09),
(-1.050, 3.49e+09),
(-1.046, 3.48e+09),
(-1.043, 3.30e+09),
(-1.040, 3.29e+09),
(-1.036, 3.26e+09),
(-1.033, 3.54e+09),
(-1.029, 3.64e+09),
(-1.026, 3.71e+09),
(-1.023, 4.08e+09),
(-1.019, 3.99e+09),
(-1.016, 4.01e+09),
(-1.012, 4.49e+09),
(-1.009, 4.48e+09),
(-1.006, 4.42e+09),
(-1.002, 4.85e+09),
(-0.999, 4.55e+09),
(-0.996, 4.26e+09),
(-0.992, 3.91e+09),
(-0.989, 3.48e+09),
(-0.985, 3.70e+09),
(-0.982, 3.82e+09),
(-0.979, 3.70e+09),
(-0.975, 3.72e+09),
(-0.972, 4.34e+09),
(-0.969, 4.35e+09),
(-0.965, 3.92e+09),
(-0.962, 4.13e+09),
(-0.959, 4.45e+09),
(-0.955, 3.92e+09),
(-0.952, 3.80e+09),
(-0.948, 4.12e+09),
(-0.945, 3.71e+09),
(-0.942, 3.78e+09),
(-0.938, 4.25e+09),
(-0.935, 4.75e+09),
(-0.932, 5.26e+09),
(-0.928, 5.46e+09),
(-0.925, 5.57e+09),
(-0.921, 5.42e+09),
(-0.918, 5.01e+09),
(-0.915, 5.07e+09),
(-0.911, 5.06e+09),
(-0.908, 5.10e+09),
(-0.904, 4.88e+09),
(-0.901, 4.85e+09),
(-0.898, 4.72e+09),
(-0.894, 5.18e+09),
(-0.891, 5.14e+09),
(-0.888, 5.38e+09),
(-0.884, 5.26e+09),
(-0.881, 5.49e+09),
(-0.878, 5.54e+09),
(-0.874, 6.03e+09),
(-0.871, 6.10e+09),
(-0.867, 6.03e+09),
(-0.864, 6.00e+09),
(-0.861, 5.64e+09),
(-0.857, 5.61e+09),
(-0.854, 6.09e+09),
(-0.851, 6.48e+09),
(-0.847, 6.70e+09),
(-0.844, 6.16e+09),
(-0.840, 6.32e+09),
(-0.837, 6.28e+09),
(-0.834, 6.23e+09),
(-0.830, 6.29e+09),
(-0.827, 6.57e+09),
(-0.823, 6.42e+09),
(-0.820, 6.24e+09),
(-0.817, 6.09e+09),
(-0.813, 6.10e+09),
(-0.810, 6.34e+09),
(-0.807, 6.62e+09),
(-0.803, 7.17e+09),
(-0.800, 7.22e+09),
(-0.796, 6.60e+09),
(-0.793, 6.65e+09),
(-0.790, 6.84e+09),
(-0.786, 6.81e+09),
(-0.783, 6.66e+09),
(-0.780, 6.47e+09),
(-0.776, 6.19e+09),
(-0.773, 5.78e+09),
(-0.770, 5.85e+09),
(-0.766, 6.15e+09),
(-0.763, 6.57e+09),
(-0.759, 6.02e+09),
(-0.756, 6.07e+09),
(-0.753, 6.41e+09),
(-0.749, 6.62e+09),
(-0.746, 6.33e+09),
(-0.742, 6.37e+09),
(-0.739, 6.85e+09),
(-0.736, 7.32e+09),
(-0.732, 7.75e+09),
(-0.729, 8.00e+09),
(-0.726, 8.61e+09),
(-0.722, 8.74e+09),
(-0.719, 8.37e+09),
(-0.715, 8.38e+09),
(-0.712, 8.40e+09),
(-0.709, 8.59e+09),
(-0.705, 8.61e+09),
(-0.702, 8.46e+09),
(-0.699, 8.49e+09),
(-0.695, 8.47e+09),
(-0.692, 8.58e+09),
(-0.689, 8.54e+09),
(-0.685, 8.41e+09),
(-0.682, 8.41e+09),
(-0.678, 8.05e+09),
(-0.675, 7.89e+09),
(-0.672, 7.65e+09),
(-0.668, 8.08e+09),
(-0.665, 8.11e+09),
(-0.662, 7.97e+09),
(-0.658, 7.80e+09),
(-0.655, 8.13e+09),
(-0.651, 8.43e+09),
(-0.648, 8.09e+09),
(-0.645, 8.46e+09),
(-0.641, 8.53e+09),
(-0.638, 8.48e+09),
(-0.634, 8.58e+09),
(-0.631, 8.85e+09),
(-0.628, 9.14e+09),
(-0.624, 8.84e+09),
(-0.621, 8.64e+09),
(-0.618, 8.32e+09),
(-0.614, 8.41e+09),
(-0.611, 8.65e+09),
(-0.608, 8.89e+09),
(-0.604, 8.98e+09),
(-0.601, 9.28e+09),
(-0.597, 9.24e+09),
(-0.594, 9.24e+09),
(-0.591, 8.98e+09),
(-0.587, 8.87e+09),
(-0.584, 8.81e+09),
(-0.581, 8.84e+09),
(-0.577, 8.76e+09),
(-0.574, 8.18e+09),
(-0.570, 8.12e+09),
(-0.567, 8.16e+09),
(-0.564, 8.20e+09),
(-0.560, 8.21e+09),
(-0.557, 8.38e+09),
(-0.553, 8.29e+09),
(-0.550, 8.63e+09),
(-0.547, 8.82e+09),
(-0.543, 8.73e+09),
(-0.540, 9.06e+09),
(-0.537, 9.73e+09),
(-0.533, 9.95e+09),
(-0.530, 9.58e+09),
(-0.526, 9.23e+09),
(-0.523, 9.21e+09),
(-0.520, 8.87e+09),
(-0.516, 9.09e+09),
(-0.513, 9.31e+09),
(-0.510, 9.31e+09),
(-0.506, 9.39e+09),
(-0.503, 9.53e+09),
(-0.500, 9.32e+09),
(-0.496, 9.00e+09),
(-0.493, 8.96e+09),
(-0.489, 9.36e+09),
(-0.486, 9.58e+09),
(-0.483, 9.21e+09),
(-0.479, 9.33e+09),
(-0.476, 8.97e+09),
(-0.472, 8.90e+09),
(-0.469, 8.94e+09),
(-0.466, 9.22e+09),
(-0.462, 9.34e+09),
(-0.459, 9.35e+09),
(-0.456, 9.24e+09),
(-0.452, 9.07e+09),
(-0.449, 9.13e+09),
(-0.445, 9.56e+09),
(-0.442, 9.52e+09),
(-0.439, 9.27e+09),
(-0.435, 1.00e+10),
(-0.432, 9.83e+09),
(-0.429, 9.34e+09),
(-0.425, 8.95e+09),
(-0.422, 8.96e+09),
(-0.419, 9.02e+09),
(-0.415, 9.01e+09),
(-0.412, 8.94e+09),
(-0.408, 9.15e+09),
(-0.405, 9.33e+09),
(-0.402, 9.32e+09),
(-0.398, 8.53e+09),
(-0.395, 8.93e+09),
(-0.392, 9.09e+09),
(-0.388, 9.19e+09),
(-0.385, 9.35e+09),
(-0.381, 9.51e+09),
(-0.378, 9.56e+09),
(-0.375, 9.45e+09),
(-0.371, 9.47e+09),
(-0.368, 9.80e+09),
(-0.364, 9.69e+09),
(-0.361, 1.00e+10),
(-0.358, 9.54e+09),
(-0.354, 9.15e+09),
(-0.351, 9.20e+09),
(-0.348, 8.62e+09),
(-0.344, 8.97e+09),
(-0.341, 9.00e+09),
(-0.338, 9.42e+09),
(-0.334, 9.37e+09),
(-0.331, 9.24e+09),
(-0.327, 9.09e+09),
(-0.324, 9.46e+09),
(-0.321, 9.37e+09),
(-0.317, 9.28e+09),
(-0.314, 9.19e+09),
(-0.311, 8.97e+09),
(-0.307, 8.85e+09),
(-0.304, 9.18e+09),
(-0.300, 9.11e+09),
(-0.297, 8.96e+09),
(-0.294, 9.29e+09),
(-0.290, 9.67e+09),
(-0.287, 9.35e+09),
(-0.283, 9.27e+09),
(-0.280, 9.27e+09),
(-0.277, 9.44e+09),
(-0.273, 9.42e+09),
(-0.270, 9.08e+09),
(-0.267, 9.18e+09),
(-0.263, 9.12e+09),
(-0.260, 9.20e+09),
(-0.256, 8.94e+09),
(-0.253, 8.97e+09),
(-0.250, 9.10e+09),
(-0.246, 9.01e+09),
(-0.243, 8.80e+09),
(-0.240, 8.80e+09),
(-0.236, 9.14e+09),
(-0.233, 9.46e+09),
(-0.230, 8.92e+09),
(-0.226, 8.96e+09),
(-0.223, 8.76e+09),
(-0.219, 9.16e+09),
(-0.216, 9.21e+09),
(-0.213, 9.58e+09),
(-0.209, 9.86e+09),
(-0.206, 9.24e+09),
(-0.202, 9.19e+09),
(-0.199, 1.01e+10),
(-0.196, 9.94e+09),
(-0.192, 9.51e+09),
(-0.189, 9.50e+09),
(-0.186, 9.89e+09),
(-0.182, 1.03e+10),
(-0.179, 1.03e+10),
(-0.175, 1.00e+10),
(-0.172, 1.03e+10),
(-0.169, 1.05e+10),
(-0.165, 1.05e+10),
(-0.162, 1.04e+10),
(-0.159, 1.05e+10),
(-0.155, 1.03e+10),
(-0.152, 1.02e+10),
(-0.149, 1.02e+10),
(-0.145, 1.07e+10),
(-0.142, 1.10e+10),
(-0.138, 1.07e+10),
(-0.135, 1.10e+10),
(-0.132, 1.10e+10),
(-0.128, 1.13e+10),
(-0.125, 1.13e+10),
(-0.122, 1.11e+10),
(-0.118, 1.10e+10),
(-0.115, 1.04e+10),
(-0.111, 1.03e+10),
(-0.108, 1.03e+10),
(-0.105, 1.03e+10),
(-0.101, 1.07e+10),
(-0.098, 1.12e+10),
(-0.094, 1.14e+10),
(-0.091, 1.12e+10),
(-0.088, 1.16e+10),
(-0.084, 1.13e+10),
(-0.081, 1.11e+10),
(-0.078, 1.11e+10),
(-0.074, 1.12e+10),
(-0.071, 1.16e+10),
(-0.068, 1.19e+10),
(-0.064, 1.23e+10),
(-0.061, 1.27e+10),
(-0.057, 1.28e+10),
(-0.054, 1.29e+10),
(-0.051, 1.32e+10),
(-0.047, 1.28e+10),
(-0.044, 1.27e+10),
(-0.041, 1.28e+10),
(-0.037, 1.26e+10),
(-0.034, 1.28e+10),
(-0.030, 1.28e+10),
(-0.027, 1.27e+10),
(-0.024, 1.33e+10),
(-0.020, 1.33e+10),
(-0.017, 1.31e+10),
(-0.013, 1.35e+10),
(-0.010, 1.35e+10),
(-0.007, 1.32e+10),
(-0.003, 1.34e+10),
(-0.000, 1.35e+10),
( 0.003, 1.33e+10),
( 0.007, 1.30e+10),
( 0.010, 1.32e+10),
( 0.014, 1.27e+10),
( 0.017, 1.25e+10),
( 0.020, 1.26e+10),
( 0.024, 1.27e+10),
( 0.027, 1.30e+10),
( 0.030, 1.34e+10),
( 0.034, 1.35e+10),
( 0.037, 1.33e+10),
( 0.040, 1.32e+10),
( 0.044, 1.32e+10),
( 0.047, 1.34e+10),
( 0.051, 1.35e+10),
( 0.054, 1.30e+10),
( 0.057, 1.29e+10),
( 0.061, 1.21e+10),
( 0.064, 1.23e+10),
( 0.068, 1.22e+10),
( 0.071, 1.23e+10),
( 0.074, 1.25e+10),
( 0.078, 1.27e+10),
( 0.081, 1.33e+10),
( 0.084, 1.35e+10),
( 0.088, 1.37e+10),
( 0.091, 1.38e+10),
( 0.095, 1.40e+10),
( 0.098, 1.45e+10),
( 0.101, 1.43e+10),
( 0.105, 1.41e+10),
( 0.108, 1.42e+10),
( 0.111, 1.43e+10),
( 0.115, 1.37e+10),
( 0.118, 1.35e+10),
( 0.121, 1.35e+10),
( 0.125, 1.40e+10),
( 0.128, 1.39e+10),
( 0.132, 1.42e+10),
( 0.135, 1.45e+10),
( 0.138, 1.45e+10),
( 0.142, 1.47e+10),
( 0.145, 1.46e+10),
( 0.148, 1.43e+10),
( 0.152, 1.35e+10),
( 0.155, 1.36e+10),
( 0.159, 1.42e+10),
( 0.162, 1.38e+10),
( 0.165, 1.41e+10),
( 0.169, 1.41e+10),
( 0.172, 1.43e+10),
( 0.176, 1.41e+10),
( 0.179, 1.39e+10),
( 0.182, 1.42e+10),
( 0.186, 1.46e+10),
( 0.189, 1.45e+10),
( 0.192, 1.47e+10),
( 0.196, 1.52e+10),
( 0.199, 1.48e+10),
( 0.202, 1.45e+10),
( 0.206, 1.48e+10),
( 0.209, 1.49e+10),
( 0.213, 1.53e+10),
( 0.216, 1.50e+10),
( 0.219, 1.45e+10),
( 0.223, 1.46e+10),
( 0.226, 1.44e+10),
( 0.229, 1.46e+10),
( 0.233, 1.52e+10),
( 0.236, 1.52e+10),
( 0.240, 1.54e+10),
( 0.243, 1.57e+10),
( 0.246, 1.59e+10),
( 0.250, 1.59e+10),
( 0.253, 1.61e+10),
( 0.257, 1.66e+10),
( 0.260, 1.69e+10),
( 0.263, 1.66e+10),
( 0.267, 1.65e+10),
( 0.270, 1.66e+10),
( 0.273, 1.69e+10),
( 0.277, 1.68e+10),
( 0.280, 1.72e+10),
( 0.284, 1.73e+10),
( 0.287, 1.71e+10),
( 0.290, 1.70e+10),
( 0.294, 1.73e+10),
( 0.297, 1.73e+10),
( 0.300, 1.77e+10),
( 0.304, 1.84e+10),
( 0.307, 1.87e+10),
( 0.310, 1.87e+10),
( 0.314, 1.88e+10),
( 0.317, 1.92e+10),
( 0.321, 1.98e+10),
( 0.324, 1.99e+10),
( 0.327, 2.03e+10),
( 0.331, 2.00e+10),
( 0.334, 1.96e+10),
( 0.338, 1.97e+10),
( 0.341, 2.01e+10),
( 0.344, 2.05e+10),
( 0.348, 2.09e+10),
( 0.351, 2.09e+10),
( 0.354, 2.10e+10),
( 0.358, 2.08e+10),
( 0.361, 2.05e+10),
( 0.365, 2.09e+10),
( 0.368, 2.07e+10),
( 0.371, 2.09e+10),
( 0.375, 2.08e+10),
( 0.378, 2.06e+10),
( 0.381, 2.09e+10),
( 0.385, 2.11e+10),
( 0.388, 2.09e+10),
( 0.391, 2.13e+10),
( 0.395, 2.10e+10),
( 0.398, 2.12e+10),
( 0.402, 2.15e+10),
( 0.405, 2.21e+10),
( 0.408, 2.21e+10),
( 0.412, 2.21e+10),
( 0.415, 2.21e+10),
( 0.418, 2.18e+10),
( 0.422, 2.20e+10),
( 0.425, 2.21e+10),
( 0.429, 2.19e+10),
( 0.432, 2.19e+10),
( 0.435, 2.20e+10),
( 0.439, 2.20e+10),
( 0.442, 2.23e+10),
( 0.446, 2.27e+10),
( 0.449, 2.22e+10),
( 0.452, 2.20e+10),
( 0.456, 2.20e+10),
( 0.459, 2.25e+10),
( 0.462, 2.26e+10),
( 0.466, 2.22e+10),
( 0.469, 2.21e+10),
( 0.472, 2.22e+10),
( 0.476, 2.23e+10),
( 0.479, 2.25e+10),
( 0.483, 2.24e+10),
( 0.486, 2.26e+10),
( 0.489, 2.26e+10),
( 0.493, 2.23e+10),
( 0.496, 2.24e+10),
( 0.499, 2.26e+10),
( 0.503, 2.22e+10),
( 0.506, 2.20e+10),
( 0.510, 2.16e+10),
( 0.513, 2.22e+10),
( 0.516, 2.23e+10),
( 0.520, 2.24e+10),
( 0.523, 2.23e+10),
( 0.527, 2.25e+10),
( 0.530, 2.24e+10),
( 0.533, 2.28e+10),
( 0.537, 2.30e+10),
( 0.540, 2.26e+10),
( 0.543, 2.25e+10),
( 0.547, 2.22e+10),
( 0.550, 2.19e+10),
( 0.554, 2.28e+10),
( 0.557, 2.24e+10),
( 0.560, 2.23e+10),
( 0.564, 2.24e+10),
( 0.567, 2.26e+10),
( 0.570, 2.23e+10),
( 0.574, 2.25e+10),
( 0.577, 2.29e+10),
( 0.580, 2.33e+10),
( 0.584, 2.30e+10),
( 0.587, 2.30e+10),
( 0.591, 2.32e+10),
( 0.594, 2.31e+10),
( 0.597, 2.34e+10),
( 0.601, 2.33e+10),
( 0.604, 2.33e+10),
( 0.608, 2.34e+10),
( 0.611, 2.32e+10),
( 0.614, 2.32e+10),
( 0.618, 2.28e+10),
( 0.621, 2.28e+10),
( 0.624, 2.34e+10),
( 0.628, 2.35e+10),
( 0.631, 2.29e+10),
( 0.635, 2.32e+10),
( 0.638, 2.37e+10),
( 0.641, 2.36e+10),
( 0.645, 2.42e+10),
( 0.648, 2.41e+10),
( 0.651, 2.44e+10),
( 0.655, 2.43e+10),
( 0.658, 2.43e+10),
( 0.661, 2.40e+10),
( 0.665, 2.40e+10),
( 0.668, 2.42e+10),
( 0.672, 2.42e+10),
( 0.675, 2.47e+10),
( 0.678, 2.41e+10),
( 0.682, 2.35e+10),
( 0.685, 2.36e+10),
( 0.688, 2.37e+10),
( 0.692, 2.36e+10),
( 0.695, 2.38e+10),
( 0.699, 2.38e+10),
( 0.702, 2.38e+10),
( 0.705, 2.43e+10),
( 0.709, 2.42e+10),
( 0.712, 2.40e+10),
( 0.716, 2.40e+10),
( 0.719, 2.43e+10),
( 0.722, 2.39e+10),
( 0.726, 2.34e+10),
( 0.729, 2.39e+10),
( 0.732, 2.40e+10),
( 0.736, 2.41e+10),
( 0.739, 2.43e+10),
( 0.742, 2.45e+10),
( 0.746, 2.42e+10),
( 0.749, 2.43e+10),
( 0.753, 2.42e+10),
( 0.756, 2.39e+10),
( 0.759, 2.40e+10),
( 0.763, 2.41e+10),
( 0.766, 2.42e+10),
( 0.769, 2.37e+10),
( 0.773, 2.38e+10),
( 0.776, 2.36e+10),
( 0.780, 2.37e+10),
( 0.783, 2.37e+10),
( 0.786, 2.41e+10),
( 0.790, 2.43e+10),
( 0.793, 2.49e+10),
( 0.797, 2.51e+10),
( 0.800, 2.54e+10),
( 0.803, 2.49e+10),
( 0.807, 2.44e+10),
( 0.810, 2.45e+10),
( 0.813, 2.47e+10),
( 0.817, 2.47e+10),
( 0.820, 2.46e+10),
( 0.824, 2.44e+10),
( 0.827, 2.45e+10),
( 0.830, 2.40e+10),
( 0.834, 2.34e+10),
( 0.837, 2.39e+10),
( 0.840, 2.42e+10),
( 0.844, 2.47e+10),
( 0.847, 2.48e+10),
( 0.850, 2.45e+10),
( 0.854, 2.48e+10),
( 0.857, 2.51e+10),
( 0.861, 2.47e+10),
( 0.864, 2.49e+10),
( 0.867, 2.49e+10),
( 0.871, 2.52e+10),
( 0.874, 2.56e+10),
( 0.878, 2.51e+10),
( 0.881, 2.54e+10),
( 0.884, 2.51e+10),
( 0.888, 2.53e+10),
( 0.891, 2.48e+10),
( 0.894, 2.48e+10),
( 0.898, 2.49e+10),
( 0.901, 2.53e+10),
( 0.905, 2.51e+10),
( 0.908, 2.50e+10),
( 0.911, 2.50e+10),
( 0.915, 2.47e+10),
( 0.918, 2.48e+10),
( 0.921, 2.51e+10),
( 0.925, 2.48e+10),
( 0.928, 2.43e+10),
( 0.931, 2.44e+10),
( 0.935, 2.49e+10),
( 0.938, 2.48e+10),
( 0.942, 2.45e+10),
( 0.945, 2.52e+10),
( 0.948, 2.51e+10),
( 0.952, 2.53e+10),
( 0.955, 2.53e+10),
( 0.958, 2.53e+10),
( 0.962, 2.56e+10),
( 0.965, 2.55e+10),
( 0.969, 2.58e+10),
( 0.972, 2.57e+10),
( 0.975, 2.55e+10),
( 0.979, 2.55e+10),
( 0.982, 2.54e+10),
( 0.986, 2.56e+10),
( 0.989, 2.56e+10),
( 0.992, 2.61e+10),
( 0.996, 2.66e+10),
( 0.999, 2.65e+10),
( 1.002, 2.63e+10),
( 1.006, 2.68e+10),
( 1.009, 2.69e+10),
( 1.012, 2.67e+10),
( 1.016, 2.63e+10),
( 1.019, 2.66e+10),
( 1.023, 2.70e+10),
( 1.026, 2.76e+10),
( 1.029, 2.77e+10),
( 1.033, 2.80e+10),
( 1.036, 2.81e+10),
( 1.039, 2.81e+10),
( 1.043, 2.84e+10),
( 1.046, 2.84e+10),
( 1.050, 2.82e+10),
( 1.053, 2.84e+10),
( 1.056, 2.84e+10),
( 1.060, 2.88e+10),
( 1.063, 2.92e+10),
( 1.067, 2.96e+10),
( 1.070, 2.94e+10),
( 1.073, 2.93e+10),
( 1.077, 2.92e+10),
( 1.080, 2.94e+10),
( 1.083, 2.92e+10),
( 1.087, 2.94e+10),
( 1.090, 3.00e+10),
( 1.094, 3.03e+10),
( 1.097, 3.01e+10),
( 1.100, 2.97e+10),
( 1.104, 2.94e+10),
( 1.107, 2.96e+10),
( 1.110, 2.94e+10),
( 1.114, 2.93e+10),
( 1.117, 3.00e+10),
( 1.120, 2.98e+10),
( 1.124, 2.98e+10),
( 1.127, 2.98e+10),
( 1.131, 2.94e+10),
( 1.134, 2.95e+10),
( 1.137, 2.94e+10),
( 1.141, 2.91e+10),
( 1.144, 2.97e+10),
( 1.148, 3.00e+10),
( 1.151, 3.00e+10),
( 1.154, 3.01e+10),
( 1.158, 3.01e+10),
( 1.161, 3.00e+10),
( 1.164, 3.01e+10),
( 1.168, 3.01e+10),
( 1.171, 3.06e+10),
( 1.175, 3.09e+10),
( 1.178, 3.12e+10),
( 1.181, 3.12e+10),
( 1.185, 3.12e+10),
( 1.188, 3.15e+10),
( 1.191, 3.14e+10),
( 1.195, 3.10e+10),
( 1.198, 3.10e+10),
( 1.201, 3.11e+10),
( 1.205, 3.14e+10),
( 1.208, 3.13e+10),
( 1.212, 3.17e+10),
( 1.215, 3.18e+10),
( 1.218, 3.27e+10),
( 1.222, 3.28e+10),
( 1.225, 3.30e+10),
( 1.228, 3.33e+10),
( 1.232, 3.32e+10),
( 1.235, 3.30e+10),
( 1.239, 3.25e+10),
( 1.242, 3.22e+10),
( 1.245, 3.24e+10),
( 1.249, 3.23e+10),
( 1.252, 3.25e+10),
( 1.256, 3.24e+10),
( 1.259, 3.23e+10),
( 1.262, 3.26e+10),
( 1.266, 3.25e+10),
( 1.269, 3.28e+10),
( 1.272, 3.28e+10),
( 1.276, 3.29e+10),
( 1.279, 3.28e+10),
( 1.282, 3.32e+10),
( 1.286, 3.30e+10),
( 1.289, 3.32e+10),
( 1.293, 3.38e+10),
( 1.296, 3.36e+10),
( 1.299, 3.39e+10),
( 1.303, 3.46e+10),
( 1.306, 3.47e+10),
( 1.309, 3.44e+10),
( 1.313, 3.43e+10),
( 1.316, 3.45e+10),
( 1.320, 3.46e+10),
( 1.323, 3.47e+10),
( 1.326, 3.43e+10),
( 1.330, 3.43e+10),
( 1.333, 3.42e+10),
( 1.337, 3.41e+10),
( 1.340, 3.41e+10),
( 1.343, 3.44e+10),
( 1.347, 3.44e+10),
( 1.350, 3.46e+10),
( 1.353, 3.48e+10),
( 1.357, 3.49e+10),
( 1.360, 3.50e+10),
( 1.364, 3.49e+10),
( 1.367, 3.48e+10),
( 1.370, 3.47e+10),
( 1.374, 3.43e+10),
( 1.377, 3.46e+10),
( 1.380, 3.48e+10),
( 1.384, 3.50e+10),
( 1.387, 3.49e+10),
( 1.390, 3.46e+10),
( 1.394, 3.44e+10),
( 1.397, 3.42e+10),
( 1.401, 3.43e+10),
( 1.404, 3.44e+10),
( 1.407, 3.40e+10),
( 1.411, 3.41e+10),
( 1.414, 3.40e+10),
( 1.418, 3.41e+10),
( 1.421, 3.40e+10),
( 1.424, 3.37e+10),
( 1.428, 3.42e+10),
( 1.431, 3.43e+10),
( 1.434, 3.45e+10),
( 1.438, 3.44e+10),
( 1.441, 3.43e+10),
( 1.445, 3.38e+10),
( 1.448, 3.36e+10),
( 1.451, 3.34e+10),
( 1.455, 3.31e+10),
( 1.458, 3.31e+10),
( 1.461, 3.29e+10),
( 1.465, 3.26e+10),
( 1.468, 3.28e+10),
( 1.471, 3.31e+10),
( 1.475, 3.30e+10),
( 1.478, 3.30e+10),
( 1.482, 3.33e+10),
( 1.485, 3.32e+10),
( 1.488, 3.31e+10),
( 1.492, 3.32e+10),
( 1.495, 3.33e+10),
( 1.498, 3.36e+10),
( 1.502, 3.37e+10),
( 1.505, 3.36e+10),
( 1.509, 3.34e+10),
( 1.512, 3.30e+10),
( 1.515, 3.31e+10),
( 1.519, 3.32e+10),
( 1.522, 3.31e+10),
( 1.526, 3.29e+10),
( 1.529, 3.27e+10),
( 1.532, 3.26e+10),
( 1.536, 3.27e+10),
( 1.539, 3.27e+10),
( 1.542, 3.26e+10),
( 1.546, 3.28e+10),
( 1.549, 3.27e+10),
( 1.552, 3.24e+10),
( 1.556, 3.24e+10),
( 1.559, 3.24e+10),
( 1.563, 3.19e+10),
( 1.566, 3.20e+10),
( 1.569, 3.21e+10),
( 1.573, 3.25e+10),
( 1.576, 3.24e+10),
( 1.579, 3.24e+10),
( 1.583, 3.22e+10),
( 1.586, 3.24e+10),
( 1.590, 3.25e+10),
( 1.593, 3.24e+10),
( 1.596, 3.22e+10),
( 1.600, 3.20e+10),
( 1.603, 3.20e+10),
( 1.607, 3.17e+10),
( 1.610, 3.16e+10),
( 1.613, 3.11e+10),
( 1.617, 3.11e+10),
( 1.620, 3.15e+10),
( 1.623, 3.13e+10),
( 1.627, 3.10e+10),
( 1.630, 3.11e+10),
( 1.634, 3.06e+10),
( 1.637, 3.03e+10),
( 1.640, 3.03e+10),
( 1.644, 3.00e+10),
( 1.647, 3.01e+10),
( 1.650, 3.00e+10),
( 1.654, 2.97e+10),
( 1.657, 3.01e+10),
( 1.660, 3.04e+10),
( 1.664, 2.95e+10),
( 1.667, 2.94e+10),
( 1.671, 2.88e+10),
( 1.674, 2.89e+10),
( 1.677, 2.92e+10),
( 1.681, 2.95e+10),
( 1.684, 2.98e+10),
( 1.688, 3.01e+10),
( 1.691, 3.00e+10),
( 1.694, 2.96e+10),
( 1.698, 2.93e+10),
( 1.701, 2.96e+10),
( 1.704, 2.95e+10),
( 1.708, 2.95e+10),
( 1.711, 2.93e+10),
( 1.715, 2.89e+10),
( 1.718, 2.86e+10),
( 1.721, 2.82e+10),
( 1.725, 2.83e+10),
( 1.728, 2.83e+10),
( 1.731, 2.84e+10),
( 1.735, 2.87e+10),
( 1.738, 2.88e+10),
( 1.741, 2.90e+10),
( 1.745, 2.88e+10),
( 1.748, 2.85e+10),
( 1.752, 2.86e+10),
( 1.755, 2.89e+10),
( 1.758, 2.87e+10),
( 1.762, 2.90e+10),
( 1.765, 2.90e+10),
( 1.768, 2.91e+10),
( 1.772, 2.90e+10),
( 1.775, 2.90e+10),
( 1.779, 2.86e+10),
( 1.782, 2.92e+10),
( 1.785, 2.91e+10),
( 1.789, 2.89e+10),
( 1.792, 2.85e+10),
( 1.796, 2.85e+10),
( 1.799, 2.83e+10),
( 1.802, 2.78e+10),
( 1.806, 2.78e+10),
( 1.809, 2.77e+10),
( 1.812, 2.74e+10),
( 1.816, 2.73e+10),
( 1.819, 2.68e+10),
( 1.822, 2.71e+10),
( 1.826, 2.70e+10),
( 1.829, 2.71e+10),
( 1.833, 2.71e+10),
( 1.836, 2.71e+10),
( 1.839, 2.70e+10),
( 1.843, 2.69e+10),
( 1.846, 2.64e+10),
( 1.849, 2.59e+10),
( 1.853, 2.54e+10),
( 1.856, 2.55e+10),
( 1.860, 2.60e+10),
( 1.863, 2.63e+10),
( 1.866, 2.60e+10),
( 1.870, 2.57e+10),
( 1.873, 2.55e+10),
( 1.877, 2.56e+10),
( 1.880, 2.57e+10),
( 1.883, 2.61e+10),
( 1.887, 2.64e+10),
( 1.890, 2.69e+10),
( 1.893, 2.65e+10),
( 1.897, 2.60e+10),
( 1.900, 2.59e+10),
( 1.904, 2.56e+10),
( 1.907, 2.56e+10),
( 1.910, 2.57e+10),
( 1.914, 2.63e+10),
( 1.917, 2.63e+10),
( 1.920, 2.67e+10),
( 1.924, 2.62e+10),
( 1.927, 2.62e+10),
( 1.930, 2.59e+10),
( 1.934, 2.56e+10),
( 1.937, 2.59e+10),
( 1.941, 2.56e+10),
( 1.944, 2.58e+10),
( 1.947, 2.52e+10),
( 1.951, 2.46e+10),
( 1.954, 2.49e+10),
( 1.958, 2.50e+10),
( 1.961, 2.53e+10),
( 1.964, 2.50e+10),
( 1.968, 2.49e+10),
( 1.971, 2.44e+10),
( 1.974, 2.47e+10),
( 1.978, 2.51e+10),
( 1.981, 2.46e+10),
( 1.985, 2.47e+10),
( 1.988, 2.51e+10),
( 1.991, 2.52e+10),
( 1.995, 2.51e+10),
( 1.998, 2.51e+10),
( 2.001, 2.51e+10),
( 2.005, 2.48e+10),
( 2.008, 2.46e+10),
( 2.011, 2.50e+10),
( 2.015, 2.50e+10),
( 2.018, 2.56e+10),
( 2.022, 2.58e+10),
( 2.025, 2.59e+10),
( 2.028, 2.56e+10),
( 2.032, 2.55e+10),
( 2.035, 2.57e+10),
( 2.038, 2.56e+10),
( 2.042, 2.55e+10),
( 2.045, 2.60e+10),
( 2.049, 2.61e+10),
( 2.052, 2.60e+10),
( 2.055, 2.57e+10),
( 2.059, 2.60e+10),
( 2.062, 2.61e+10),
( 2.066, 2.63e+10),
( 2.069, 2.61e+10),
( 2.072, 2.61e+10),
( 2.076, 2.64e+10),
( 2.079, 2.67e+10),
( 2.082, 2.67e+10),
( 2.086, 2.64e+10),
( 2.089, 2.63e+10),
( 2.092, 2.66e+10),
( 2.096, 2.66e+10),
( 2.099, 2.64e+10),
( 2.103, 2.65e+10),
( 2.106, 2.63e+10),
( 2.109, 2.64e+10),
( 2.113, 2.63e+10),
( 2.116, 2.67e+10),
( 2.119, 2.69e+10),
( 2.123, 2.72e+10),
( 2.126, 2.72e+10),
( 2.130, 2.69e+10),
( 2.133, 2.69e+10),
( 2.136, 2.77e+10),
( 2.140, 2.79e+10),
( 2.143, 2.81e+10),
( 2.147, 2.80e+10),
( 2.150, 2.76e+10),
( 2.153, 2.71e+10),
( 2.157, 2.74e+10),
( 2.160, 2.74e+10),
( 2.163, 2.72e+10),
( 2.167, 2.71e+10),
( 2.170, 2.72e+10),
( 2.174, 2.75e+10),
( 2.177, 2.74e+10),
( 2.180, 2.76e+10),
( 2.184, 2.73e+10),
( 2.187, 2.78e+10),
( 2.190, 2.77e+10),
( 2.194, 2.75e+10),
( 2.197, 2.76e+10),
( 2.200, 2.82e+10),
( 2.204, 2.84e+10),
( 2.207, 2.83e+10),
( 2.211, 2.83e+10),
( 2.214, 2.78e+10),
( 2.217, 2.81e+10),
( 2.221, 2.84e+10),
( 2.224, 2.85e+10),
( 2.228, 2.83e+10),
( 2.231, 2.79e+10),
( 2.234, 2.80e+10),
( 2.238, 2.82e+10),
( 2.241, 2.86e+10),
( 2.244, 2.90e+10),
( 2.248, 2.95e+10),
( 2.251, 2.97e+10),
( 2.255, 2.93e+10),
( 2.258, 2.93e+10),
( 2.261, 2.94e+10),
( 2.265, 2.93e+10),
( 2.268, 2.91e+10),
( 2.271, 2.85e+10),
( 2.275, 2.86e+10),
( 2.278, 2.89e+10),
( 2.281, 2.87e+10),
( 2.285, 2.85e+10),
( 2.288, 2.84e+10),
( 2.292, 2.86e+10),
( 2.295, 2.79e+10),
( 2.298, 2.83e+10),
( 2.302, 2.86e+10),
( 2.305, 2.87e+10),
( 2.308, 2.87e+10),
( 2.312, 2.86e+10),
( 2.315, 2.86e+10),
( 2.319, 2.85e+10),
( 2.322, 2.85e+10),
( 2.325, 2.87e+10),
( 2.329, 2.88e+10),
( 2.332, 2.87e+10),
( 2.336, 2.89e+10),
( 2.339, 2.90e+10),
( 2.342, 2.91e+10),
( 2.346, 2.86e+10),
( 2.349, 2.83e+10),
( 2.352, 2.84e+10),
( 2.356, 2.82e+10),
( 2.359, 2.81e+10),
( 2.362, 2.84e+10),
( 2.366, 2.88e+10),
( 2.369, 2.91e+10),
( 2.373, 2.86e+10),
( 2.376, 2.84e+10),
( 2.379, 2.82e+10),
( 2.383, 2.83e+10),
( 2.386, 2.82e+10),
( 2.389, 2.84e+10),
( 2.393, 2.79e+10),
( 2.396, 2.79e+10),
( 2.400, 2.82e+10),
( 2.403, 2.81e+10),
( 2.406, 2.82e+10),
( 2.410, 2.86e+10),
( 2.413, 2.87e+10),
( 2.417, 2.87e+10),
( 2.420, 2.84e+10),
( 2.423, 2.85e+10),
( 2.427, 2.90e+10),
( 2.430, 2.89e+10),
( 2.433, 2.87e+10),
( 2.437, 2.87e+10),
( 2.440, 2.89e+10),
( 2.444, 2.92e+10),
( 2.447, 2.92e+10),
( 2.450, 2.90e+10),
( 2.454, 2.89e+10),
( 2.457, 2.94e+10),
( 2.460, 2.93e+10),
( 2.464, 2.93e+10),
( 2.467, 3.00e+10),
( 2.470, 3.03e+10),
( 2.474, 3.04e+10),
( 2.477, 3.07e+10),
( 2.481, 3.07e+10),
( 2.484, 3.02e+10),
( 2.487, 2.99e+10),
( 2.491, 2.94e+10),
( 2.494, 2.93e+10),
( 2.498, 2.90e+10),
( 2.501, 2.90e+10),
( 2.504, 2.94e+10),
( 2.508, 2.95e+10),
( 2.511, 2.96e+10),
( 2.514, 2.92e+10),
( 2.518, 2.93e+10),
( 2.521, 2.95e+10),
( 2.525, 2.94e+10),
( 2.528, 2.96e+10),
( 2.531, 2.95e+10),
( 2.535, 2.95e+10),
( 2.538, 2.91e+10),
( 2.541, 2.93e+10),
( 2.545, 2.92e+10),
( 2.548, 2.92e+10),
( 2.551, 2.98e+10),
( 2.555, 2.96e+10),
( 2.558, 2.93e+10),
( 2.562, 2.93e+10),
( 2.565, 2.93e+10),
( 2.568, 2.92e+10),
( 2.572, 2.92e+10),
( 2.575, 2.92e+10),
( 2.578, 2.93e+10),
( 2.582, 2.87e+10),
( 2.585, 2.84e+10),
( 2.589, 2.89e+10),
( 2.592, 2.90e+10),
( 2.595, 2.87e+10),
( 2.599, 2.90e+10),
( 2.602, 2.93e+10),
( 2.606, 2.93e+10),
( 2.609, 2.93e+10),
( 2.612, 2.96e+10),
( 2.616, 2.95e+10),
( 2.619, 2.89e+10),
( 2.622, 2.87e+10),
( 2.626, 2.91e+10),
( 2.629, 2.92e+10),
( 2.632, 2.93e+10),
( 2.636, 2.91e+10),
( 2.639, 2.93e+10),
( 2.643, 2.95e+10),
( 2.646, 2.96e+10),
( 2.649, 2.96e+10),
( 2.653, 3.00e+10),
( 2.656, 2.95e+10),
( 2.659, 2.95e+10),
( 2.663, 2.98e+10),
( 2.666, 2.98e+10),
( 2.670, 3.00e+10),
( 2.673, 3.00e+10),
( 2.676, 2.97e+10),
( 2.680, 2.94e+10),
( 2.683, 2.94e+10),
( 2.687, 2.96e+10),
( 2.690, 2.94e+10),
( 2.693, 2.95e+10),
( 2.697, 2.96e+10),
( 2.700, 2.95e+10),
( 2.703, 2.97e+10),
( 2.707, 2.96e+10),
( 2.710, 2.99e+10),
( 2.714, 2.97e+10),
( 2.717, 2.99e+10),
( 2.720, 2.99e+10),
( 2.724, 3.02e+10),
( 2.727, 3.05e+10),
( 2.730, 2.97e+10),
( 2.734, 2.98e+10),
( 2.737, 3.03e+10),
( 2.740, 3.08e+10),
( 2.744, 3.07e+10),
( 2.747, 3.08e+10),
( 2.751, 3.10e+10),
( 2.754, 3.11e+10),
( 2.757, 3.10e+10),
( 2.761, 3.09e+10),
( 2.764, 3.14e+10),
( 2.768, 3.17e+10),
( 2.771, 3.16e+10),
( 2.774, 3.10e+10),
( 2.778, 3.13e+10),
( 2.781, 3.13e+10),
( 2.784, 3.15e+10),
( 2.788, 3.17e+10),
( 2.791, 3.19e+10),
( 2.795, 3.20e+10),
( 2.798, 3.19e+10),
( 2.801, 3.17e+10),
( 2.805, 3.19e+10),
( 2.808, 3.20e+10),
( 2.811, 3.18e+10),
( 2.815, 3.19e+10),
( 2.818, 3.18e+10),
( 2.821, 3.17e+10),
( 2.825, 3.23e+10),
( 2.828, 3.22e+10),
( 2.832, 3.18e+10),
( 2.835, 3.14e+10),
( 2.838, 3.13e+10),
( 2.842, 3.14e+10),
( 2.845, 3.09e+10),
( 2.848, 3.09e+10),
( 2.852, 3.11e+10),
( 2.855, 3.12e+10),
( 2.859, 3.13e+10),
( 2.862, 3.16e+10),
( 2.865, 3.12e+10),
( 2.869, 3.07e+10),
( 2.872, 3.11e+10),
( 2.876, 3.07e+10),
( 2.879, 3.06e+10),
( 2.882, 3.13e+10),
( 2.886, 3.14e+10),
( 2.889, 3.15e+10),
( 2.892, 3.17e+10),
( 2.896, 3.16e+10),
( 2.899, 3.13e+10),
( 2.902, 3.17e+10),
( 2.906, 3.16e+10),
( 2.909, 3.16e+10),
( 2.913, 3.12e+10),
( 2.916, 3.12e+10),
( 2.919, 3.17e+10),
( 2.923, 3.22e+10),
( 2.926, 3.29e+10),
( 2.929, 3.28e+10),
( 2.933, 3.28e+10),
( 2.936, 3.28e+10),
( 2.940, 3.31e+10),
( 2.943, 3.34e+10),
( 2.946, 3.35e+10),
( 2.950, 3.32e+10),
( 2.953, 3.28e+10),
( 2.957, 3.28e+10),
( 2.960, 3.28e+10),
( 2.963, 3.25e+10),
( 2.967, 3.22e+10),
( 2.970, 3.20e+10),
( 2.973, 3.22e+10),
( 2.977, 3.24e+10),
( 2.980, 3.26e+10),
( 2.984, 3.26e+10),
( 2.987, 3.28e+10),
( 2.990, 3.31e+10),
( 2.994, 3.35e+10),
( 2.997, 3.39e+10),
( 3.000, 3.41e+10),
( 3.004, 3.43e+10),
( 3.007, 3.44e+10),
( 3.010, 3.45e+10),
( 3.014, 3.49e+10),
( 3.017, 3.51e+10),
( 3.021, 3.55e+10),
( 3.024, 3.57e+10),
( 3.027, 3.57e+10),
( 3.031, 3.63e+10),
( 3.034, 3.63e+10),
( 3.038, 3.62e+10),
( 3.041, 3.64e+10),
( 3.044, 3.63e+10),
( 3.048, 3.59e+10),
( 3.051, 3.58e+10),
( 3.054, 3.57e+10),
( 3.058, 3.59e+10),
( 3.061, 3.55e+10),
( 3.065, 3.54e+10),
( 3.068, 3.57e+10),
( 3.071, 3.63e+10),
( 3.075, 3.64e+10),
( 3.078, 3.61e+10),
( 3.081, 3.63e+10),
( 3.085, 3.67e+10),
( 3.088, 3.69e+10),
( 3.091, 3.70e+10),
( 3.095, 3.70e+10),
( 3.098, 3.69e+10),
( 3.102, 3.72e+10),
( 3.105, 3.75e+10),
( 3.108, 3.75e+10),
( 3.112, 3.77e+10),
( 3.115, 3.74e+10),
( 3.118, 3.72e+10),
( 3.122, 3.72e+10),
( 3.125, 3.73e+10),
( 3.129, 3.75e+10),
( 3.132, 3.79e+10),
( 3.135, 3.80e+10),
( 3.139, 3.82e+10),
( 3.142, 3.83e+10),
( 3.146, 3.83e+10),
( 3.149, 3.76e+10),
( 3.152, 3.71e+10),
( 3.156, 3.73e+10),
( 3.159, 3.70e+10),
( 3.162, 3.72e+10),
( 3.166, 3.75e+10),
( 3.169, 3.78e+10),
( 3.172, 3.83e+10),
( 3.176, 3.86e+10),
( 3.179, 3.85e+10),
( 3.183, 3.82e+10),
( 3.186, 3.80e+10),
( 3.189, 3.81e+10),
( 3.193, 3.84e+10),
( 3.196, 3.85e+10),
( 3.199, 3.83e+10),
( 3.203, 3.79e+10),
( 3.206, 3.74e+10),
( 3.210, 3.73e+10),
( 3.213, 3.73e+10),
( 3.216, 3.69e+10),
( 3.220, 3.69e+10),
( 3.223, 3.71e+10),
( 3.227, 3.68e+10),
( 3.230, 3.69e+10),
( 3.233, 3.72e+10),
( 3.237, 3.72e+10),
( 3.240, 3.68e+10),
( 3.243, 3.64e+10),
( 3.247, 3.67e+10),
( 3.250, 3.68e+10),
( 3.254, 3.68e+10),
( 3.257, 3.65e+10),
( 3.260, 3.64e+10),
( 3.264, 3.60e+10),
( 3.267, 3.55e+10),
( 3.270, 3.53e+10),
( 3.274, 3.50e+10),
( 3.277, 3.51e+10),
( 3.280, 3.48e+10),
( 3.284, 3.44e+10),
( 3.287, 3.44e+10),
( 3.291, 3.43e+10),
( 3.294, 3.42e+10),
( 3.297, 3.37e+10),
( 3.301, 3.33e+10),
( 3.304, 3.32e+10),
( 3.308, 3.26e+10),
( 3.311, 3.26e+10),
( 3.314, 3.21e+10),
( 3.318, 3.15e+10),
( 3.321, 3.14e+10),
( 3.324, 3.11e+10),
( 3.328, 3.05e+10),
( 3.331, 3.01e+10),
( 3.335, 2.99e+10),
( 3.338, 2.93e+10),
( 3.341, 2.89e+10),
( 3.345, 2.81e+10),
( 3.348, 2.78e+10),
( 3.351, 2.71e+10),
( 3.355, 2.66e+10),
( 3.358, 2.59e+10),
( 3.361, 2.58e+10),
( 3.365, 2.59e+10),
( 3.368, 2.53e+10),
( 3.372, 2.50e+10),
( 3.375, 2.48e+10),
( 3.378, 2.45e+10),
( 3.382, 2.44e+10),
( 3.385, 2.41e+10),
( 3.388, 2.35e+10),
( 3.392, 2.29e+10),
( 3.395, 2.27e+10),
( 3.399, 2.21e+10),
( 3.402, 2.17e+10),
( 3.405, 2.16e+10),
( 3.409, 2.13e+10),
( 3.412, 2.09e+10),
( 3.416, 2.05e+10),
( 3.419, 2.03e+10),
( 3.422, 1.95e+10),
( 3.426, 1.88e+10),
( 3.429, 1.84e+10),
( 3.432, 1.82e+10),
( 3.436, 1.83e+10),
( 3.439, 1.78e+10),
( 3.442, 1.73e+10),
( 3.446, 1.70e+10),
( 3.449, 1.69e+10),
( 3.453, 1.61e+10),
( 3.456, 1.59e+10),
( 3.459, 1.52e+10),
( 3.463, 1.47e+10),
( 3.466, 1.43e+10),
( 3.469, 1.36e+10),
( 3.473, 1.32e+10),
( 3.476, 1.29e+10),
( 3.480, 1.25e+10),
( 3.483, 1.21e+10),
( 3.486, 1.18e+10),
( 3.490, 1.16e+10),
( 3.493, 1.08e+10),
( 3.497, 1.03e+10),
( 3.500, 9.48e+09),
( 3.503, 9.31e+09),
( 3.507, 9.24e+09),
( 3.510, 8.68e+09),
( 3.513, 8.61e+09),
( 3.517, 8.93e+09),
( 3.520, 8.57e+09),
( 3.524, 7.53e+09),
( 3.527, 7.01e+09),
( 3.530, 6.60e+09),
( 3.534, 5.99e+09),
( 3.537, 5.85e+09),
( 3.540, 6.04e+09),
( 3.544, 5.69e+09),
( 3.547, 5.07e+09),
( 3.550, 4.85e+09),
( 3.554, 4.37e+09),
( 3.557, 4.36e+09),
( 3.561, 4.42e+09),
( 3.564, 4.27e+09),
( 3.567, 4.21e+09),
( 3.571, 3.86e+09),
( 3.574, 3.82e+09),
( 3.578, 3.67e+09),
( 3.581, 3.79e+09),
( 3.584, 4.04e+09),
( 3.588, 3.57e+09),
( 3.591, 3.10e+09),
( 3.594, 3.17e+09),
( 3.598, 2.49e+09),
( 3.601, 2.66e+09),
( 3.605, 2.46e+09),
( 3.608, 1.99e+09),
( 3.611, 1.87e+09),
( 3.615, 1.67e+09),
( 3.618, 1.16e+09),
( 3.621, 7.71e+08),
( 3.625, 3.44e+08),
( 3.628, 3.71e+07),
( 3.631,-4.50e+07),
( 3.635,-2.86e+08),
( 3.638,-2.14e+08),
( 3.642,-5.38e+08),
( 3.645,-2.76e+08),
( 3.648,-6.22e+08),
( 3.652,-4.67e+08),
( 3.655,-1.73e+08),
( 3.658,-2.63e+08),
( 3.662,-3.98e+08),
( 3.665,-3.23e+08),
( 3.669,-6.74e+08),
( 3.672,-7.73e+08),
( 3.675,-8.96e+08),
( 3.679,-1.08e+09),
( 3.682,-1.33e+09),
( 3.686,-1.24e+09),
( 3.689,-1.54e+09),
( 3.692,-1.63e+09),
( 3.696,-1.71e+09),
( 3.699,-1.57e+09),
( 3.702,-1.45e+09),
( 3.706,-1.50e+09),
( 3.709,-1.88e+09),
( 3.712,-1.95e+09),
( 3.716,-1.64e+09),
( 3.719,-2.16e+09),
( 3.723,-2.10e+09),
( 3.726,-2.21e+09),
( 3.729,-2.47e+09),
( 3.733,-2.77e+09),
( 3.736,-2.98e+09),
( 3.739,-2.60e+09),
( 3.743,-2.08e+09),
( 3.746,-1.82e+09),
( 3.750,-1.77e+09),
( 3.753,-1.24e+09),
( 3.756,-9.18e+08),
( 3.760,-7.31e+08),
( 3.763,-3.85e+08),
( 3.767,-1.55e+08),
( 3.770,-6.14e+08),
( 3.773,-5.77e+08),
( 3.777,-6.26e+08),
( 3.780,-7.22e+08),
( 3.783,-7.22e+08),
( 3.787,-7.89e+08),
( 3.790,-6.77e+08),
( 3.794,-1.16e+09),
( 3.797,-1.66e+09),
( 3.800,-1.74e+09),
( 3.804,-1.55e+09),
( 3.807,-1.29e+09),
( 3.810,-1.59e+09),
( 3.814,-1.46e+09),
( 3.817,-1.71e+09),
( 3.820,-1.54e+09),
( 3.824,-1.34e+09),
( 3.827,-1.49e+09),
( 3.831,-1.18e+09),
( 3.834,-9.93e+08),
( 3.837,-1.06e+09),
( 3.841,-1.25e+09),
( 3.844,-1.78e+09),
( 3.848,-1.96e+09),
( 3.851,-1.80e+09),
( 3.854,-1.33e+09),
( 3.858,-9.34e+08),
( 3.861,-9.17e+08),
( 3.864,-1.49e+09),
( 3.868,-1.25e+09),
( 3.871,-1.28e+09),
( 3.875,-8.42e+08),
( 3.878,-5.13e+08),
( 3.881,-9.97e+08),
( 3.885,-7.34e+08),
( 3.888,-7.16e+08),
( 3.891,-1.26e+09),
( 3.895,-1.02e+09),
( 3.898,-9.21e+08),
( 3.901,-1.05e+09),
( 3.905,-1.32e+09),
( 3.908,-1.49e+09),
( 3.912,-1.13e+09),
( 3.915,-7.75e+08),
( 3.918,-8.80e+08),
( 3.922,-1.22e+09),
( 3.925,-1.40e+09),
( 3.928,-1.28e+09),
( 3.932,-1.34e+09),
( 3.935,-1.75e+09),
( 3.939,-1.74e+09),
( 3.942,-1.83e+09),
( 3.945,-1.79e+09),
( 3.949,-9.08e+08),
( 3.952,-8.88e+08),
( 3.956,-1.05e+09),
( 3.959,-8.53e+08),
( 3.962,-1.39e+09),
( 3.966,-1.89e+09),
( 3.969,-1.74e+09),
( 3.972,-1.71e+09),
( 3.976,-1.24e+09),
( 3.979,-9.96e+08),
( 3.982,-1.12e+09),
( 3.986,-1.35e+09),
( 3.989,-1.25e+09),
( 3.993,-1.12e+09),
( 3.996,-1.21e+09),
( 3.999,-1.12e+09),
( 4.003,-1.01e+09),
( 4.006,-1.25e+09),
( 4.009,-1.35e+09),
( 4.013,-1.62e+09),
( 4.016,-1.55e+09),
( 4.020,-1.25e+09),
( 4.023,-1.03e+09),
( 4.026,-1.33e+09),
( 4.030,-1.45e+09),
( 4.033,-1.47e+09),
( 4.037,-1.20e+09),
( 4.040,-9.01e+08),
( 4.043,-1.05e+09),
( 4.047,-1.13e+09),
( 4.050,-7.76e+08),
( 4.053,-2.01e+08),
( 4.057,-4.41e+08),
( 4.060,-4.72e+08),
( 4.064,-6.86e+08),
( 4.067,-7.79e+08),
( 4.070,-5.16e+08),
( 4.074,-5.12e+08),
( 4.077,-4.75e+08),
( 4.080,-6.40e+08),
( 4.084,-6.77e+08),
( 4.087,-1.03e+09),
( 4.090,-1.13e+09),
( 4.094,-1.26e+09),
( 4.097,-1.04e+09),
( 4.101,-1.24e+09),
( 4.104,-7.13e+08),
( 4.107,-6.91e+08),
( 4.111,-4.69e+08),
( 4.114,-4.02e+08),
( 4.118,-1.23e+08),
( 4.121, 1.12e+08),
( 4.124,-5.37e+08),
( 4.128,-4.73e+08),
( 4.131,-4.99e+08),
( 4.134,-6.78e+08),
( 4.138,-5.53e+08),
( 4.141,-4.38e+08),
( 4.145,-4.69e+08),
( 4.148,-8.02e+08),
( 4.151,-8.76e+08),
( 4.155,-4.65e+08),
( 4.158,-8.66e+08),
( 4.161,-1.10e+09),
( 4.165,-9.76e+08),
( 4.168,-1.11e+09),
( 4.171,-1.08e+09),
( 4.175,-9.88e+08),
( 4.178,-5.41e+08),
( 4.182,-1.86e+08),
( 4.185,-3.15e+08),
( 4.188,-6.08e+08),
( 4.192,-7.42e+08),
( 4.195,-5.88e+08),
( 4.198,-6.12e+08),
( 4.202,-3.46e+08),
( 4.205,-4.81e+08),
( 4.209,-1.61e+08),
( 4.212, 4.29e+07),
( 4.215, 5.11e+07),
( 4.219, 8.89e+07),
( 4.222, 1.26e+08),
( 4.226, 4.04e+07),
( 4.229,-1.90e+08),
( 4.232,-4.01e+07),
( 4.236,-1.93e+08),
( 4.239,-1.12e+08),
( 4.242,-1.05e+08),
( 4.246,-3.11e+07),
( 4.249, 2.57e+08),
( 4.252, 3.39e+08),
( 4.256, 5.77e+08),
( 4.259, 3.67e+08),
( 4.263, 3.50e+08),
( 4.266, 3.70e+08),
( 4.269, 3.96e+08),
( 4.273, 3.66e+08),
( 4.276, 2.21e+08),
( 4.279, 6.10e+08),
( 4.283, 7.20e+08),
( 4.286, 7.68e+08),
( 4.290, 8.73e+08),
( 4.293, 8.97e+08),
( 4.296, 6.66e+08),
( 4.300, 3.43e+08),
( 4.303,-2.78e+07),
( 4.307, 1.62e+08),
( 4.310, 3.91e+08),
( 4.313, 1.74e+08),
( 4.317,-2.57e+08),
( 4.320,-3.60e+07),
( 4.323, 4.27e+06),
( 4.327, 1.66e+07),
( 4.330, 1.88e+08),
( 4.334, 5.37e+08),
( 4.337, 7.90e+08),
( 4.340, 7.77e+08),
( 4.344, 6.65e+08),
( 4.347, 5.85e+08),
( 4.350, 7.22e+08),
( 4.354, 6.94e+08),
( 4.357, 6.87e+08),
( 4.360, 1.04e+08),
( 4.364, 5.68e+08),
( 4.367, 4.24e+08),
( 4.371, 2.65e+08),
( 4.374, 5.42e+08),
( 4.377, 3.76e+08),
( 4.381, 3.92e+08),
( 4.384, 3.96e+08),
( 4.388, 1.77e+08),
( 4.391, 4.26e+08),
( 4.394, 6.39e+08),
( 4.398, 8.83e+08),
( 4.401, 1.04e+09),
( 4.404, 1.51e+09),
( 4.408, 1.85e+09),
( 4.411, 2.03e+09),
( 4.415, 2.09e+09),
( 4.418, 1.96e+09),
( 4.421, 1.97e+09),
( 4.425, 2.79e+09),
( 4.428, 2.43e+09),
( 4.431, 2.62e+09),
( 4.435, 2.76e+09),
( 4.438, 3.44e+09),
( 4.441, 4.25e+09),
( 4.445, 4.69e+09),
( 4.448, 5.21e+09),
( 4.452, 5.64e+09),
( 4.455, 5.93e+09),
( 4.458, 6.65e+09),
( 4.462, 7.00e+09),
( 4.465, 7.41e+09),
( 4.468, 8.05e+09),
( 4.472, 9.21e+09),
( 4.475, 1.04e+10),
( 4.479, 1.15e+10),
( 4.482, 1.25e+10),
( 4.485, 1.34e+10),
( 4.489, 1.43e+10),
( 4.492, 1.56e+10),
( 4.496, 1.72e+10),
( 4.499, 1.86e+10),
( 4.502, 1.98e+10),
( 4.506, 2.14e+10),
( 4.509, 2.30e+10),
( 4.512, 2.46e+10),
( 4.516, 2.58e+10),
( 4.519, 2.68e+10),
( 4.522, 2.77e+10),
( 4.526, 2.84e+10),
( 4.529, 2.95e+10),
( 4.533, 3.02e+10),
( 4.536, 3.06e+10),
( 4.539, 3.03e+10),
( 4.543, 3.03e+10),
( 4.546, 3.10e+10),
( 4.549, 3.08e+10),
( 4.553, 3.09e+10),
( 4.556, 3.14e+10),
( 4.560, 3.09e+10),
( 4.563, 3.08e+10),
( 4.566, 3.02e+10),
( 4.570, 2.98e+10),
( 4.573, 3.01e+10),
( 4.577, 3.08e+10),
( 4.580, 3.08e+10),
( 4.583, 3.08e+10),
( 4.587, 3.08e+10),
( 4.590, 3.10e+10),
( 4.593, 3.09e+10),
( 4.597, 3.07e+10),
( 4.600, 3.09e+10),
( 4.604, 3.08e+10),
( 4.607, 3.12e+10),
( 4.610, 3.21e+10),
( 4.614, 3.20e+10),
( 4.617, 3.16e+10),
( 4.620, 3.11e+10),
( 4.624, 3.12e+10),
( 4.627, 3.10e+10),
( 4.630, 3.11e+10),
( 4.634, 3.11e+10),
( 4.637, 3.09e+10),
( 4.641, 3.03e+10),
( 4.644, 3.03e+10),
( 4.647, 3.01e+10),
( 4.651, 3.03e+10),
( 4.654, 3.04e+10),
( 4.658, 3.03e+10),
( 4.661, 3.01e+10),
( 4.664, 2.98e+10),
( 4.668, 3.00e+10),
( 4.671, 2.99e+10),
( 4.674, 2.95e+10),
( 4.678, 2.94e+10),
( 4.681, 2.98e+10),
( 4.685, 3.02e+10),
( 4.688, 3.00e+10),
( 4.691, 3.07e+10),
( 4.695, 3.12e+10),
( 4.698, 3.06e+10),
( 4.701, 3.02e+10),
( 4.705, 2.91e+10),
( 4.708, 2.87e+10),
( 4.711, 2.87e+10),
( 4.715, 2.87e+10),
( 4.718, 2.90e+10),
( 4.722, 2.92e+10),
( 4.725, 2.92e+10),
( 4.728, 2.98e+10),
( 4.732, 3.00e+10),
( 4.735, 3.00e+10),
( 4.738, 2.98e+10),
( 4.742, 2.96e+10),
( 4.745, 2.88e+10),
( 4.749, 2.83e+10),
( 4.752, 2.81e+10),
( 4.755, 2.78e+10),
( 4.759, 2.76e+10),
( 4.762, 2.75e+10),
( 4.766, 2.76e+10),
( 4.769, 2.73e+10),
( 4.772, 2.74e+10),
( 4.776, 2.70e+10),
( 4.779, 2.68e+10),
( 4.782, 2.62e+10),
( 4.786, 2.56e+10),
( 4.789, 2.55e+10),
( 4.792, 2.58e+10),
( 4.796, 2.54e+10),
( 4.799, 2.46e+10),
( 4.803, 2.41e+10),
( 4.806, 2.34e+10),
( 4.809, 2.31e+10),
( 4.813, 2.29e+10),
( 4.816, 2.24e+10),
( 4.819, 2.19e+10),
( 4.823, 2.14e+10),
( 4.826, 2.12e+10),
( 4.830, 2.10e+10),
( 4.833, 2.08e+10),
( 4.836, 2.04e+10),
( 4.840, 2.04e+10),
( 4.843, 2.03e+10),
( 4.847, 2.02e+10),
( 4.850, 2.02e+10),
( 4.853, 1.99e+10),
( 4.857, 2.03e+10),
( 4.860, 2.05e+10),
( 4.863, 2.04e+10),
( 4.867, 2.03e+10),
( 4.870, 1.96e+10),
( 4.874, 1.93e+10),
( 4.877, 1.91e+10),
( 4.880, 1.86e+10),
( 4.884, 1.82e+10),
( 4.887, 1.81e+10),
( 4.890, 1.85e+10),
( 4.894, 1.85e+10),
( 4.897, 1.73e+10),
( 4.900, 1.64e+10),
( 4.904, 1.63e+10),
( 4.907, 1.59e+10),
( 4.911, 1.53e+10),
( 4.914, 1.50e+10),
( 4.917, 1.49e+10),
( 4.921, 1.47e+10),
( 4.924, 1.40e+10),
( 4.928, 1.37e+10),
( 4.931, 1.39e+10),
( 4.934, 1.39e+10),
( 4.938, 1.36e+10),
( 4.941, 1.27e+10),
( 4.944, 1.21e+10),
( 4.948, 1.15e+10),
( 4.951, 1.14e+10),
( 4.955, 1.09e+10),
( 4.958, 1.07e+10),
( 4.961, 1.02e+10),
( 4.965, 1.02e+10),
( 4.968, 9.78e+09),
( 4.971, 9.33e+09),
( 4.975, 9.01e+09),
( 4.978, 8.78e+09),
( 4.981, 8.86e+09),
( 4.985, 8.61e+09),
( 4.988, 8.08e+09),
( 4.992, 8.05e+09),
( 4.995, 7.93e+09),
( 4.998, 7.99e+09),
( 5.002, 7.57e+09),
( 5.005, 7.35e+09),
( 5.008, 7.05e+09),
( 5.012, 6.12e+09),
( 5.015, 5.75e+09),
( 5.019, 5.48e+09),
( 5.022, 5.24e+09),
( 5.025, 5.07e+09),
( 5.029, 5.67e+09),
( 5.032, 5.82e+09),
( 5.036, 5.79e+09),
( 5.039, 5.92e+09),
( 5.042, 5.94e+09),
( 5.046, 6.26e+09),
( 5.049, 6.28e+09),
( 5.052, 6.50e+09),
( 5.056, 6.60e+09),
( 5.059, 6.32e+09),
( 5.062, 6.57e+09),
( 5.066, 6.39e+09),
( 5.069, 6.19e+09),
( 5.073, 5.86e+09),
( 5.076, 5.83e+09),
( 5.079, 6.01e+09),
( 5.083, 5.75e+09),
( 5.086, 5.38e+09),
( 5.089, 4.97e+09),
( 5.093, 4.62e+09),
( 5.096, 4.49e+09),
( 5.100, 4.27e+09),
( 5.103, 4.25e+09),
( 5.106, 4.18e+09),
( 5.110, 3.84e+09),
( 5.113, 3.72e+09),
( 5.117, 3.51e+09),
( 5.120, 3.32e+09),
( 5.123, 3.34e+09),
( 5.127, 3.46e+09),
( 5.130, 3.39e+09),
( 5.133, 3.35e+09),
( 5.137, 3.37e+09),
( 5.140, 3.51e+09),
( 5.144, 3.20e+09),
( 5.147, 3.38e+09),
( 5.150, 3.35e+09),
( 5.154, 3.32e+09),
( 5.157, 4.10e+09),
( 5.160, 4.03e+09),
( 5.164, 4.07e+09),
( 5.167, 4.36e+09),
( 5.170, 4.60e+09),
( 5.174, 4.80e+09),
( 5.177, 4.68e+09),
( 5.181, 4.64e+09),
( 5.184, 5.07e+09),
( 5.187, 5.12e+09),
( 5.191, 4.81e+09),
( 5.194, 4.87e+09),
( 5.198, 4.89e+09),
( 5.201, 4.79e+09),
( 5.204, 4.52e+09),
( 5.208, 4.18e+09),
( 5.211, 4.13e+09),
( 5.214, 4.97e+09),
( 5.218, 5.78e+09),
( 5.221, 5.59e+09),
( 5.225, 5.06e+09),
( 5.228, 4.60e+09),
( 5.231, 4.49e+09),
( 5.235, 4.61e+09),
( 5.238, 4.77e+09),
( 5.241, 4.60e+09),
( 5.245, 4.42e+09),
( 5.248, 4.48e+09),
( 5.251, 4.60e+09),
( 5.255, 4.85e+09),
( 5.258, 4.96e+09),
( 5.262, 4.86e+09),
( 5.265, 4.70e+09),
( 5.268, 4.37e+09),
( 5.272, 4.16e+09),
( 5.275, 4.52e+09),
( 5.278, 4.59e+09),
( 5.282, 4.52e+09),
( 5.285, 4.59e+09),
( 5.289, 4.55e+09),
( 5.292, 4.63e+09),
( 5.295, 4.67e+09),
( 5.299, 4.64e+09),
( 5.302, 4.31e+09),
( 5.306, 4.67e+09),
( 5.309, 4.78e+09),
( 5.312, 4.53e+09),
( 5.316, 3.83e+09),
( 5.319, 3.60e+09),
( 5.322, 3.44e+09),
( 5.326, 3.75e+09),
( 5.329, 3.40e+09),
( 5.332, 2.81e+09),
( 5.336, 2.43e+09),
( 5.339, 2.77e+09),
( 5.343, 2.80e+09),
( 5.346, 3.03e+09),
( 5.349, 3.01e+09),
( 5.353, 3.03e+09),
( 5.356, 3.06e+09),
( 5.359, 2.82e+09),
( 5.363, 2.64e+09),
( 5.366, 2.66e+09),
( 5.370, 2.54e+09),
( 5.373, 2.45e+09),
( 5.376, 2.36e+09),
( 5.380, 1.95e+09),
( 5.383, 1.88e+09),
( 5.387, 2.32e+09),
( 5.390, 2.36e+09),
( 5.393, 2.52e+09),
( 5.397, 2.87e+09),
( 5.400, 2.91e+09),
( 5.403, 2.70e+09),
( 5.407, 2.61e+09),
( 5.410, 2.21e+09),
( 5.414, 2.47e+09),
( 5.417, 2.29e+09),
( 5.420, 2.18e+09),
( 5.424, 2.00e+09),
( 5.427, 1.59e+09),
( 5.430, 1.35e+09),
( 5.434, 1.65e+09),
( 5.437, 1.63e+09),
( 5.440, 1.34e+09),
( 5.444, 1.80e+09),
( 5.447, 2.09e+09),
( 5.451, 2.55e+09),
( 5.454, 2.65e+09),
( 5.457, 2.75e+09),
( 5.461, 2.82e+09),
( 5.464, 2.42e+09),
( 5.468, 2.27e+09),
( 5.471, 2.68e+09),
( 5.474, 2.70e+09),
( 5.478, 2.81e+09),
( 5.481, 2.76e+09),
( 5.484, 2.36e+09),
( 5.488, 2.77e+09),
( 5.491, 2.92e+09),
( 5.495, 2.56e+09),
( 5.498, 2.97e+09),
( 5.501, 3.02e+09),
( 5.505, 3.10e+09),
( 5.508, 3.24e+09),
( 5.511, 3.25e+09),
( 5.515, 2.61e+09),
( 5.518, 2.45e+09),
( 5.521, 2.37e+09),
( 5.525, 2.18e+09),
( 5.528, 2.38e+09),
( 5.532, 2.36e+09),
( 5.535, 2.26e+09),
( 5.538, 1.93e+09),
( 5.542, 1.35e+09),
( 5.545, 1.30e+09),
( 5.548, 1.43e+09),
( 5.552, 1.06e+09),
( 5.555, 1.83e+09),
( 5.559, 2.41e+09),
( 5.562, 1.77e+09),
( 5.565, 2.06e+09),
( 5.569, 2.28e+09),
( 5.572, 2.15e+09),
( 5.576, 1.86e+09),
( 5.579, 1.64e+09),
( 5.582, 1.63e+09),
( 5.586, 1.36e+09),
( 5.589, 1.45e+09),
( 5.592, 1.01e+09),
( 5.596, 1.15e+09),
( 5.599, 1.14e+09),
( 5.602, 1.37e+09),
( 5.606, 1.97e+09),
( 5.609, 1.62e+09),
( 5.613, 1.80e+09),
( 5.616, 1.88e+09),
( 5.619, 2.10e+09),
( 5.623, 2.12e+09),
( 5.626, 2.35e+09),
( 5.629, 2.60e+09),
( 5.633, 2.35e+09),
( 5.636, 2.23e+09),
( 5.640, 2.10e+09),
( 5.643, 2.23e+09),
( 5.646, 2.30e+09),
( 5.650, 2.53e+09),
( 5.653, 2.32e+09),
( 5.657, 2.44e+09),
( 5.660, 2.45e+09),
( 5.663, 2.28e+09),
( 5.667, 1.99e+09),
( 5.670, 2.00e+09),
( 5.673, 1.44e+09),
( 5.677, 1.04e+09),
( 5.680, 7.18e+08),
( 5.684, 9.04e+08),
( 5.687, 1.07e+09),
( 5.690, 9.20e+08),
( 5.694, 7.28e+08),
( 5.697, 5.21e+08),
( 5.700, 3.35e+08),
( 5.704, 7.33e+07),
( 5.707,-2.88e+08),
( 5.710,-2.41e+08),
( 5.714,-6.83e+08),
( 5.717,-1.42e+09),
( 5.721,-1.34e+09),
( 5.724,-1.53e+09),
( 5.727,-1.82e+09),
( 5.731,-2.03e+09),
( 5.734,-2.20e+09),
( 5.738,-1.77e+09),
( 5.741,-1.60e+09),
( 5.744,-2.14e+09),
( 5.748,-2.67e+09),
( 5.751,-2.57e+09),
( 5.754,-2.42e+09),
( 5.758,-2.45e+09),
( 5.761,-2.44e+09),
( 5.765,-2.40e+09),
( 5.768,-2.61e+09),
( 5.771,-2.63e+09),
( 5.775,-2.50e+09),
( 5.778,-2.69e+09),
( 5.781,-2.61e+09),
( 5.785,-2.80e+09),
( 5.788,-2.32e+09),
( 5.791,-1.89e+09),
( 5.795,-1.80e+09),
( 5.798,-1.96e+09),
( 5.802,-2.53e+09),
( 5.805,-3.02e+09),
( 5.808,-3.26e+09),
( 5.812,-3.47e+09),
( 5.815,-3.13e+09),
( 5.818,-2.98e+09),
( 5.822,-2.68e+09),
( 5.825,-3.22e+09),
( 5.829,-3.57e+09),
( 5.832,-3.14e+09),
( 5.835,-2.67e+09),
( 5.839,-2.57e+09),
( 5.842,-2.26e+09),
( 5.846,-2.33e+09),
( 5.849,-2.55e+09),
( 5.852,-2.34e+09),
( 5.856,-1.93e+09),
( 5.859,-2.14e+09),
( 5.862,-2.17e+09),
( 5.866,-1.68e+09),
( 5.869,-1.31e+09),
( 5.872,-1.40e+09),
( 5.876,-1.07e+09),
( 5.879,-1.27e+09),
( 5.883,-1.53e+09),
( 5.886,-1.08e+09),
( 5.889,-4.80e+08),
( 5.893,-9.52e+08),
( 5.896,-1.15e+09),
( 5.899,-8.79e+08),
( 5.903,-7.73e+08),
( 5.906,-1.24e+09),
( 5.910,-9.10e+08),
( 5.913,-9.26e+08),
( 5.916,-1.01e+09),
( 5.920,-1.21e+09),
( 5.923,-1.17e+09),
( 5.927,-1.18e+09),
( 5.930,-1.22e+09),
( 5.933,-1.47e+09),
( 5.937,-1.43e+09),
( 5.940,-1.48e+09),
( 5.943,-1.57e+09),
( 5.947,-1.43e+09),
( 5.950,-1.75e+09),
( 5.954,-1.68e+09),
( 5.957,-1.60e+09),
( 5.960,-1.68e+09),
( 5.964,-1.28e+09),
( 5.967,-1.23e+09),
( 5.970,-1.53e+09),
( 5.974,-1.59e+09),
( 5.977,-1.58e+09),
( 5.980,-1.54e+09),
( 5.984,-1.67e+09),
( 5.987,-1.73e+09),
( 5.991,-1.88e+09),
( 5.994,-1.90e+09),
( 5.997,-1.78e+09),
( 6.001,-2.10e+09),
( 6.004,-1.96e+09),
( 6.008,-1.52e+09),
( 6.011,-1.62e+09),
( 6.014,-1.75e+09),
( 6.018,-1.37e+09),
( 6.021,-9.78e+08),
( 6.024,-1.19e+09),
( 6.028,-1.43e+09),
( 6.031,-1.46e+09),
( 6.035,-1.41e+09),
( 6.038,-1.76e+09),
( 6.041,-1.89e+09),
( 6.045,-1.72e+09),
( 6.048,-1.26e+09),
( 6.051,-1.54e+09),
( 6.055,-1.52e+09),
( 6.058,-1.21e+09),
( 6.061,-1.15e+09),
( 6.065,-1.39e+09),
( 6.068,-1.25e+09),
( 6.072,-1.23e+09),
( 6.075,-1.48e+09),
( 6.078,-1.56e+09),
( 6.082,-1.60e+09),
( 6.085,-1.71e+09),
( 6.088,-2.03e+09),
( 6.092,-1.76e+09),
( 6.095,-1.61e+09),
( 6.099,-1.31e+09),
( 6.102,-1.04e+09),
( 6.105,-1.19e+09),
( 6.109,-1.27e+09),
( 6.112,-1.59e+09),
( 6.116,-1.74e+09),
( 6.119,-1.77e+09),
( 6.122,-1.71e+09),
( 6.126,-1.84e+09),
( 6.129,-2.03e+09),
( 6.132,-1.79e+09),
( 6.136,-1.91e+09),
( 6.139,-1.67e+09),
( 6.142,-1.69e+09),
( 6.146,-2.03e+09),
( 6.149,-1.48e+09),
( 6.153,-1.92e+09),
( 6.156,-1.83e+09),
( 6.159,-1.42e+09),
( 6.163,-1.00e+09),
( 6.166,-1.26e+09),
( 6.169,-1.62e+09),
( 6.173,-1.79e+09),
( 6.176,-2.11e+09),
( 6.180,-1.98e+09),
( 6.183,-2.54e+09),
( 6.186,-2.10e+09),
( 6.190,-2.16e+09),
( 6.193,-1.81e+09),
( 6.197,-1.48e+09),
( 6.200,-1.43e+09),
( 6.203,-1.44e+09),
( 6.207,-1.60e+09),
( 6.210,-1.81e+09),
( 6.213,-1.63e+09),
( 6.217,-1.58e+09),
( 6.220,-1.37e+09),
( 6.224,-1.42e+09),
( 6.227,-1.17e+09),
( 6.230,-1.29e+09),
( 6.234,-1.21e+09),
( 6.237,-9.27e+08),
( 6.240,-1.10e+09),
( 6.244,-1.42e+09),
( 6.247,-1.74e+09),
( 6.250,-2.06e+09),
( 6.254,-2.27e+09),
( 6.257,-2.45e+09),
( 6.261,-2.66e+09),
( 6.264,-2.19e+09),
( 6.267,-2.31e+09),
( 6.271,-2.05e+09),
( 6.274,-1.67e+09),
( 6.278,-1.37e+09),
( 6.281,-1.30e+09),
( 6.284,-1.39e+09),
( 6.288,-1.39e+09),
( 6.291,-1.54e+09),
( 6.294,-1.48e+09),
( 6.298,-1.32e+09),
( 6.301,-1.74e+09),
( 6.305,-1.48e+09),
( 6.308,-1.39e+09),
( 6.311,-1.33e+09),
( 6.315,-1.65e+09),
( 6.318,-1.94e+09),
( 6.321,-1.74e+09),
( 6.325,-1.63e+09),
( 6.328,-1.45e+09),
( 6.331,-1.35e+09),
( 6.335,-1.72e+09),
( 6.338,-1.66e+09),
( 6.342,-1.96e+09),
( 6.345,-1.52e+09),
( 6.348,-9.34e+08),
( 6.352,-1.09e+09),
( 6.355,-1.29e+09),
( 6.358,-1.28e+09),
( 6.362,-7.98e+08),
( 6.365,-1.12e+09),
( 6.369,-1.51e+09),
( 6.372,-1.38e+09),
( 6.375,-1.61e+09),
( 6.379,-1.78e+09),
( 6.382,-1.69e+09),
( 6.386,-1.51e+09),
( 6.389,-1.12e+09),
( 6.392,-8.49e+08),
( 6.396,-1.01e+09),
( 6.399,-1.02e+09),
( 6.402,-1.36e+09),
( 6.406,-1.67e+09),
( 6.409,-1.53e+09),
( 6.412,-1.21e+09),
( 6.416,-1.20e+09),
( 6.419,-1.78e+09),
( 6.423,-1.88e+09),
( 6.426,-1.59e+09),
( 6.429,-1.64e+09),
( 6.433,-1.12e+09),
( 6.436,-8.95e+08),
( 6.439,-8.00e+08),
( 6.443,-9.04e+08),
( 6.446,-1.31e+09),
( 6.450,-9.01e+08),
( 6.453,-9.41e+08),
( 6.456,-1.21e+09),
( 6.460,-9.59e+08),
( 6.463,-3.09e+08),
( 6.467,-2.41e+08),
( 6.470,-3.14e+08),
( 6.473, 1.07e+08),
( 6.477, 5.25e+08),
( 6.480, 3.18e+08),
( 6.483, 6.60e+08),
( 6.487, 1.10e+09),
( 6.490, 1.26e+09),
( 6.494, 1.52e+09),
( 6.497, 1.25e+09),
( 6.500, 1.32e+09),
( 6.504, 1.03e+09),
( 6.507, 1.03e+09),
( 6.510, 6.87e+08),
( 6.514, 3.77e+08),
( 6.517, 6.12e+08),
( 6.520, 9.34e+08),
( 6.524, 8.52e+08),
( 6.527, 6.77e+08),
( 6.531, 9.22e+08),
( 6.534, 9.92e+08),
( 6.537, 9.21e+08),
( 6.541, 9.32e+08),
( 6.544, 8.42e+08),
( 6.548, 7.97e+08),
( 6.551, 1.17e+09),
( 6.554, 1.24e+09),
( 6.558, 1.22e+09),
( 6.561, 9.93e+08),
( 6.564, 7.21e+08),
( 6.568, 8.50e+08),
( 6.571, 7.01e+08),
( 6.575, 9.20e+08),
( 6.578, 4.58e+08),
( 6.581, 4.09e+08),
( 6.585, 3.85e+08),
( 6.588, 3.53e+08),
( 6.591, 3.26e+08),
( 6.595, 3.91e+08),
( 6.598, 1.59e+08),
( 6.601,-1.55e+08),
( 6.605, 2.78e+08),
( 6.608, 4.77e+08),
( 6.612, 3.33e+08),
( 6.615, 3.98e+08),
( 6.618, 2.20e+08),
( 6.622,-3.88e+08),
( 6.625,-1.44e+08),
( 6.628, 2.61e+08),
( 6.632, 2.23e+08),
( 6.635, 3.59e+08),
( 6.639, 4.26e+08),
( 6.642, 1.67e+08),
( 6.645, 2.81e+07),
( 6.649, 1.08e+07),
( 6.652,-1.21e+08),
( 6.656,-2.17e+08),
( 6.659,-3.42e+08),
( 6.662, 2.81e+07),
( 6.666, 4.30e+08),
( 6.669, 4.43e+08),
( 6.672, 3.96e+07),
( 6.676, 2.24e+08),
( 6.679, 8.33e+08),
( 6.682, 8.00e+08),
( 6.686, 4.34e+08),
( 6.689, 3.67e+08),
( 6.693, 5.03e+08),
( 6.696, 2.88e+08),
( 6.699,-7.79e+07),
( 6.703,-4.94e+08),
( 6.706,-2.82e+08),
( 6.709,-1.05e+08),
( 6.713,-1.40e+08),
( 6.716, 1.54e+08),
( 6.720, 3.20e+08),
( 6.723, 4.58e+08),
( 6.726, 2.10e+08),
( 6.730, 3.68e+08),
( 6.733, 5.71e+08),
( 6.737, 5.24e+08),
( 6.740, 1.67e+08),
( 6.743, 3.65e+08),
( 6.747, 4.92e+08),
( 6.750, 5.75e+08),
( 6.753, 5.33e+08),
( 6.757, 5.53e+08),
( 6.760, 1.80e+08),
( 6.764, 4.03e+08),
( 6.767, 3.92e+08),
( 6.770, 3.13e+08),
( 6.774, 4.92e+08),
( 6.777, 1.04e+08),
( 6.780,-1.77e+08),
( 6.784,-2.68e+08),
( 6.787,-1.88e+08),
( 6.790, 4.12e+07),
( 6.794, 1.93e+08),
( 6.797,-4.91e+07),
( 6.801, 5.09e+06),
( 6.804, 6.18e+07),
( 6.807,-1.22e+08),
( 6.811,-6.47e+08),
( 6.814,-3.54e+08),
( 6.818,-4.82e+08),
( 6.821,-2.28e+08),
( 6.824,-1.36e+08),
( 6.828,-3.11e+08),
( 6.831,-2.04e+08),
( 6.834,-1.77e+08),
( 6.838,-4.31e+08),
( 6.841,-4.06e+08),
( 6.845,-5.51e+08),
( 6.848,-7.07e+08),
( 6.851,-1.93e+08),
( 6.855,-1.87e+08),
( 6.858, 1.41e+08),
( 6.861,-5.32e+07),
( 6.865, 1.17e+08),
( 6.868, 2.81e+07),
( 6.871, 1.09e+08),
( 6.875,-8.04e+07),
( 6.878,-1.63e+07),
( 6.882, 3.42e+08),
( 6.885, 4.08e+08),
( 6.888,-1.54e+08),
( 6.892,-1.36e+08),
( 6.895, 2.71e+08),
( 6.898, 1.70e+08),
( 6.902,-1.89e+08),
( 6.905, 4.21e+07),
( 6.909,-3.29e+08),
( 6.912,-4.77e+08),
( 6.915,-3.24e+08),
( 6.919, 1.08e+07),
( 6.922,-2.78e+08),
( 6.926,-1.85e+08),
( 6.929,-2.44e+08),
( 6.932,-2.64e+08),
( 6.936,-2.40e+08),
( 6.939,-1.45e+08),
( 6.942,-3.07e+08),
( 6.946,-2.29e+08),
( 6.949,-3.11e+07),
( 6.952,-3.30e+08),
( 6.956,-3.13e+06),
( 6.959, 4.95e+07),
( 6.963, 3.21e+08),
( 6.966, 4.64e+08),
( 6.969,-5.82e+07),
( 6.973,-1.18e+08),
( 6.976,-1.24e+08),
( 6.979,-3.52e+08),
( 6.983,-1.04e+08),
( 6.986, 6.10e+07),
( 6.990,-1.63e+07),
( 6.993, 7.33e+07),
( 6.996, 1.12e+08),
( 7.000, 1.76e+08)]
