Bolide Detection Notification: 2010-107

At 02:21:59 UT on 17 Apr 2010, sensors aboard U. S. Government satellites recorded
the flash signature of a large meteoroid entry into the atmosphere. Location of the
flash  was not determined.

Based upon the visible-light intensity-time signature, peak brightness of the flash
was  determined to be approximately 5.2E9 watts/steradian, and total radiated flash
energy  5.6E10 joules (6000K blackbody model).

Intensity-time signature of the event and integrated intensity are depicted on the
plots  below. On the intensity-time plot, one count on vertical axis corresponds to
2.35E8  watts/steradian. On the integrated intensity plot, one count represents
2.96E9 joules  radiated energy.

Peak Intensity = 5.00e+09 watts/steradian
Total Energy   = 5.89e+10 joules

Intensity=[
(-1.998,-8.60e+08),
(-1.995,-1.03e+09),
(-1.991,-6.78e+08),
(-1.988,-2.62e+08),
(-1.985, 1.07e+08),
(-1.981, 4.33e+07),
(-1.978,-2.38e+08),
(-1.974,-1.88e+08),
(-1.971,-1.90e+08),
(-1.968,-4.14e+08),
(-1.964,-2.24e+07),
(-1.961, 1.16e+08),
(-1.957, 2.82e+08),
(-1.954, 3.07e+08),
(-1.951, 1.75e+08),
(-1.947, 1.14e+08),
(-1.944, 2.79e+08),
(-1.941, 6.12e+08),
(-1.937,-6.58e+07),
(-1.934,-3.00e+08),
(-1.930,-9.20e+07),
(-1.927, 4.26e+08),
(-1.924, 6.57e+08),
(-1.920, 5.74e+08),
(-1.917, 1.01e+09),
(-1.914, 6.72e+08),
(-1.910, 7.26e+08),
(-1.907, 7.50e+08),
(-1.904, 8.34e+08),
(-1.900, 6.96e+08),
(-1.897, 4.88e+08),
(-1.893, 6.54e+08),
(-1.890, 1.08e+09),
(-1.887, 8.84e+08),
(-1.883, 5.54e+08),
(-1.880, 1.31e+09),
(-1.876, 2.02e+09),
(-1.873, 1.37e+09),
(-1.870, 9.78e+08),
(-1.866, 4.79e+08),
(-1.863, 5.75e+08),
(-1.860, 4.06e+08),
(-1.856, 8.21e+07),
(-1.853, 2.41e+08),
(-1.850, 9.30e+07),
(-1.846,-3.44e+08),
(-1.843, 4.95e+08),
(-1.839, 2.68e+08),
(-1.836, 7.90e+07),
(-1.833, 2.70e+08),
(-1.829, 2.71e+08),
(-1.826, 1.31e+08),
(-1.822,-1.09e+08),
(-1.819, 1.92e+08),
(-1.816,-1.96e+07),
(-1.812, 4.70e+08),
(-1.809, 8.94e+08),
(-1.806, 2.67e+08),
(-1.802, 2.23e+08),
(-1.799, 5.40e+08),
(-1.795,-1.20e+08),
(-1.792,-5.28e+07),
(-1.789,-3.26e+08),
(-1.785, 1.04e+08),
(-1.782, 3.40e+08),
(-1.779,-7.24e+07),
(-1.775,-3.23e+08),
(-1.772, 1.28e+08),
(-1.769, 9.93e+06),
(-1.765,-2.33e+08),
(-1.762,-3.35e+08),
(-1.758,-1.26e+08),
(-1.755,-1.90e+08),
(-1.752,-3.33e+08),
(-1.748, 1.03e+08),
(-1.745,-1.29e+08),
(-1.741,-6.75e+06),
(-1.738, 3.39e+08),
(-1.735,-3.81e+07),
(-1.731, 8.37e+06),
(-1.728,-1.61e+08),
(-1.725, 6.90e+07),
(-1.721, 1.29e+08),
(-1.718, 7.85e+07),
(-1.715, 2.63e+08),
(-1.711, 2.25e+08),
(-1.708, 2.19e+07),
(-1.704, 1.98e+08),
(-1.701, 1.08e+09),
(-1.698, 7.52e+08),
(-1.694, 8.06e+08),
(-1.691, 5.87e+08),
(-1.687, 6.01e+08),
(-1.684, 1.83e+08),
(-1.681,-2.97e+08),
(-1.677, 1.39e+08),
(-1.674,-2.18e+07),
(-1.671,-1.87e+08),
(-1.667, 1.09e+07),
(-1.664,-7.73e+06),
(-1.660,-2.57e+08),
(-1.657,-1.10e+09),
(-1.654,-1.75e+08),
(-1.650, 6.64e+07),
(-1.647,-2.44e+08),
(-1.644,-5.37e+08),
(-1.640,-3.46e+08),
(-1.637, 5.67e+08),
(-1.634, 3.52e+08),
(-1.630, 1.27e+08),
(-1.627, 2.15e+08),
(-1.623, 5.77e+08),
(-1.620, 1.93e+08),
(-1.617, 5.21e+08),
(-1.613,-1.51e+07),
(-1.610,-2.75e+08),
(-1.606,-2.69e+07),
(-1.603, 1.90e+08),
(-1.600, 3.73e+07),
(-1.596, 3.31e+07),
(-1.593, 1.94e+08),
(-1.590, 2.88e+08),
(-1.586, 6.96e+07),
(-1.583,-5.52e+08),
(-1.580,-3.11e+08),
(-1.576, 7.74e+08),
(-1.573,-7.15e+07),
(-1.569,-6.84e+07),
(-1.566,-5.71e+07),
(-1.563, 9.33e+07),
(-1.559,-2.76e+08),
(-1.556, 3.16e+08),
(-1.552, 2.73e+08),
(-1.549, 6.98e+08),
(-1.546, 7.22e+08),
(-1.542, 8.88e+08),
(-1.539, 1.16e+09),
(-1.536, 1.01e+09),
(-1.532, 8.90e+08),
(-1.529, 3.19e+08),
(-1.525, 2.62e+08),
(-1.522, 5.83e+08),
(-1.519, 2.07e+08),
(-1.515,-1.16e+08),
(-1.512,-1.70e+08),
(-1.509,-5.38e+07),
(-1.505, 3.21e+08),
(-1.502, 5.84e+08),
(-1.499, 9.52e+08),
(-1.495, 9.17e+08),
(-1.492, 5.88e+08),
(-1.488, 5.12e+08),
(-1.485, 5.42e+08),
(-1.482, 5.88e+08),
(-1.478, 6.81e+08),
(-1.475, 7.37e+08),
(-1.471, 6.10e+08),
(-1.468,-8.41e+07),
(-1.465, 2.66e+08),
(-1.461, 3.64e+08),
(-1.458, 5.19e+07),
(-1.455, 1.17e+08),
(-1.451,-2.97e+08),
(-1.448,-7.95e+08),
(-1.445,-1.73e+08),
(-1.441, 1.46e+08),
(-1.438, 1.11e+08),
(-1.434,-6.10e+07),
(-1.431, 2.73e+08),
(-1.428,-1.97e+07),
(-1.424,-2.10e+08),
(-1.421,-4.79e+07),
(-1.417, 2.24e+08),
(-1.414, 1.22e+08),
(-1.411, 2.97e+08),
(-1.407, 2.46e+08),
(-1.404, 2.34e+08),
(-1.401, 3.62e+08),
(-1.397, 1.39e+09),
(-1.394, 1.53e+09),
(-1.390, 1.51e+09),
(-1.387, 1.58e+09),
(-1.384, 1.15e+09),
(-1.380, 1.02e+09),
(-1.377, 9.96e+08),
(-1.374, 5.64e+08),
(-1.370, 6.44e+08),
(-1.367, 1.05e+09),
(-1.364, 6.14e+08),
(-1.360,-1.00e+07),
(-1.357, 1.16e+08),
(-1.353, 3.04e+08),
(-1.350,-3.64e+07),
(-1.347,-8.15e+07),
(-1.343, 5.94e+08),
(-1.340, 8.46e+08),
(-1.336, 8.34e+08),
(-1.333, 1.36e+09),
(-1.330, 1.16e+09),
(-1.326, 1.09e+09),
(-1.323, 1.23e+09),
(-1.320, 1.42e+09),
(-1.316, 1.24e+09),
(-1.313, 1.38e+09),
(-1.310, 1.49e+09),
(-1.306, 1.91e+09),
(-1.303, 1.51e+09),
(-1.299, 1.42e+09),
(-1.296, 1.12e+09),
(-1.293, 1.35e+09),
(-1.289, 7.21e+08),
(-1.286, 3.91e+08),
(-1.282, 1.57e+09),
(-1.279, 7.22e+08),
(-1.276, 9.52e+08),
(-1.272, 9.21e+08),
(-1.269, 1.46e+09),
(-1.266, 1.74e+09),
(-1.262, 1.29e+09),
(-1.259, 1.12e+09),
(-1.255, 1.31e+09),
(-1.252, 1.85e+09),
(-1.249, 1.81e+09),
(-1.245, 2.02e+09),
(-1.242, 2.04e+09),
(-1.239, 2.21e+09),
(-1.235, 1.57e+09),
(-1.232, 1.01e+09),
(-1.229, 1.10e+09),
(-1.225, 1.18e+09),
(-1.222, 1.22e+09),
(-1.218, 5.99e+08),
(-1.215, 9.37e+08),
(-1.212, 1.08e+09),
(-1.208, 4.20e+08),
(-1.205, 1.83e+08),
(-1.201, 1.46e+08),
(-1.198, 7.54e+08),
(-1.195, 8.10e+08),
(-1.191, 3.07e+08),
(-1.188, 1.10e+08),
(-1.185, 6.77e+08),
(-1.181, 9.35e+08),
(-1.178, 1.09e+09),
(-1.175, 1.31e+09),
(-1.171, 1.33e+09),
(-1.168, 1.05e+09),
(-1.164, 1.34e+09),
(-1.161, 9.07e+08),
(-1.158, 1.39e+09),
(-1.154, 1.32e+09),
(-1.151, 8.77e+08),
(-1.147, 6.72e+08),
(-1.144, 6.30e+08),
(-1.141, 6.21e+08),
(-1.137, 4.56e+08),
(-1.134,-1.44e+08),
(-1.131, 3.98e+07),
(-1.127, 4.32e+08),
(-1.124, 8.35e+08),
(-1.120, 9.47e+08),
(-1.117, 8.80e+08),
(-1.114, 1.16e+09),
(-1.110, 1.27e+09),
(-1.107, 9.79e+08),
(-1.104, 1.38e+09),
(-1.100, 9.77e+08),
(-1.097, 1.13e+09),
(-1.094, 1.26e+09),
(-1.090, 6.98e+08),
(-1.087, 3.04e+08),
(-1.083, 1.20e+09),
(-1.080, 9.66e+08),
(-1.077, 2.95e+08),
(-1.073, 4.17e+08),
(-1.070, 4.71e+08),
(-1.066, 1.16e+09),
(-1.063, 1.29e+09),
(-1.060, 1.53e+09),
(-1.056, 1.51e+09),
(-1.053, 1.46e+09),
(-1.050, 1.13e+09),
(-1.046, 7.57e+08),
(-1.043, 6.55e+08),
(-1.040, 9.43e+08),
(-1.036, 7.41e+08),
(-1.033, 1.03e+09),
(-1.029, 1.79e+09),
(-1.026, 1.59e+09),
(-1.023, 8.78e+08),
(-1.019, 8.31e+08),
(-1.016, 9.77e+08),
(-1.012, 1.39e+09),
(-1.009, 1.52e+09),
(-1.006, 1.42e+09),
(-1.002, 1.63e+09),
(-0.999, 1.95e+09),
(-0.996, 1.53e+09),
(-0.992, 1.59e+09),
(-0.989, 1.24e+09),
(-0.986, 9.42e+08),
(-0.982, 7.26e+08),
(-0.979, 1.48e+09),
(-0.975, 1.92e+09),
(-0.972, 1.10e+09),
(-0.969, 6.48e+08),
(-0.965, 1.30e+09),
(-0.962, 1.43e+09),
(-0.959, 1.31e+09),
(-0.955, 8.27e+08),
(-0.952, 1.04e+09),
(-0.948, 1.22e+09),
(-0.945, 6.42e+08),
(-0.942, 5.27e+08),
(-0.938, 7.34e+08),
(-0.935, 8.03e+08),
(-0.931, 4.68e+08),
(-0.928, 4.12e+08),
(-0.925, 6.46e+08),
(-0.921, 1.21e+09),
(-0.918, 9.80e+08),
(-0.915, 1.69e+09),
(-0.911, 1.54e+09),
(-0.908, 1.54e+09),
(-0.905, 1.75e+09),
(-0.901, 1.75e+09),
(-0.898, 1.40e+09),
(-0.894, 1.33e+09),
(-0.891, 1.60e+09),
(-0.888, 1.66e+09),
(-0.884, 2.00e+09),
(-0.881, 1.60e+09),
(-0.877, 1.43e+09),
(-0.874, 1.97e+09),
(-0.871, 2.19e+09),
(-0.867, 1.83e+09),
(-0.864, 1.57e+09),
(-0.861, 1.44e+09),
(-0.857, 1.20e+09),
(-0.854, 1.24e+09),
(-0.851, 1.27e+09),
(-0.847, 1.13e+09),
(-0.844, 2.10e+09),
(-0.840, 2.51e+09),
(-0.837, 1.93e+09),
(-0.834, 1.74e+09),
(-0.830, 1.86e+09),
(-0.827, 1.46e+09),
(-0.824, 7.02e+08),
(-0.820, 9.79e+08),
(-0.817, 1.26e+09),
(-0.813, 1.30e+09),
(-0.810, 6.55e+08),
(-0.807, 3.36e+08),
(-0.803, 1.97e+08),
(-0.800, 1.73e+08),
(-0.796, 5.02e+08),
(-0.793, 7.81e+08),
(-0.790, 1.25e+09),
(-0.786, 1.10e+09),
(-0.783, 1.30e+09),
(-0.780, 1.20e+09),
(-0.776, 8.02e+08),
(-0.773, 1.20e+09),
(-0.770, 1.61e+09),
(-0.766, 1.26e+09),
(-0.763, 1.09e+09),
(-0.759, 7.74e+08),
(-0.756, 7.98e+08),
(-0.753, 1.14e+09),
(-0.749, 1.08e+09),
(-0.746, 1.16e+09),
(-0.742, 9.82e+08),
(-0.739, 1.20e+09),
(-0.736, 6.81e+08),
(-0.732, 3.24e+08),
(-0.729, 5.11e+08),
(-0.726, 2.50e+08),
(-0.722, 4.32e+08),
(-0.719, 1.08e+09),
(-0.715, 1.28e+09),
(-0.712, 6.21e+08),
(-0.709, 6.07e+06),
(-0.705, 4.02e+08),
(-0.702, 4.72e+08),
(-0.699, 4.26e+08),
(-0.695, 5.36e+08),
(-0.692, 5.01e+08),
(-0.689, 4.80e+08),
(-0.685, 5.66e+08),
(-0.682, 9.31e+08),
(-0.678, 2.13e+09),
(-0.675, 1.60e+09),
(-0.672, 1.83e+09),
(-0.668, 1.42e+09),
(-0.665, 1.29e+09),
(-0.661, 1.22e+09),
(-0.658, 7.69e+08),
(-0.655, 1.22e+09),
(-0.651, 9.91e+08),
(-0.648, 6.18e+08),
(-0.645, 3.87e+08),
(-0.641, 6.15e+08),
(-0.638, 5.17e+08),
(-0.635, 8.86e+08),
(-0.631, 9.65e+08),
(-0.628, 1.03e+09),
(-0.624, 7.61e+08),
(-0.621, 6.29e+08),
(-0.618, 5.66e+08),
(-0.614, 1.04e+09),
(-0.611, 8.30e+08),
(-0.607, 9.88e+08),
(-0.604, 1.27e+09),
(-0.601, 1.17e+09),
(-0.597, 7.44e+08),
(-0.594, 6.21e+08),
(-0.591, 7.23e+08),
(-0.587, 7.86e+08),
(-0.584, 8.58e+08),
(-0.580, 2.88e+08),
(-0.577, 2.69e+07),
(-0.574, 3.00e+08),
(-0.570, 7.29e+08),
(-0.567, 6.83e+08),
(-0.564, 7.08e+08),
(-0.560, 4.50e+08),
(-0.557, 5.46e+08),
(-0.554, 4.87e+08),
(-0.550, 4.10e+08),
(-0.547, 4.03e+08),
(-0.543, 3.17e+08),
(-0.540, 5.90e+08),
(-0.537, 9.62e+08),
(-0.533, 1.19e+09),
(-0.530, 1.11e+09),
(-0.526, 7.80e+08),
(-0.523, 1.49e+09),
(-0.520, 1.26e+09),
(-0.516, 7.21e+08),
(-0.513, 6.57e+08),
(-0.510, 6.18e+08),
(-0.506, 6.31e+08),
(-0.503, 7.97e+08),
(-0.500, 8.12e+08),
(-0.496, 1.07e+09),
(-0.493, 3.71e+08),
(-0.489, 4.07e+08),
(-0.486, 5.85e+08),
(-0.483, 6.68e+08),
(-0.479, 3.53e+08),
(-0.476, 7.48e+08),
(-0.472, 1.15e+08),
(-0.469, 3.63e+08),
(-0.466, 5.62e+08),
(-0.462, 5.93e+08),
(-0.459, 4.68e+08),
(-0.456, 6.91e+08),
(-0.452, 7.52e+08),
(-0.449, 7.76e+08),
(-0.445, 6.77e+08),
(-0.442, 4.55e+08),
(-0.439, 3.13e+08),
(-0.435, 4.61e+08),
(-0.432, 2.49e+08),
(-0.429, 1.08e+08),
(-0.425, 2.76e+08),
(-0.422, 7.22e+08),
(-0.419, 7.10e+08),
(-0.415, 5.22e+08),
(-0.412, 6.74e+08),
(-0.408, 6.80e+08),
(-0.405, 5.20e+08),
(-0.402, 8.29e+08),
(-0.398, 7.25e+08),
(-0.395, 8.84e+08),
(-0.391, 1.15e+09),
(-0.388, 6.10e+08),
(-0.385, 2.69e+08),
(-0.381, 4.36e+08),
(-0.378, 9.80e+08),
(-0.375, 6.44e+08),
(-0.371, 9.39e+08),
(-0.368, 8.68e+08),
(-0.365, 6.65e+08),
(-0.361, 7.80e+08),
(-0.358, 1.03e+09),
(-0.354, 1.39e+09),
(-0.351, 1.18e+09),
(-0.348, 8.75e+08),
(-0.344, 1.09e+09),
(-0.341, 7.98e+08),
(-0.337, 9.39e+08),
(-0.334, 1.03e+09),
(-0.331, 1.23e+09),
(-0.327, 8.99e+08),
(-0.324, 1.03e+09),
(-0.321, 1.49e+09),
(-0.317, 8.95e+08),
(-0.314, 9.52e+08),
(-0.310, 1.22e+09),
(-0.307, 9.03e+08),
(-0.304, 3.41e+08),
(-0.300, 6.13e+08),
(-0.297, 1.32e+09),
(-0.294, 1.26e+09),
(-0.290, 1.03e+09),
(-0.287, 1.17e+09),
(-0.284, 1.14e+09),
(-0.280, 1.27e+09),
(-0.277, 1.84e+09),
(-0.273, 1.38e+09),
(-0.270, 1.36e+09),
(-0.267, 9.78e+08),
(-0.263, 1.17e+09),
(-0.260, 8.09e+08),
(-0.256, 1.12e+09),
(-0.253, 8.47e+08),
(-0.250, 7.90e+08),
(-0.246, 1.39e+09),
(-0.243, 1.53e+09),
(-0.240, 1.76e+09),
(-0.236, 1.19e+09),
(-0.233, 1.19e+09),
(-0.230, 8.37e+08),
(-0.226, 9.91e+08),
(-0.223, 7.98e+08),
(-0.219, 1.47e+09),
(-0.216, 7.54e+08),
(-0.213, 6.34e+08),
(-0.209, 7.15e+08),
(-0.206, 5.05e+08),
(-0.202, 2.41e+07),
(-0.199, 7.17e+08),
(-0.196, 7.18e+08),
(-0.192, 5.23e+08),
(-0.189, 7.87e+08),
(-0.186, 1.26e+09),
(-0.182, 1.10e+09),
(-0.179, 1.10e+09),
(-0.175, 1.02e+09),
(-0.172, 9.84e+08),
(-0.169, 7.14e+08),
(-0.165, 1.01e+09),
(-0.162, 1.08e+09),
(-0.159, 8.51e+08),
(-0.155, 4.08e+08),
(-0.152, 9.04e+08),
(-0.149, 5.66e+08),
(-0.145, 4.78e+08),
(-0.142, 9.26e+08),
(-0.138, 6.57e+08),
(-0.135, 7.40e+08),
(-0.132, 7.05e+08),
(-0.128, 5.20e+08),
(-0.125, 1.06e+09),
(-0.121, 7.76e+08),
(-0.118, 5.78e+08),
(-0.115, 1.26e+09),
(-0.111, 1.73e+09),
(-0.108, 1.49e+09),
(-0.105, 6.51e+08),
(-0.101, 2.01e+08),
(-0.098,-2.54e+08),
(-0.095,-3.10e+07),
(-0.091,-1.77e+08),
(-0.088, 6.77e+08),
(-0.084, 6.07e+08),
(-0.081, 2.93e+08),
(-0.078, 8.37e+08),
(-0.074, 1.15e+09),
(-0.071, 1.14e+09),
(-0.067, 1.75e+09),
(-0.064, 1.33e+09),
(-0.061, 1.03e+09),
(-0.057, 1.10e+09),
(-0.054, 1.27e+09),
(-0.051, 1.62e+09),
(-0.047, 1.43e+09),
(-0.044, 1.85e+09),
(-0.041, 2.17e+09),
(-0.037, 2.47e+09),
(-0.034, 2.50e+09),
(-0.030, 2.29e+09),
(-0.027, 1.99e+09),
(-0.024, 2.26e+09),
(-0.020, 2.24e+09),
(-0.017, 2.18e+09),
(-0.014, 2.80e+09),
(-0.010, 2.73e+09),
(-0.007, 2.53e+09),
(-0.003, 2.71e+09),
(-0.000, 3.46e+09),
( 0.003, 3.88e+09),
( 0.007, 3.31e+09),
( 0.010, 3.13e+09),
( 0.014, 2.93e+09),
( 0.017, 2.47e+09),
( 0.020, 2.50e+09),
( 0.024, 2.34e+09),
( 0.027, 2.46e+09),
( 0.030, 3.05e+09),
( 0.034, 3.64e+09),
( 0.037, 3.88e+09),
( 0.040, 4.06e+09),
( 0.044, 4.05e+09),
( 0.047, 4.28e+09),
( 0.051, 4.55e+09),
( 0.054, 5.00e+09),
( 0.057, 4.40e+09),
( 0.061, 4.30e+09),
( 0.064, 4.17e+09),
( 0.068, 4.22e+09),
( 0.071, 4.21e+09),
( 0.074, 3.53e+09),
( 0.078, 3.29e+09),
( 0.081, 3.84e+09),
( 0.084, 4.21e+09),
( 0.088, 4.58e+09),
( 0.091, 4.63e+09),
( 0.094, 4.01e+09),
( 0.098, 3.99e+09),
( 0.101, 3.60e+09),
( 0.105, 3.39e+09),
( 0.108, 3.72e+09),
( 0.111, 4.14e+09),
( 0.115, 4.15e+09),
( 0.118, 3.77e+09),
( 0.121, 3.34e+09),
( 0.125, 3.14e+09),
( 0.128, 2.94e+09),
( 0.132, 3.33e+09),
( 0.135, 3.33e+09),
( 0.138, 3.44e+09),
( 0.142, 3.43e+09),
( 0.145, 3.29e+09),
( 0.149, 3.42e+09),
( 0.152, 3.23e+09),
( 0.155, 3.57e+09),
( 0.159, 3.37e+09),
( 0.162, 3.50e+09),
( 0.165, 3.40e+09),
( 0.169, 3.78e+09),
( 0.172, 3.62e+09),
( 0.175, 3.68e+09),
( 0.179, 3.94e+09),
( 0.182, 4.29e+09),
( 0.186, 4.57e+09),
( 0.189, 4.27e+09),
( 0.192, 3.64e+09),
( 0.196, 3.45e+09),
( 0.199, 3.94e+09),
( 0.203, 3.59e+09),
( 0.206, 4.02e+09),
( 0.209, 4.19e+09),
( 0.213, 4.50e+09),
( 0.216, 4.42e+09),
( 0.219, 3.15e+09),
( 0.223, 3.14e+09),
( 0.226, 3.76e+09),
( 0.229, 3.59e+09),
( 0.233, 3.52e+09),
( 0.236, 3.76e+09),
( 0.240, 3.79e+09),
( 0.243, 3.08e+09),
( 0.246, 2.56e+09),
( 0.250, 3.54e+09),
( 0.253, 3.71e+09),
( 0.256, 3.41e+09),
( 0.260, 3.45e+09),
( 0.263, 3.37e+09),
( 0.267, 3.36e+09),
( 0.270, 3.43e+09),
( 0.273, 3.79e+09),
( 0.277, 3.30e+09),
( 0.280, 3.58e+09),
( 0.284, 3.84e+09),
( 0.287, 3.81e+09),
( 0.290, 3.41e+09),
( 0.294, 3.03e+09),
( 0.297, 3.77e+09),
( 0.300, 4.20e+09),
( 0.304, 4.43e+09),
( 0.307, 3.58e+09),
( 0.310, 3.25e+09),
( 0.314, 3.36e+09),
( 0.317, 3.83e+09),
( 0.321, 4.06e+09),
( 0.324, 3.63e+09),
( 0.327, 3.38e+09),
( 0.331, 3.85e+09),
( 0.334, 3.57e+09),
( 0.338, 3.46e+09),
( 0.341, 3.66e+09),
( 0.344, 3.68e+09),
( 0.348, 3.41e+09),
( 0.351, 3.22e+09),
( 0.354, 3.15e+09),
( 0.358, 3.43e+09),
( 0.361, 3.50e+09),
( 0.364, 3.53e+09),
( 0.368, 3.58e+09),
( 0.371, 3.26e+09),
( 0.375, 2.91e+09),
( 0.378, 3.07e+09),
( 0.381, 3.35e+09),
( 0.385, 3.57e+09),
( 0.388, 3.41e+09),
( 0.391, 3.36e+09),
( 0.395, 3.68e+09),
( 0.398, 3.74e+09),
( 0.402, 3.49e+09),
( 0.405, 3.66e+09),
( 0.408, 3.32e+09),
( 0.412, 3.11e+09),
( 0.415, 2.90e+09),
( 0.419, 3.12e+09),
( 0.422, 2.83e+09),
( 0.425, 2.83e+09),
( 0.429, 2.71e+09),
( 0.432, 2.60e+09),
( 0.435, 2.86e+09),
( 0.439, 2.91e+09),
( 0.442, 2.57e+09),
( 0.445, 2.40e+09),
( 0.449, 2.35e+09),
( 0.452, 2.55e+09),
( 0.456, 2.87e+09),
( 0.459, 3.12e+09),
( 0.462, 3.28e+09),
( 0.466, 2.83e+09),
( 0.469, 2.79e+09),
( 0.473, 3.10e+09),
( 0.476, 2.74e+09),
( 0.479, 2.27e+09),
( 0.483, 1.72e+09),
( 0.486, 1.43e+09),
( 0.489, 1.33e+09),
( 0.493, 2.01e+09),
( 0.496, 2.18e+09),
( 0.500, 1.76e+09),
( 0.503, 1.82e+09),
( 0.506, 2.41e+09),
( 0.510, 3.18e+09),
( 0.513, 2.66e+09),
( 0.516, 2.16e+09),
( 0.520, 2.62e+09),
( 0.523, 2.74e+09),
( 0.526, 2.50e+09),
( 0.530, 2.65e+09),
( 0.533, 2.62e+09),
( 0.537, 2.38e+09),
( 0.540, 1.81e+09),
( 0.543, 1.54e+09),
( 0.547, 1.76e+09),
( 0.550, 3.16e+09),
( 0.554, 3.13e+09),
( 0.557, 2.18e+09),
( 0.560, 2.01e+09),
( 0.564, 2.29e+09),
( 0.567, 2.71e+09),
( 0.570, 2.68e+09),
( 0.574, 2.72e+09),
( 0.577, 3.46e+09),
( 0.580, 3.15e+09),
( 0.584, 2.96e+09),
( 0.587, 2.60e+09),
( 0.591, 2.16e+09),
( 0.594, 2.23e+09),
( 0.597, 1.84e+09),
( 0.601, 2.12e+09),
( 0.604, 1.44e+09),
( 0.608, 1.41e+09),
( 0.611, 1.50e+09),
( 0.614, 1.46e+09),
( 0.618, 1.96e+09),
( 0.621, 1.95e+09),
( 0.624, 2.14e+09),
( 0.628, 2.09e+09),
( 0.631, 1.82e+09),
( 0.635, 1.81e+09),
( 0.638, 2.33e+09),
( 0.641, 2.72e+09),
( 0.645, 3.23e+09),
( 0.648, 3.42e+09),
( 0.651, 2.85e+09),
( 0.655, 2.33e+09),
( 0.658, 2.58e+09),
( 0.661, 2.70e+09),
( 0.665, 2.65e+09),
( 0.668, 2.19e+09),
( 0.672, 2.11e+09),
( 0.675, 1.76e+09),
( 0.678, 1.49e+09),
( 0.682, 1.90e+09),
( 0.685, 2.08e+09),
( 0.689, 2.15e+09),
( 0.692, 2.38e+09),
( 0.695, 2.58e+09),
( 0.699, 2.58e+09),
( 0.702, 2.41e+09),
( 0.705, 2.46e+09),
( 0.709, 2.49e+09),
( 0.712, 2.61e+09),
( 0.715, 1.87e+09),
( 0.719, 1.58e+09),
( 0.722, 9.46e+08),
( 0.726, 1.04e+09),
( 0.729, 1.15e+09),
( 0.732, 8.73e+08),
( 0.736, 1.49e+09),
( 0.739, 1.39e+09),
( 0.743, 1.40e+09),
( 0.746, 1.32e+09),
( 0.749, 1.71e+09),
( 0.753, 1.69e+09),
( 0.756, 1.27e+09),
( 0.759, 1.85e+09),
( 0.763, 1.63e+09),
( 0.766, 1.38e+09),
( 0.770, 9.72e+08),
( 0.773, 8.14e+08),
( 0.776, 8.03e+08),
( 0.780, 1.07e+09),
( 0.783, 9.18e+08),
( 0.786, 1.14e+09),
( 0.790, 8.45e+08),
( 0.793, 1.45e+09),
( 0.796, 1.72e+09),
( 0.800, 1.42e+09),
( 0.803, 9.46e+08),
( 0.807, 8.57e+08),
( 0.810, 1.06e+09),
( 0.813, 8.16e+08),
( 0.817, 1.16e+09),
( 0.820, 8.57e+08),
( 0.824, 1.03e+09),
( 0.827, 1.87e+09),
( 0.830, 2.25e+09),
( 0.834, 2.30e+09),
( 0.837, 1.87e+09),
( 0.840, 1.39e+09),
( 0.844, 6.57e+08),
( 0.847, 1.42e+09),
( 0.850, 1.73e+09),
( 0.854, 1.36e+09),
( 0.857, 1.41e+09),
( 0.861, 1.14e+09),
( 0.864, 8.40e+08),
( 0.867, 1.06e+09),
( 0.871, 1.19e+09),
( 0.874, 1.60e+09),
( 0.878, 1.33e+09),
( 0.881, 1.58e+09),
( 0.884, 1.60e+09),
( 0.888, 1.53e+09),
( 0.891, 1.32e+09),
( 0.894, 1.04e+09),
( 0.898, 8.38e+08),
( 0.901, 1.28e+08),
( 0.905, 1.58e+08),
( 0.908,-2.30e+08),
( 0.911, 2.53e+08),
( 0.915, 4.21e+07),
( 0.918, 2.16e+08),
( 0.921, 4.30e+08),
( 0.925, 2.33e+08),
( 0.928, 2.74e+08),
( 0.931, 7.88e+08),
( 0.935, 5.77e+08),
( 0.938, 5.25e+08),
( 0.942, 9.73e+07),
( 0.945, 1.89e+08),
( 0.948,-1.14e+08),
( 0.952,-3.82e+08),
( 0.955,-6.49e+08),
( 0.959,-3.28e+08),
( 0.962,-6.14e+08),
( 0.965,-5.08e+08),
( 0.969,-3.46e+08),
( 0.972,-1.57e+08),
( 0.975, 3.63e+08),
( 0.979, 9.53e+08),
( 0.982, 4.84e+08),
( 0.985, 1.66e+08),
( 0.989, 2.94e+08),
( 0.992, 5.89e+08),
( 0.996, 9.86e+08),
( 0.999, 5.91e+08),
( 1.002, 2.44e+08),
( 1.006, 5.13e+08),
( 1.009, 6.76e+08),
( 1.013, 4.48e+08),
( 1.016, 3.99e+08),
( 1.019,-3.27e+08),
( 1.023,-5.87e+08),
( 1.026,-5.90e+08),
( 1.029,-2.56e+08),
( 1.033, 2.96e+08),
( 1.036, 5.38e+08),
( 1.040,-7.24e+06),
( 1.043,-4.17e+08),
( 1.046, 3.88e+08),
( 1.050, 8.48e+08),
( 1.053, 3.18e+08),
( 1.056,-3.55e+08),
( 1.060,-6.81e+08),
( 1.063,-7.25e+08),
( 1.066,-7.60e+08),
( 1.070,-7.87e+08),
( 1.073,-2.19e+08),
( 1.077,-4.70e+07),
( 1.080,-7.97e+08),
( 1.083,-7.86e+08),
( 1.087, 1.41e+08),
( 1.090,-1.63e+08),
( 1.094,-2.20e+08),
( 1.097,-1.09e+08),
( 1.100, 2.84e+07),
( 1.104, 1.34e+08),
( 1.107, 7.25e+07),
( 1.110, 2.02e+08),
( 1.114, 3.37e+08),
( 1.117, 4.11e+08),
( 1.120, 2.48e+08),
( 1.124, 2.38e+08),
( 1.127, 1.94e+08),
( 1.131, 4.21e+08),
( 1.134, 4.12e+08),
( 1.137, 2.26e+08),
( 1.141, 8.67e+08),
( 1.144, 5.93e+08),
( 1.148, 7.63e+08),
( 1.151, 1.89e+08),
( 1.154, 3.27e+08),
( 1.158,-1.97e+08),
( 1.161,-6.00e+07),
( 1.164, 5.10e+08),
( 1.168, 1.26e+09),
( 1.171, 1.31e+09),
( 1.175, 1.64e+09),
( 1.178, 1.29e+09),
( 1.181, 7.52e+08),
( 1.185, 1.00e+09),
( 1.188, 7.84e+08),
( 1.191, 4.26e+08),
( 1.195, 6.35e+08),
( 1.198,-2.88e+07),
( 1.201,-4.04e+08),
( 1.205,-2.58e+07),
( 1.208, 1.55e+08),
( 1.212,-8.24e+08),
( 1.215,-1.25e+09),
( 1.218,-9.43e+08),
( 1.222,-1.51e+08),
( 1.225,-6.35e+07),
( 1.229, 2.28e+07),
( 1.232,-1.01e+08),
( 1.235,-1.69e+08),
( 1.239, 3.81e+08),
( 1.242, 1.36e+08),
( 1.245,-1.25e+08),
( 1.249,-4.27e+08),
( 1.252,-3.29e+08),
( 1.255,-2.16e+08),
( 1.259,-4.45e+08),
( 1.262,-9.94e+07),
( 1.266, 8.21e+06),
( 1.269,-2.75e+08),
( 1.272,-1.55e+07),
( 1.276,-4.22e+07),
( 1.279, 1.61e+08),
( 1.283, 3.81e+08),
( 1.286, 4.28e+08),
( 1.289, 3.54e+08),
( 1.293, 9.58e+08),
( 1.296, 5.40e+08),
( 1.299, 3.28e+08),
( 1.303, 3.64e+08),
( 1.306, 4.24e+08),
( 1.310, 3.88e+08),
( 1.313, 2.55e+08),
( 1.316, 1.51e+07),
( 1.320, 1.95e+08),
( 1.323, 4.45e+08),
( 1.326, 6.05e+07),
( 1.330, 1.19e+08),
( 1.333, 2.24e+08),
( 1.336,-5.01e+05),
( 1.340, 4.35e+08),
( 1.343, 5.98e+08),
( 1.347, 1.58e+08),
( 1.350, 3.62e+08),
( 1.353, 5.01e+08),
( 1.357, 1.43e+08),
( 1.360, 8.91e+08),
( 1.364, 1.72e+09),
( 1.367, 1.06e+09),
( 1.370, 8.72e+08),
( 1.374, 7.90e+08),
( 1.377, 5.85e+08),
( 1.380, 7.83e+08),
( 1.384, 8.97e+08),
( 1.387, 6.18e+08),
( 1.390, 4.87e+08),
( 1.394,-1.13e+08),
( 1.397, 2.15e+08),
( 1.401, 2.17e+07),
( 1.404,-5.88e+07),
( 1.407,-2.46e+07),
( 1.411,-7.33e+07),
( 1.414, 4.29e+08),
( 1.418, 5.09e+08),
( 1.421, 5.22e+08),
( 1.424, 3.56e+08),
( 1.428, 4.95e+08),
( 1.431, 2.37e+08),
( 1.434, 2.56e+07),
( 1.438, 4.28e+07),
( 1.441, 5.92e+08),
( 1.445, 7.37e+08),
( 1.448, 7.29e+08),
( 1.451, 3.73e+08),
( 1.455, 4.47e+08),
( 1.458,-1.09e+08),
( 1.461, 2.23e+08),
( 1.465, 2.61e+07),
( 1.468,-8.80e+07),
( 1.471,-5.55e+08),
( 1.475,-2.07e+08),
( 1.478,-1.88e+08),
( 1.482,-3.56e+08),
( 1.485,-2.22e+08),
( 1.488,-2.32e+07),
( 1.492, 2.09e+08),
( 1.495, 6.95e+08),
( 1.499, 3.67e+08),
( 1.502, 6.46e+08),
( 1.505, 5.69e+08),
( 1.509, 1.35e+08),
( 1.512, 2.64e+08),
( 1.515, 1.96e+08),
( 1.519, 5.98e+08),
( 1.522, 5.03e+08),
( 1.525, 8.88e+08),
( 1.529, 8.76e+08),
( 1.532, 8.01e+08),
( 1.536, 1.04e+09),
( 1.539, 4.93e+08),
( 1.542, 8.86e+08),
( 1.546, 1.16e+09),
( 1.549, 6.17e+08),
( 1.553, 1.68e+08),
( 1.556, 5.49e+08),
( 1.559, 5.34e+08),
( 1.563,-5.01e+05),
( 1.566, 3.71e+08),
( 1.569, 5.19e+08),
( 1.573, 3.92e+08),
( 1.576, 6.20e+08),
( 1.580, 6.93e+08),
( 1.583, 9.92e+08),
( 1.586, 5.66e+08),
( 1.590, 2.00e+08),
( 1.593, 3.74e+08),
( 1.596, 6.08e+08),
( 1.600, 9.44e+08),
( 1.603, 1.15e+09),
( 1.606, 6.29e+08),
( 1.610, 7.66e+08),
( 1.613, 4.57e+08),
( 1.617, 6.03e+08),
( 1.620, 7.37e+08),
( 1.623, 1.71e+08),
( 1.627, 1.16e+08),
( 1.630, 5.29e+08),
( 1.634, 7.04e+08),
( 1.637, 3.70e+08),
( 1.640, 3.54e+08),
( 1.644, 6.60e+08),
( 1.647, 4.62e+08),
( 1.650, 2.50e+08),
( 1.654, 5.62e+08),
( 1.657, 9.52e+08),
( 1.660, 5.85e+08),
( 1.664, 3.79e+08),
( 1.667,-1.88e+07),
( 1.671,-8.22e+06),
( 1.674, 6.36e+08),
( 1.677, 9.14e+08),
( 1.681, 8.16e+08),
( 1.684, 8.72e+08),
( 1.688, 5.92e+08),
( 1.691, 3.19e+08),
( 1.694, 1.94e+08),
( 1.698, 5.54e+08),
( 1.701, 2.02e+08),
( 1.704, 4.66e+08),
( 1.708, 9.16e+08),
( 1.711, 7.46e+08),
( 1.715,-4.08e+07),
( 1.718, 4.63e+08),
( 1.721, 8.02e+08),
( 1.725, 3.21e+08),
( 1.728, 1.01e+08),
( 1.731, 2.66e+08),
( 1.735, 6.56e+08),
( 1.738, 6.39e+08),
( 1.741, 1.23e+09),
( 1.745, 9.48e+08),
( 1.748, 4.64e+07),
( 1.752, 4.01e+08),
( 1.755, 5.95e+08),
( 1.758, 7.84e+08),
( 1.762, 2.28e+08),
( 1.765,-2.80e+07),
( 1.769,-6.68e+07),
( 1.772, 4.22e+07),
( 1.775, 2.90e+08),
( 1.779, 3.63e+08),
( 1.782,-5.24e+08),
( 1.785,-6.46e+08),
( 1.789, 4.87e+08),
( 1.792, 5.60e+08),
( 1.795, 4.89e+08),
( 1.799, 9.18e+08),
( 1.802, 9.43e+08),
( 1.806, 1.15e+09),
( 1.809, 5.35e+08),
( 1.812, 6.42e+08),
( 1.816, 7.12e+08),
( 1.819, 6.38e+08),
( 1.823, 2.89e+08),
( 1.826, 7.06e+08),
( 1.829, 1.15e+09),
( 1.833, 9.28e+08),
( 1.836, 1.12e+09),
( 1.839, 5.83e+08),
( 1.843, 2.82e+08),
( 1.846, 5.43e+08),
( 1.850, 9.63e+08),
( 1.853, 8.48e+08),
( 1.856, 3.16e+08),
( 1.860, 4.58e+08),
( 1.863, 8.14e+08),
( 1.866, 9.64e+08),
( 1.870, 1.19e+09),
( 1.873, 1.40e+09),
( 1.876, 1.04e+09),
( 1.880, 5.59e+08),
( 1.883, 9.20e+08),
( 1.887, 6.78e+08),
( 1.890,-9.33e+07),
( 1.893,-2.03e+08),
( 1.897,-2.68e+08),
( 1.900,-1.43e+08),
( 1.904,-1.67e+08),
( 1.907,-8.95e+07),
( 1.910, 2.52e+08),
( 1.914,-1.42e+08),
( 1.917, 6.31e+08),
( 1.920, 8.82e+08),
( 1.924, 2.25e+08),
( 1.927, 4.19e+08),
( 1.930, 7.63e+08),
( 1.934, 8.69e+08),
( 1.937, 7.16e+08),
( 1.941, 6.43e+08),
( 1.944, 4.66e+08),
( 1.947, 2.39e+08),
( 1.951, 5.31e+08),
( 1.954, 5.52e+08),
( 1.958, 1.11e+09),
( 1.961, 8.86e+08),
( 1.964, 4.11e+08),
( 1.968, 4.09e+08),
( 1.971, 8.42e+08),
( 1.974, 3.30e+07),
( 1.978,-2.24e+07),
( 1.981, 2.56e+08),
( 1.984,-2.18e+08),
( 1.988,-2.86e+08),
( 1.991, 4.84e+08),
( 1.995, 5.11e+08),
( 1.998, 2.18e+07),
( 2.001, 1.43e+08),
( 2.005,-4.29e+07),
( 2.008,-3.78e+07),
( 2.011,-5.03e+07),
( 2.015, 1.82e+08),
( 2.018, 2.10e+08),
( 2.022,-3.08e+08),
( 2.025,-2.31e+08),
( 2.028, 2.16e+08),
( 2.032, 1.03e+08),
( 2.035, 8.74e+07),
( 2.039,-1.19e+08),
( 2.042, 1.93e+08),
( 2.045, 3.35e+08),
( 2.049,-3.62e+08),
( 2.052,-7.64e+07),
( 2.055,-8.97e+07),
( 2.059, 4.63e+07),
( 2.062,-3.01e+08),
( 2.065,-2.36e+08),
( 2.069, 1.90e+08),
( 2.072, 3.12e+07),
( 2.076, 1.16e+08),
( 2.079,-3.28e+08),
( 2.082,-5.71e+08),
( 2.086,-3.16e+08),
( 2.089, 1.92e+08),
( 2.093,-3.62e+07),
( 2.096,-4.35e+08),
( 2.099,-5.72e+07),
( 2.103,-1.08e+06),
( 2.106, 1.19e+08),
( 2.109, 1.49e+08),
( 2.113, 2.48e+07),
( 2.116, 1.76e+08),
( 2.119, 6.37e+08),
( 2.123, 4.67e+08),
( 2.126, 4.18e+08),
( 2.130, 5.18e+08),
( 2.133, 1.85e+08),
( 2.136,-1.59e+08),
( 2.140,-3.42e+08),
( 2.143,-1.74e+08),
( 2.146, 2.31e+08),
( 2.150,-3.71e+08),
( 2.153, 1.10e+08),
( 2.157, 1.34e+08),
( 2.160, 1.06e+08),
( 2.163, 2.17e+08),
( 2.167, 6.15e+08),
( 2.170, 4.38e+08),
( 2.174,-3.04e+08),
( 2.177,-2.72e+08),
( 2.180,-2.31e+08),
( 2.184,-1.14e+08),
( 2.187,-4.83e+08),
( 2.190,-9.63e+08),
( 2.194,-6.94e+08),
( 2.197,-1.02e+09),
( 2.200,-9.84e+08),
( 2.204,-6.34e+08),
( 2.207,-7.58e+08),
( 2.211,-4.18e+08),
( 2.214, 1.11e+07),
( 2.217,-6.03e+07),
( 2.221,-2.51e+08),
( 2.224,-7.18e+07),
( 2.228, 1.89e+08),
( 2.231, 3.69e+08),
( 2.234, 3.05e+08),
( 2.238,-1.21e+08),
( 2.241,-4.86e+08),
( 2.244,-9.29e+08),
( 2.248,-1.15e+09),
( 2.251,-9.25e+08),
( 2.254,-1.09e+09),
( 2.258,-8.06e+08),
( 2.261,-6.50e+08),
( 2.265,-7.11e+08),
( 2.268,-3.73e+08),
( 2.271,-2.92e+07),
( 2.275, 2.94e+08),
( 2.278, 3.83e+08),
( 2.281, 4.07e+08),
( 2.285, 7.17e+08),
( 2.288, 7.19e+08),
( 2.292, 3.86e+08),
( 2.295,-1.77e+08),
( 2.298,-2.95e+08),
( 2.302, 2.87e+08),
( 2.305, 1.52e+08),
( 2.309,-1.94e+07),
( 2.312,-2.29e+07),
( 2.315, 3.94e+08),
( 2.319,-1.36e+08),
( 2.322,-2.98e+07),
( 2.325, 4.08e+08),
( 2.329, 2.28e+08),
( 2.332, 2.30e+08),
( 2.335, 7.45e+08),
( 2.339, 4.64e+08),
( 2.342, 9.82e+07),
( 2.346, 1.42e+08),
( 2.349, 8.30e+08),
( 2.352, 7.70e+08),
( 2.356, 6.80e+08),
( 2.359, 4.76e+08),
( 2.363, 7.09e+08),
( 2.366, 6.17e+08),
( 2.369, 1.79e+08),
( 2.373,-4.73e+07),
( 2.376, 2.55e+08),
( 2.379, 8.99e+07),
( 2.383, 1.56e+08),
( 2.386, 1.51e+08),
( 2.389,-7.35e+07),
( 2.393,-4.18e+08),
( 2.396, 1.75e+08),
( 2.400, 6.36e+08),
( 2.403, 3.60e+08),
( 2.406, 7.68e+08),
( 2.410, 7.75e+08),
( 2.413, 1.65e+09),
( 2.416, 1.62e+09),
( 2.420, 1.15e+09),
( 2.423, 6.41e+08),
( 2.427, 8.37e+08),
( 2.430, 1.16e+09),
( 2.433, 9.30e+08),
( 2.437, 7.19e+08),
( 2.440, 1.64e+08),
( 2.444, 5.10e+08),
( 2.447, 1.50e+09),
( 2.450, 1.13e+09),
( 2.454, 5.82e+08),
( 2.457, 1.00e+09),
( 2.460, 1.05e+09),
( 2.464, 8.27e+08),
( 2.467, 1.10e+09),
( 2.470, 9.07e+08),
( 2.474, 5.74e+08),
( 2.477, 8.34e+08),
( 2.481, 5.00e+08),
( 2.484, 6.22e+08),
( 2.487, 7.63e+08),
( 2.491, 4.34e+08),
( 2.494, 5.30e+08),
( 2.498, 3.95e+07),
( 2.501,-1.86e+08),
( 2.504, 5.89e+08),
( 2.508, 1.17e+09),
( 2.511, 1.27e+09),
( 2.514, 5.89e+08),
( 2.518, 3.80e+08),
( 2.521, 5.92e+08),
( 2.524, 4.29e+08),
( 2.528, 3.69e+08),
( 2.531, 1.15e+08),
( 2.535,-3.40e+07),
( 2.538, 3.37e+08),
( 2.541, 9.91e+08),
( 2.545, 8.57e+08),
( 2.548, 4.20e+08),
( 2.551, 1.51e+08),
( 2.555, 7.74e+08),
( 2.558, 8.02e+08),
( 2.562, 1.32e+09),
( 2.565, 1.17e+09),
( 2.568, 7.07e+08),
( 2.572, 1.05e+09),
( 2.575, 1.38e+09),
( 2.579, 7.05e+08),
( 2.582, 6.93e+07),
( 2.585, 6.95e+08),
( 2.589, 8.23e+08),
( 2.592, 5.33e+08),
( 2.595, 3.72e+08),
( 2.599, 2.97e+08),
( 2.602, 3.36e+08),
( 2.605, 3.97e+08),
( 2.609, 5.91e+08),
( 2.612, 6.39e+08),
( 2.616, 8.65e+08),
( 2.619, 8.32e+08),
( 2.622, 4.65e+08),
( 2.626, 3.29e+08),
( 2.629, 5.87e+08),
( 2.633, 1.21e+09),
( 2.636, 7.84e+08),
( 2.639, 2.42e+07),
( 2.643, 4.88e+07),
( 2.646, 7.69e+07),
( 2.649,-3.35e+08),
( 2.653,-3.69e+08),
( 2.656,-5.95e+07),
( 2.659, 2.54e+08),
( 2.663, 3.25e+07),
( 2.666, 1.03e+08),
( 2.670, 7.04e+08),
( 2.673, 1.08e+09),
( 2.676, 1.32e+09),
( 2.680, 7.59e+08),
( 2.683, 7.66e+08),
( 2.686, 1.16e+09),
( 2.690, 1.41e+09),
( 2.693, 8.35e+08),
( 2.697, 7.14e+08),
( 2.700, 2.44e+08),
( 2.703, 3.31e+08),
( 2.707, 1.28e+08),
( 2.710,-1.85e+08),
( 2.714,-3.49e+08),
( 2.717, 3.09e+07),
( 2.720, 5.40e+08),
( 2.724, 5.21e+07),
( 2.727, 3.26e+08),
( 2.730, 3.25e+08),
( 2.734, 2.40e+08),
( 2.737, 6.85e+08),
( 2.740, 6.08e+08),
( 2.744, 1.03e+09),
( 2.747, 1.27e+09),
( 2.751, 6.79e+08),
( 2.754, 3.76e+08),
( 2.757, 7.38e+08),
( 2.761, 8.07e+08),
( 2.764, 5.97e+08),
( 2.768, 1.69e+08),
( 2.771, 3.00e+08),
( 2.774, 2.57e+08),
( 2.778, 2.24e+08),
( 2.781, 7.74e+08),
( 2.784, 8.12e+08),
( 2.788, 6.35e+08),
( 2.791, 5.05e+08),
( 2.794, 5.66e+07),
( 2.798,-2.08e+08),
( 2.801,-3.70e+08),
( 2.805,-2.06e+07),
( 2.808, 1.01e+08),
( 2.811,-1.22e+08),
( 2.815,-6.47e+07),
( 2.818, 2.30e+08),
( 2.821, 1.48e+07),
( 2.825,-4.01e+08),
( 2.828,-1.61e+08),
( 2.832,-4.23e+07),
( 2.835,-9.21e+06),
( 2.838,-2.37e+08),
( 2.842,-1.66e+08),
( 2.845,-6.44e+08),
( 2.849,-5.23e+08),
( 2.852,-5.49e+08),
( 2.855,-5.26e+08),
( 2.859,-5.72e+08),
( 2.862,-4.79e+08),
( 2.865,-2.81e+08),
( 2.869,-6.95e+08),
( 2.872,-3.02e+08),
( 2.875,-3.09e+08),
( 2.879,-1.62e+08),
( 2.882,-1.05e+08),
( 2.886,-2.31e+08),
( 2.889,-1.29e+08),
( 2.892,-1.64e+08),
( 2.896, 1.51e+08),
( 2.899, 8.91e+07),
( 2.903, 1.48e+08),
( 2.906, 8.28e+07),
( 2.909,-2.79e+08),
( 2.913, 3.92e+07),
( 2.916,-1.32e+08),
( 2.919,-4.95e+08),
( 2.923,-4.47e+08),
( 2.926,-6.39e+08),
( 2.930,-5.50e+08),
( 2.933, 2.30e+08),
( 2.936, 5.60e+08),
( 2.940, 2.75e+08),
( 2.943,-4.49e+08),
( 2.946,-2.13e+08),
( 2.950, 1.81e+08),
( 2.953, 4.85e+08),
( 2.956, 2.22e+08),
( 2.960,-6.40e+07),
( 2.963, 2.05e+08),
( 2.967, 1.86e+08),
( 2.970,-9.69e+07),
( 2.973, 4.26e+07),
( 2.977,-3.52e+08),
( 2.980,-3.26e+08),
( 2.984, 2.18e+07),
( 2.987,-1.60e+08),
( 2.990,-2.21e+08),
( 2.994,-6.87e+07),
( 2.997, 8.38e+07)]
