Bolide Detection Notification: 2006-280

At 12:18:53 UT on 07 Oct 2006, sensors aboard U. S. Government satellites recorded
the flash signature of a large meteoroid entry into the atmosphere. Location of the
flash  was Lat 23.0S, Lon 61.8W.

Based upon the visible-light intensity-time signature, peak brightness of the flash
was  determined to be approximately 9.5E9 watts/steradian, and total radiated flash
energy  4.1E10 joules (6000K blackbody model).

Intensity-time signature of the event and integrated intensity are depicted on the
plots  below. On the intensity-time plot, one count on vertical axis corresponds to
2.35E8  watts/steradian. On the integrated intensity plot, one count represents
2.96E9 joules  radiated energy.

Peak Intensity = 9.45e+09 watts/steradian
Total Energy   = 4.19e+10 joules

Intensity=[
(-1.499,-5.37e+08),
(-1.495, 7.63e+08),
(-1.492, 6.44e+08),
(-1.488,-4.76e+08),
(-1.485,-4.96e+08),
(-1.482,-7.17e+08),
(-1.478,-1.38e+08),
(-1.475,-4.51e+08),
(-1.471, 4.67e+07),
(-1.468, 3.57e+08),
(-1.465, 8.20e+08),
(-1.461, 4.98e+08),
(-1.458, 2.44e+08),
(-1.455, 6.41e+08),
(-1.451, 5.58e+08),
(-1.448, 4.33e+08),
(-1.445, 3.94e+06),
(-1.441, 2.90e+08),
(-1.438, 7.91e+08),
(-1.434, 3.20e+08),
(-1.431,-5.24e+08),
(-1.428, 1.45e+08),
(-1.424, 5.11e+08),
(-1.421, 6.06e+08),
(-1.417, 5.89e+08),
(-1.414, 6.65e+08),
(-1.411,-6.34e+08),
(-1.407,-3.41e+08),
(-1.404, 4.62e+08),
(-1.401, 5.90e+08),
(-1.397, 2.82e+08),
(-1.394, 1.86e+08),
(-1.391,-1.31e+08),
(-1.387, 3.99e+08),
(-1.384, 1.22e+08),
(-1.380, 2.23e+08),
(-1.377, 7.08e+08),
(-1.374, 9.45e+08),
(-1.370, 2.92e+08),
(-1.367, 1.81e+08),
(-1.364, 3.71e+08),
(-1.360, 8.58e+08),
(-1.357, 7.96e+08),
(-1.353, 7.30e+08),
(-1.350, 6.61e+08),
(-1.347, 6.82e+08),
(-1.343, 2.41e+08),
(-1.340, 5.75e+08),
(-1.336,-3.22e+07),
(-1.333,-4.09e+08),
(-1.330,-3.61e+08),
(-1.326,-2.00e+08),
(-1.323,-1.45e+08),
(-1.320,-5.91e+08),
(-1.316,-5.71e+08),
(-1.313, 4.88e+07),
(-1.310, 2.13e+08),
(-1.306, 8.72e+08),
(-1.303, 6.98e+08),
(-1.299,-8.36e+07),
(-1.296,-2.77e+08),
(-1.293,-1.86e+07),
(-1.289, 7.32e+08),
(-1.286, 4.56e+08),
(-1.282,-4.14e+08),
(-1.279,-4.01e+08),
(-1.276,-1.49e+08),
(-1.272,-7.33e+08),
(-1.269,-3.01e+08),
(-1.266, 1.33e+08),
(-1.262, 2.18e+08),
(-1.259,-1.79e+08),
(-1.256,-2.63e+07),
(-1.252, 9.91e+07),
(-1.249,-3.39e+08),
(-1.245,-4.03e+08),
(-1.242,-2.36e+08),
(-1.239, 6.70e+08),
(-1.235, 6.59e+08),
(-1.232, 2.36e+08),
(-1.229, 6.40e+08),
(-1.225, 4.99e+08),
(-1.222, 5.91e+08),
(-1.218, 7.25e+08),
(-1.215, 7.58e+08),
(-1.212,-2.19e+07),
(-1.208,-5.26e+08),
(-1.205, 2.01e+08),
(-1.201, 5.27e+08),
(-1.198, 6.10e+08),
(-1.195, 4.90e+08),
(-1.191, 5.83e+08),
(-1.188, 5.55e+07),
(-1.185,-6.30e+08),
(-1.181,-5.88e+07),
(-1.178, 3.95e+08),
(-1.175, 6.46e+07),
(-1.171,-2.07e+08),
(-1.168, 1.37e+08),
(-1.164, 1.79e+08),
(-1.161,-4.91e+07),
(-1.158,-1.89e+08),
(-1.154,-8.51e+08),
(-1.151,-7.07e+08),
(-1.147,-2.05e+08),
(-1.144,-1.63e+07),
(-1.141,-2.18e+08),
(-1.137,-2.90e+08),
(-1.134, 9.04e+07),
(-1.131,-2.99e+08),
(-1.127,-1.29e+08),
(-1.124,-4.06e+08),
(-1.121,-9.34e+08),
(-1.117,-1.00e+09),
(-1.114,-1.10e+09),
(-1.110,-3.39e+08),
(-1.107, 6.61e+08),
(-1.104, 4.62e+08),
(-1.100,-1.61e+08),
(-1.097,-2.53e+08),
(-1.094,-4.04e+08),
(-1.090,-3.78e+08),
(-1.087,-7.12e+08),
(-1.083,-5.21e+08),
(-1.080,-1.35e+08),
(-1.077,-1.33e+08),
(-1.073,-5.62e+08),
(-1.070,-7.32e+08),
(-1.066,-3.02e+08),
(-1.063,-5.64e+07),
(-1.060,-2.35e+08),
(-1.056,-1.74e+07),
(-1.053, 4.57e+08),
(-1.050, 2.26e+08),
(-1.046,-4.15e+08),
(-1.043,-3.52e+08),
(-1.040,-7.00e+08),
(-1.036,-1.22e+09),
(-1.033,-1.00e+09),
(-1.029,-7.12e+08),
(-1.026,-3.55e+08),
(-1.023,-1.65e+08),
(-1.019,-3.73e+08),
(-1.016,-5.96e+08),
(-1.012,-6.52e+08),
(-1.009,-5.40e+08),
(-1.006, 1.01e+08),
(-1.002,-2.14e+06),
(-0.999,-2.22e+08),
(-0.996,-9.07e+07),
(-0.992, 5.38e+08),
(-0.989, 3.88e+08),
(-0.986, 1.44e+08),
(-0.982, 3.48e+08),
(-0.979,-1.13e+08),
(-0.975,-1.16e+08),
(-0.972,-7.15e+07),
(-0.969,-2.09e+08),
(-0.965,-3.06e+08),
(-0.962, 1.58e+07),
(-0.959,-3.43e+08),
(-0.955,-7.71e+08),
(-0.952,-8.13e+08),
(-0.948, 1.66e+08),
(-0.945, 4.07e+08),
(-0.942,-3.18e+08),
(-0.938,-3.78e+07),
(-0.935, 4.04e+08),
(-0.931, 1.16e+09),
(-0.928, 3.04e+08),
(-0.925,-6.61e+07),
(-0.921,-3.25e+08),
(-0.918, 3.28e+08),
(-0.915,-8.48e+07),
(-0.911,-2.58e+08),
(-0.908, 1.57e+08),
(-0.905, 5.26e+07),
(-0.901,-5.39e+07),
(-0.898, 1.46e+08),
(-0.894, 1.72e+08),
(-0.891,-1.75e+08),
(-0.888,-7.81e+07),
(-0.884, 4.28e+08),
(-0.881, 6.55e+08),
(-0.877, 5.30e+08),
(-0.874, 1.63e+08),
(-0.871,-7.26e+07),
(-0.867,-2.33e+08),
(-0.864, 3.63e+08),
(-0.861, 3.68e+08),
(-0.857, 1.30e+08),
(-0.854, 2.47e+06),
(-0.851, 2.58e+08),
(-0.847, 2.21e+08),
(-0.844,-6.72e+07),
(-0.840, 5.72e+07),
(-0.837, 7.84e+08),
(-0.834, 6.66e+08),
(-0.830, 7.07e+07),
(-0.827,-2.22e+08),
(-0.824,-1.48e+08),
(-0.820, 3.18e+08),
(-0.817, 4.77e+06),
(-0.813,-5.84e+08),
(-0.810,-5.19e+08),
(-0.807, 1.40e+08),
(-0.803, 2.47e+08),
(-0.800,-7.20e+07),
(-0.796,-2.67e+08),
(-0.793, 3.64e+08),
(-0.790,-2.11e+08),
(-0.786,-3.73e+07),
(-0.783, 2.92e+08),
(-0.780, 1.44e+08),
(-0.776, 3.43e+08),
(-0.773, 2.83e+08),
(-0.770, 2.89e+08),
(-0.766, 2.99e+08),
(-0.763, 3.62e+06),
(-0.759,-1.54e+08),
(-0.756, 1.84e+08),
(-0.753,-9.99e+07),
(-0.749,-2.35e+08),
(-0.746, 1.64e+06),
(-0.742, 9.19e+08),
(-0.739, 1.00e+09),
(-0.736, 3.56e+08),
(-0.732, 2.08e+08),
(-0.729, 1.54e+08),
(-0.726, 6.98e+08),
(-0.722, 4.69e+08),
(-0.719,-4.91e+07),
(-0.716, 5.91e+08),
(-0.712,-6.23e+07),
(-0.709,-3.11e+08),
(-0.705, 3.05e+08),
(-0.702, 4.95e+08),
(-0.699, 6.19e+08),
(-0.695, 8.30e+08),
(-0.692, 6.19e+08),
(-0.689, 4.49e+08),
(-0.685,-1.38e+07),
(-0.682,-2.48e+08),
(-0.678,-5.91e+08),
(-0.675,-1.89e+08),
(-0.672,-3.47e+07),
(-0.668,-1.54e+08),
(-0.665,-2.02e+07),
(-0.661, 1.45e+08),
(-0.658, 5.74e+08),
(-0.655, 3.41e+08),
(-0.651, 2.95e+08),
(-0.648, 2.51e+08),
(-0.645,-1.91e+07),
(-0.641,-4.95e+08),
(-0.638,-5.49e+08),
(-0.635,-4.57e+08),
(-0.631, 3.88e+07),
(-0.628, 2.41e+08),
(-0.624, 3.71e+08),
(-0.621, 1.50e+08),
(-0.618, 2.43e+08),
(-0.614,-4.60e+06),
(-0.611, 7.51e+08),
(-0.607, 2.41e+08),
(-0.604, 2.95e+08),
(-0.601,-4.95e+07),
(-0.597, 1.58e+08),
(-0.594, 2.56e+08),
(-0.591, 3.93e+08),
(-0.587,-1.84e+08),
(-0.584,-2.40e+08),
(-0.581, 4.15e+08),
(-0.577, 4.52e+08),
(-0.574,-5.94e+08),
(-0.570,-6.84e+08),
(-0.567,-2.70e+08),
(-0.564,-2.94e+08),
(-0.560,-9.20e+08),
(-0.557,-1.05e+09),
(-0.554,-5.86e+08),
(-0.550,-1.13e+08),
(-0.547,-2.81e+08),
(-0.543,-8.23e+07),
(-0.540,-4.55e+08),
(-0.537,-2.36e+08),
(-0.533,-1.33e+07),
(-0.530,-1.17e+08),
(-0.526, 2.05e+08),
(-0.523, 1.38e+07),
(-0.520, 1.08e+08),
(-0.516,-7.40e+07),
(-0.513,-6.59e+08),
(-0.510,-3.74e+08),
(-0.506,-3.07e+08),
(-0.503,-4.74e+08),
(-0.500,-9.75e+07),
(-0.496, 4.92e+08),
(-0.493, 2.94e+08),
(-0.489, 3.23e+08),
(-0.486, 6.10e+08),
(-0.483, 4.21e+08),
(-0.479,-3.66e+07),
(-0.476, 2.43e+08),
(-0.472, 4.09e+08),
(-0.469, 1.24e+08),
(-0.466, 5.90e+07),
(-0.462,-3.29e+06),
(-0.459, 3.25e+07),
(-0.456, 2.08e+08),
(-0.452,-1.76e+07),
(-0.449,-4.69e+08),
(-0.446, 1.81e+08),
(-0.442, 5.43e+08),
(-0.439, 7.66e+08),
(-0.435, 4.54e+08),
(-0.432,-4.26e+07),
(-0.429, 1.00e+08),
(-0.425, 5.02e+08),
(-0.422, 6.02e+08),
(-0.419, 3.55e+08),
(-0.415, 1.41e+08),
(-0.412, 3.89e+08),
(-0.408, 9.38e+07),
(-0.405,-2.97e+08),
(-0.402, 6.02e+08),
(-0.398, 9.91e+08),
(-0.395, 3.04e+07),
(-0.391,-3.28e+08),
(-0.388,-5.58e+08),
(-0.385,-2.82e+08),
(-0.381,-2.41e+08),
(-0.378,-2.08e+08),
(-0.375,-4.87e+08),
(-0.371,-1.77e+08),
(-0.368,-1.60e+08),
(-0.365,-2.63e+08),
(-0.361,-1.05e+08),
(-0.358,-3.20e+08),
(-0.354, 1.67e+08),
(-0.351,-2.60e+07),
(-0.348,-6.35e+08),
(-0.344,-1.13e+09),
(-0.341,-4.80e+08),
(-0.337,-6.77e+08),
(-0.334,-4.74e+08),
(-0.331,-3.93e+08),
(-0.327,-6.36e+08),
(-0.324,-3.32e+08),
(-0.321,-5.97e+07),
(-0.317,-5.65e+07),
(-0.314,-4.23e+08),
(-0.311,-3.43e+07),
(-0.307,-2.00e+07),
(-0.304, 2.44e+08),
(-0.300, 2.37e+07),
(-0.297, 1.61e+08),
(-0.294, 5.25e+08),
(-0.290, 4.63e+08),
(-0.287, 1.85e+08),
(-0.284, 4.68e+07),
(-0.280,-3.94e+07),
(-0.277,-1.68e+08),
(-0.273,-3.95e+08),
(-0.270, 4.60e+07),
(-0.267, 7.60e+08),
(-0.263, 7.39e+08),
(-0.260, 5.68e+08),
(-0.256, 7.26e+07),
(-0.253,-2.22e+08),
(-0.250, 1.74e+08),
(-0.246, 5.77e+08),
(-0.243, 2.14e+08),
(-0.240, 1.53e+08),
(-0.236, 1.73e+08),
(-0.233, 5.78e+08),
(-0.230, 7.59e+08),
(-0.226, 1.48e+08),
(-0.223, 1.38e+08),
(-0.219, 3.65e+08),
(-0.216, 6.02e+08),
(-0.213, 3.20e+08),
(-0.209, 1.54e+08),
(-0.206, 2.32e+08),
(-0.202,-3.37e+08),
(-0.199,-8.94e+08),
(-0.196,-1.24e+09),
(-0.192,-9.40e+08),
(-0.189,-6.33e+07),
(-0.186, 6.10e+08),
(-0.182, 2.32e+08),
(-0.179, 8.07e+08),
(-0.176, 2.73e+08),
(-0.172, 1.02e+08),
(-0.169, 2.03e+08),
(-0.165, 3.04e+08),
(-0.162, 3.81e+08),
(-0.159,-2.58e+08),
(-0.155,-2.23e+08),
(-0.152,-1.24e+08),
(-0.149, 3.06e+08),
(-0.145,-6.98e+07),
(-0.142, 9.17e+07),
(-0.138, 1.66e+08),
(-0.135, 2.34e+08),
(-0.132,-3.89e+08),
(-0.128, 6.64e+07),
(-0.125, 2.04e+08),
(-0.121, 5.20e+08),
(-0.118, 3.01e+08),
(-0.115,-2.49e+08),
(-0.111,-5.94e+08),
(-0.108,-4.35e+08),
(-0.105, 1.23e+08),
(-0.101, 2.08e+08),
(-0.098,-2.56e+07),
(-0.095, 1.48e+08),
(-0.091, 5.47e+08),
(-0.088, 1.04e+09),
(-0.084, 1.47e+09),
(-0.081, 2.03e+09),
(-0.078, 1.58e+09),
(-0.074, 1.58e+09),
(-0.071, 1.20e+09),
(-0.067, 2.86e+08),
(-0.064, 4.95e+08),
(-0.061, 1.53e+07),
(-0.057, 1.84e+08),
(-0.054, 6.96e+08),
(-0.051, 2.62e+08),
(-0.047, 1.50e+08),
(-0.044, 9.84e+08),
(-0.041, 1.50e+09),
(-0.037, 1.59e+09),
(-0.034, 1.90e+09),
(-0.030, 2.54e+09),
(-0.027, 2.31e+09),
(-0.024, 2.75e+09),
(-0.020, 3.65e+09),
(-0.017, 4.30e+09),
(-0.014, 4.11e+09),
(-0.010, 4.12e+09),
(-0.007, 3.98e+09),
(-0.003, 3.99e+09),
(-0.000, 4.18e+09),
( 0.003, 3.86e+09),
( 0.007, 3.85e+09),
( 0.010, 4.01e+09),
( 0.014, 4.05e+09),
( 0.017, 4.11e+09),
( 0.020, 4.13e+09),
( 0.024, 3.66e+09),
( 0.027, 3.01e+09),
( 0.030, 2.57e+09),
( 0.034, 2.41e+09),
( 0.037, 2.81e+09),
( 0.040, 3.47e+09),
( 0.044, 3.70e+09),
( 0.047, 3.51e+09),
( 0.051, 3.40e+09),
( 0.054, 3.34e+09),
( 0.057, 2.97e+09),
( 0.061, 2.42e+09),
( 0.064, 1.93e+09),
( 0.068, 2.59e+09),
( 0.071, 3.43e+09),
( 0.074, 4.37e+09),
( 0.078, 4.85e+09),
( 0.081, 5.83e+09),
( 0.084, 6.99e+09),
( 0.088, 7.72e+09),
( 0.091, 8.00e+09),
( 0.094, 7.98e+09),
( 0.098, 7.50e+09),
( 0.101, 7.46e+09),
( 0.105, 8.10e+09),
( 0.108, 8.18e+09),
( 0.111, 8.07e+09),
( 0.115, 8.89e+09),
( 0.118, 9.27e+09),
( 0.121, 9.45e+09),
( 0.125, 8.07e+09),
( 0.128, 7.24e+09),
( 0.132, 7.42e+09),
( 0.135, 6.88e+09),
( 0.138, 6.47e+09),
( 0.142, 6.11e+09),
( 0.145, 6.68e+09),
( 0.149, 6.17e+09),
( 0.152, 4.65e+09),
( 0.155, 4.75e+09),
( 0.159, 4.25e+09),
( 0.162, 4.19e+09),
( 0.165, 4.18e+09),
( 0.169, 3.96e+09),
( 0.172, 4.03e+09),
( 0.175, 4.36e+09),
( 0.179, 4.58e+09),
( 0.182, 4.64e+09),
( 0.186, 4.33e+09),
( 0.189, 4.39e+09),
( 0.192, 4.17e+09),
( 0.196, 4.09e+09),
( 0.199, 3.59e+09),
( 0.203, 3.60e+09),
( 0.206, 3.25e+09),
( 0.209, 3.17e+09),
( 0.213, 3.06e+09),
( 0.216, 3.39e+09),
( 0.219, 4.18e+09),
( 0.223, 3.85e+09),
( 0.226, 3.85e+09),
( 0.229, 4.06e+09),
( 0.233, 3.68e+09),
( 0.236, 3.45e+09),
( 0.240, 3.41e+09),
( 0.243, 3.57e+09),
( 0.246, 3.82e+09),
( 0.250, 4.08e+09),
( 0.253, 4.20e+09),
( 0.256, 3.61e+09),
( 0.260, 3.06e+09),
( 0.263, 3.62e+09),
( 0.267, 3.43e+09),
( 0.270, 3.63e+09),
( 0.273, 3.36e+09),
( 0.277, 3.02e+09),
( 0.280, 3.16e+09),
( 0.284, 2.79e+09),
( 0.287, 1.95e+09),
( 0.290, 2.32e+09),
( 0.294, 2.52e+09),
( 0.297, 2.27e+09),
( 0.300, 2.29e+09),
( 0.304, 2.72e+09),
( 0.307, 2.98e+09),
( 0.310, 3.13e+09),
( 0.314, 2.89e+09),
( 0.317, 3.07e+09),
( 0.321, 2.86e+09),
( 0.324, 2.67e+09),
( 0.327, 2.53e+09),
( 0.331, 2.51e+09),
( 0.334, 2.73e+09),
( 0.338, 3.82e+09),
( 0.341, 3.83e+09),
( 0.344, 3.19e+09),
( 0.348, 3.00e+09),
( 0.351, 3.17e+09),
( 0.354, 2.92e+09),
( 0.358, 3.52e+09),
( 0.361, 3.47e+09),
( 0.364, 3.08e+09),
( 0.368, 3.48e+09),
( 0.371, 3.26e+09),
( 0.375, 3.18e+09),
( 0.378, 2.98e+09),
( 0.381, 2.97e+09),
( 0.385, 2.59e+09),
( 0.388, 2.26e+09),
( 0.391, 2.40e+09),
( 0.395, 2.81e+09),
( 0.398, 2.56e+09),
( 0.402, 2.50e+09),
( 0.405, 2.32e+09),
( 0.408, 2.81e+09),
( 0.412, 2.97e+09),
( 0.415, 2.65e+09),
( 0.419, 2.37e+09),
( 0.422, 1.96e+09),
( 0.425, 2.73e+09),
( 0.429, 2.78e+09),
( 0.432, 2.40e+09),
( 0.435, 2.42e+09),
( 0.439, 2.45e+09),
( 0.442, 2.90e+09),
( 0.445, 2.54e+09),
( 0.449, 2.47e+09),
( 0.452, 1.99e+09),
( 0.456, 2.10e+09),
( 0.459, 1.73e+09),
( 0.462, 1.62e+09),
( 0.466, 1.30e+09),
( 0.469, 1.91e+09),
( 0.473, 1.23e+09),
( 0.476, 1.93e+09),
( 0.479, 1.31e+09),
( 0.483, 1.16e+09),
( 0.486, 1.40e+09),
( 0.489, 2.07e+09),
( 0.493, 2.31e+09),
( 0.496, 1.83e+09),
( 0.499, 1.71e+09),
( 0.503, 1.94e+09),
( 0.506, 2.37e+09),
( 0.510, 2.78e+09),
( 0.513, 2.17e+09),
( 0.516, 1.68e+09),
( 0.520, 1.67e+09),
( 0.523, 7.75e+08),
( 0.526, 1.46e+09),
( 0.530, 1.66e+09),
( 0.533, 1.39e+09),
( 0.537, 1.69e+09),
( 0.540, 2.16e+09),
( 0.543, 2.93e+09),
( 0.547, 3.16e+09),
( 0.550, 3.86e+09),
( 0.554, 3.79e+09),
( 0.557, 3.43e+09),
( 0.560, 3.13e+09),
( 0.564, 3.45e+09),
( 0.567, 3.45e+09),
( 0.570, 2.73e+09),
( 0.574, 3.11e+09),
( 0.577, 2.67e+09),
( 0.580, 2.37e+09),
( 0.584, 2.46e+09),
( 0.587, 2.49e+09),
( 0.591, 2.62e+09),
( 0.594, 2.60e+09),
( 0.597, 2.34e+09),
( 0.601, 2.41e+09),
( 0.604, 2.28e+09),
( 0.608, 3.37e+09),
( 0.611, 3.52e+09),
( 0.614, 3.35e+09),
( 0.618, 3.10e+09),
( 0.621, 3.35e+09),
( 0.624, 3.56e+09),
( 0.628, 3.41e+09),
( 0.631, 3.03e+09),
( 0.634, 3.03e+09),
( 0.638, 3.53e+09),
( 0.641, 3.27e+09),
( 0.645, 3.26e+09),
( 0.648, 3.06e+09),
( 0.651, 3.04e+09),
( 0.655, 2.78e+09),
( 0.658, 2.46e+09),
( 0.661, 2.28e+09),
( 0.665, 2.67e+09),
( 0.668, 2.61e+09),
( 0.672, 2.69e+09),
( 0.675, 3.39e+09),
( 0.678, 3.97e+09),
( 0.682, 4.13e+09),
( 0.685, 3.91e+09),
( 0.689, 3.74e+09),
( 0.692, 3.08e+09),
( 0.695, 2.88e+09),
( 0.699, 2.68e+09),
( 0.702, 2.22e+09),
( 0.705, 2.55e+09),
( 0.709, 2.83e+09),
( 0.712, 3.37e+09),
( 0.715, 2.98e+09),
( 0.719, 3.01e+09),
( 0.722, 2.59e+09),
( 0.726, 2.51e+09),
( 0.729, 2.43e+09),
( 0.732, 1.94e+09),
( 0.736, 1.95e+09),
( 0.739, 2.23e+09),
( 0.743, 2.06e+09),
( 0.746, 2.11e+09),
( 0.749, 1.88e+09),
( 0.753, 1.03e+09),
( 0.756, 1.58e+09),
( 0.759, 2.64e+09),
( 0.763, 2.39e+09),
( 0.766, 1.66e+09),
( 0.769, 1.84e+09),
( 0.773, 2.15e+09),
( 0.776, 2.37e+09),
( 0.780, 2.14e+09),
( 0.783, 1.86e+09),
( 0.786, 1.95e+09),
( 0.790, 1.56e+09),
( 0.793, 1.08e+09),
( 0.796, 1.75e+09),
( 0.800, 2.52e+09),
( 0.803, 2.90e+09),
( 0.807, 2.65e+09),
( 0.810, 2.33e+09),
( 0.813, 2.55e+09),
( 0.817, 2.15e+09),
( 0.820, 1.71e+09),
( 0.824, 2.47e+09),
( 0.827, 2.28e+09),
( 0.830, 1.96e+09),
( 0.834, 1.63e+09),
( 0.837, 1.85e+09),
( 0.840, 1.26e+09),
( 0.844, 1.83e+09),
( 0.847, 2.07e+09),
( 0.850, 2.13e+09),
( 0.854, 1.99e+09),
( 0.857, 1.81e+09),
( 0.861, 1.74e+09),
( 0.864, 1.40e+09),
( 0.867, 1.63e+09),
( 0.871, 1.84e+09),
( 0.874, 2.41e+09),
( 0.878, 2.01e+09),
( 0.881, 1.63e+09),
( 0.884, 2.10e+09),
( 0.888, 1.91e+09),
( 0.891, 2.02e+09),
( 0.894, 2.54e+09),
( 0.898, 2.34e+09),
( 0.901, 1.05e+09),
( 0.904, 8.68e+08),
( 0.908, 1.26e+09),
( 0.911, 1.45e+09),
( 0.915, 1.55e+09),
( 0.918, 1.19e+09),
( 0.921, 1.65e+09),
( 0.925, 1.18e+09),
( 0.928, 1.18e+09),
( 0.931, 1.33e+09),
( 0.935, 1.59e+09),
( 0.938, 8.54e+08),
( 0.942, 5.73e+08),
( 0.945, 7.87e+08),
( 0.948, 6.35e+08),
( 0.952, 6.65e+08),
( 0.955, 1.26e+09),
( 0.959, 1.78e+09),
( 0.962, 1.32e+09),
( 0.965, 1.38e+09),
( 0.969, 1.60e+09),
( 0.972, 1.59e+09),
( 0.975, 1.35e+09),
( 0.979, 1.55e+09),
( 0.982, 1.69e+09),
( 0.985, 1.25e+09),
( 0.989, 6.92e+08),
( 0.992, 2.94e+08),
( 0.996, 6.54e+08),
( 0.999, 8.23e+08),
( 1.002, 1.09e+09),
( 1.006, 6.45e+08),
( 1.009, 4.78e+08),
( 1.013, 7.84e+08),
( 1.016, 1.20e+09),
( 1.019, 1.10e+09),
( 1.023, 4.76e+08),
( 1.026, 1.11e+08),
( 1.029,-4.54e+08),
( 1.033,-4.08e+08),
( 1.036, 4.05e+08),
( 1.039, 7.91e+08),
( 1.043, 4.83e+08),
( 1.046, 7.93e+08),
( 1.050, 4.51e+08),
( 1.053,-6.72e+07),
( 1.056, 2.04e+08),
( 1.060, 4.17e+08),
( 1.063, 5.38e+08),
( 1.066, 1.81e+08),
( 1.070, 7.84e+07),
( 1.073, 3.61e+08),
( 1.077, 3.02e+08),
( 1.080,-2.03e+08),
( 1.083,-4.45e+07),
( 1.087, 6.08e+08),
( 1.090, 4.51e+08),
( 1.094, 4.26e+08),
( 1.097, 7.56e+08),
( 1.100, 5.49e+08),
( 1.104,-2.33e+07),
( 1.107,-9.06e+08),
( 1.110,-1.14e+09),
( 1.114,-9.99e+08),
( 1.117,-7.45e+08),
( 1.120,-3.95e+08),
( 1.124,-1.29e+08),
( 1.127,-1.64e+07),
( 1.131,-6.65e+08),
( 1.134,-7.52e+08),
( 1.137,-5.21e+08),
( 1.141,-3.27e+08),
( 1.144,-4.95e+08),
( 1.148,-6.11e+07),
( 1.151,-2.84e+08),
( 1.154,-5.83e+08),
( 1.158,-5.62e+08),
( 1.161,-2.86e+08),
( 1.164,-4.06e+08),
( 1.168,-8.33e+08),
( 1.171,-7.97e+08),
( 1.174,-6.57e+08),
( 1.178,-7.88e+08),
( 1.181,-5.01e+08),
( 1.185,-7.18e+08),
( 1.188,-8.48e+08),
( 1.191,-9.78e+08),
( 1.195,-8.33e+08),
( 1.198,-4.79e+08),
( 1.201, 6.21e+07),
( 1.205,-4.26e+08),
( 1.208,-5.12e+08),
( 1.212,-1.19e+08),
( 1.215,-2.84e+08),
( 1.218,-3.56e+08),
( 1.222,-6.41e+07),
( 1.225, 7.35e+07),
( 1.229, 1.44e+08),
( 1.232, 5.96e+08),
( 1.235, 4.09e+08),
( 1.239,-2.78e+07),
( 1.242,-1.64e+08),
( 1.245,-4.27e+07),
( 1.249,-5.83e+08),
( 1.252,-4.06e+08),
( 1.255,-6.53e+08),
( 1.259,-7.48e+08),
( 1.262,-6.16e+08),
( 1.266,-8.06e+08),
( 1.269,-1.01e+09),
( 1.272,-6.42e+08),
( 1.276, 2.00e+08),
( 1.279,-1.13e+07),
( 1.283,-2.91e+08),
( 1.286,-4.62e+07),
( 1.289, 1.24e+08),
( 1.293, 1.18e+08),
( 1.296,-1.53e+08),
( 1.299,-2.15e+07),
( 1.303, 2.31e+08),
( 1.306, 3.38e+08),
( 1.309, 2.05e+08),
( 1.313, 4.38e+08),
( 1.316, 1.24e+08),
( 1.320, 4.66e+08),
( 1.323, 2.76e+08),
( 1.326,-3.98e+08),
( 1.330,-4.26e+08),
( 1.333, 1.77e+08),
( 1.336, 1.08e+09),
( 1.340, 4.35e+08),
( 1.343, 1.36e+08),
( 1.347, 2.14e+08),
( 1.350, 2.37e+08),
( 1.353, 4.11e+08),
( 1.357,-2.58e+08),
( 1.360,-1.67e+08),
( 1.364,-2.37e+08),
( 1.367, 1.41e+08),
( 1.370,-1.62e+08),
( 1.374,-1.45e+08),
( 1.377,-2.36e+08),
( 1.380,-7.13e+08),
( 1.384,-2.67e+08),
( 1.387,-2.15e+08),
( 1.390,-2.11e+08),
( 1.394, 4.08e+08),
( 1.397, 2.87e+08),
( 1.401, 5.55e+07),
( 1.404, 1.48e+08),
( 1.407,-1.90e+08),
( 1.411,-7.66e+07),
( 1.414,-2.01e+08),
( 1.418,-5.91e+08),
( 1.421,-1.81e+08),
( 1.424, 1.36e+08),
( 1.428,-8.59e+07),
( 1.431, 5.26e+07),
( 1.434, 7.22e+08),
( 1.438, 9.65e+08),
( 1.441, 7.18e+07),
( 1.444,-3.85e+08),
( 1.448, 8.50e+07),
( 1.451, 5.93e+08),
( 1.455, 6.01e+08),
( 1.458, 9.13e+08),
( 1.461, 3.02e+08),
( 1.465,-3.14e+08),
( 1.468,-3.77e+08),
( 1.471,-7.72e+08),
( 1.475,-9.43e+08),
( 1.478,-8.51e+08),
( 1.482,-6.38e+08),
( 1.485, 2.79e+07),
( 1.488, 1.98e+08),
( 1.492,-3.93e+07),
( 1.495,-4.55e+07),
( 1.499,-8.96e+08),
( 1.502,-8.53e+08),
( 1.505,-9.30e+08),
( 1.509,-1.38e+09),
( 1.512,-1.28e+09),
( 1.515,-1.40e+09),
( 1.519,-1.19e+09),
( 1.522,-3.35e+08),
( 1.525,-1.04e+08),
( 1.529,-4.11e+08),
( 1.532,-8.97e+08),
( 1.536,-7.27e+08),
( 1.539,-4.35e+08),
( 1.542,-6.07e+08),
( 1.546,-1.12e+09),
( 1.549,-1.37e+09),
( 1.553,-1.06e+09),
( 1.556,-5.07e+08),
( 1.559,-1.20e+07),
( 1.563, 2.17e+08),
( 1.566,-8.63e+07),
( 1.569,-3.09e+08),
( 1.573,-5.80e+07),
( 1.576,-8.76e+08),
( 1.579,-1.60e+09),
( 1.583,-1.50e+09),
( 1.586,-6.98e+08),
( 1.590,-2.10e+08),
( 1.593,-1.16e+08),
( 1.596,-6.71e+08),
( 1.600,-1.16e+09),
( 1.603,-6.81e+08),
( 1.606,-6.09e+08),
( 1.610,-4.22e+08),
( 1.613,-6.82e+08),
( 1.617,-1.15e+09),
( 1.620,-5.68e+08),
( 1.623,-5.47e+08),
( 1.627, 2.54e+08),
( 1.630, 5.51e+08),
( 1.634, 6.83e+08),
( 1.637, 8.07e+08),
( 1.640, 5.23e+08),
( 1.644, 6.99e+08),
( 1.647, 8.34e+08),
( 1.650, 7.63e+08),
( 1.654, 1.37e+08),
( 1.657,-4.40e+08),
( 1.660,-3.44e+08),
( 1.664, 2.99e+08),
( 1.667, 5.59e+08),
( 1.671, 6.00e+08),
( 1.674, 4.90e+08),
( 1.677, 2.21e+08),
( 1.681, 2.75e+08),
( 1.684,-5.03e+07),
( 1.688, 2.11e+08),
( 1.691, 2.56e+08),
( 1.694,-7.72e+07),
( 1.698,-5.53e+08),
( 1.701,-9.25e+08),
( 1.704,-9.15e+08),
( 1.708,-9.04e+07),
( 1.711,-2.01e+08),
( 1.714,-8.44e+08),
( 1.718,-4.91e+08),
( 1.721,-8.58e+08),
( 1.725,-9.96e+08),
( 1.728,-7.57e+08),
( 1.731,-9.45e+08),
( 1.735,-6.57e+08),
( 1.738,-4.18e+08),
( 1.741,-5.75e+08),
( 1.745,-1.79e+08),
( 1.748,-6.78e+08),
( 1.752,-9.94e+08),
( 1.755,-1.03e+09),
( 1.758,-9.79e+08),
( 1.762,-6.32e+08),
( 1.765,-5.25e+08),
( 1.769,-2.64e+08),
( 1.772,-2.44e+08),
( 1.775,-6.37e+08),
( 1.779,-2.00e+08),
( 1.782, 2.70e+08),
( 1.785, 5.14e+08),
( 1.789, 4.26e+08),
( 1.792, 2.24e+08),
( 1.795, 1.03e+08),
( 1.799, 2.21e+08),
( 1.802,-2.95e+08),
( 1.806, 1.11e+08),
( 1.809,-9.68e+07),
( 1.812,-6.23e+08),
( 1.816,-8.49e+08),
( 1.819,-4.07e+08),
( 1.823,-2.94e+08),
( 1.826, 4.09e+07),
( 1.829, 1.37e+08),
( 1.833,-1.94e+08),
( 1.836,-3.67e+08),
( 1.839, 2.22e+08),
( 1.843, 3.03e+08),
( 1.846, 3.27e+07),
( 1.849,-2.89e+07),
( 1.853,-1.13e+08),
( 1.856, 4.33e+08),
( 1.860,-2.37e+08),
( 1.863, 6.03e+08),
( 1.866, 3.90e+08),
( 1.870,-1.48e+08),
( 1.873,-6.65e+08),
( 1.876,-6.89e+08),
( 1.880,-4.42e+08),
( 1.883,-4.07e+08),
( 1.887,-7.41e+08),
( 1.890,-4.19e+08),
( 1.893,-2.63e+08),
( 1.897,-2.52e+08),
( 1.900,-2.94e+08),
( 1.904,-5.92e+08),
( 1.907,-1.94e+08),
( 1.910,-4.04e+08),
( 1.914,-1.91e+08),
( 1.917,-3.96e+07),
( 1.920, 1.96e+08),
( 1.924,-6.18e+08),
( 1.927,-1.07e+09),
( 1.930,-1.22e+09),
( 1.934,-6.10e+08),
( 1.937,-7.83e+08),
( 1.941,-9.39e+08),
( 1.944,-4.66e+08),
( 1.947,-2.79e+08),
( 1.951,-2.05e+08),
( 1.954,-7.25e+08),
( 1.958,-7.43e+08),
( 1.961,-4.42e+08),
( 1.964,-1.94e+08),
( 1.968,-4.74e+08),
( 1.971,-4.99e+08),
( 1.974,-9.02e+08),
( 1.978,-1.09e+09),
( 1.981,-5.29e+08),
( 1.984,-4.55e+08),
( 1.988,-5.80e+08),
( 1.991,-5.90e+08),
( 1.995,-8.32e+08),
( 1.998,-8.31e+08),
( 2.001,-4.64e+08),
( 2.005,-5.51e+08),
( 2.008,-9.76e+08),
( 2.011,-7.27e+08),
( 2.015,-1.63e+08),
( 2.018,-1.65e+08),
( 2.022, 1.68e+08),
( 2.025,-1.34e+08),
( 2.028,-3.06e+07),
( 2.032,-1.68e+08),
( 2.035,-5.13e+08),
( 2.039,-2.77e+08),
( 2.042,-8.11e+08),
( 2.045,-5.29e+08),
( 2.049,-1.81e+08),
( 2.052,-7.08e+08),
( 2.055,-4.92e+08),
( 2.059,-5.95e+08),
( 2.062,-8.21e+08),
( 2.065,-5.01e+08),
( 2.069,-1.23e+08),
( 2.072,-5.18e+08),
( 2.076,-5.29e+08),
( 2.079,-5.87e+08),
( 2.082,-2.35e+08),
( 2.086, 1.79e+08),
( 2.089,-1.95e+08),
( 2.093,-2.98e+08),
( 2.096,-1.34e+08),
( 2.099, 5.35e+08),
( 2.103,-7.38e+07),
( 2.106, 1.74e+08),
( 2.109, 6.29e+07),
( 2.113,-1.00e+08),
( 2.116,-7.67e+08),
( 2.119,-5.59e+08),
( 2.123,-8.63e+08),
( 2.126,-4.70e+08),
( 2.130,-5.35e+08),
( 2.133,-8.63e+07),
( 2.136, 1.02e+08),
( 2.140,-2.99e+08),
( 2.143,-9.85e+08),
( 2.146,-7.91e+08),
( 2.150,-5.28e+08),
( 2.153,-7.02e+08),
( 2.157,-6.69e+08),
( 2.160, 1.08e+08),
( 2.163, 6.28e+08),
( 2.167, 5.40e+08),
( 2.170, 8.99e+08),
( 2.174, 4.94e+08),
( 2.177, 3.38e+08),
( 2.180,-3.45e+08),
( 2.184,-5.01e+08),
( 2.187,-2.59e+08),
( 2.190,-2.52e+08),
( 2.194,-5.06e+08),
( 2.197,-1.23e+08),
( 2.200,-3.17e+08),
( 2.204,-9.01e+08),
( 2.207,-3.08e+08),
( 2.211,-1.96e+07),
( 2.214,-1.41e+08),
( 2.217,-3.69e+08),
( 2.221,-7.50e+08),
( 2.224,-9.68e+08),
( 2.228,-4.33e+08),
( 2.231,-2.40e+08),
( 2.234,-2.00e+08),
( 2.238, 2.16e+08),
( 2.241,-1.80e+08),
( 2.244, 2.35e+07),
( 2.248,-4.11e+08),
( 2.251,-3.67e+08),
( 2.254,-3.97e+08),
( 2.258,-5.34e+08),
( 2.261,-3.56e+08),
( 2.265,-1.96e+08),
( 2.268,-8.48e+07),
( 2.271,-2.63e+08),
( 2.275,-1.40e+08),
( 2.278,-2.38e+08),
( 2.281,-2.38e+08),
( 2.285, 2.32e+08),
( 2.288, 6.09e+08),
( 2.292, 4.88e+08),
( 2.295, 6.25e+08),
( 2.298, 4.72e+08),
( 2.302, 5.04e+08),
( 2.305, 1.89e+08),
( 2.309, 2.76e+08),
( 2.312, 4.48e+08),
( 2.315,-3.63e+08),
( 2.319,-3.04e+08),
( 2.322, 1.45e+08),
( 2.325, 6.70e+08),
( 2.329, 2.79e+08),
( 2.332,-2.48e+08),
( 2.335, 2.63e+08),
( 2.339, 2.16e+08),
( 2.342, 3.14e+08),
( 2.346, 9.55e+08),
( 2.349, 1.24e+09),
( 2.352, 9.81e+08),
( 2.356, 9.43e+08),
( 2.359, 3.48e+08),
( 2.363, 4.57e+08),
( 2.366, 7.57e+08),
( 2.369, 5.81e+08),
( 2.373, 2.44e+08),
( 2.376,-4.27e+08),
( 2.379,-3.21e+08),
( 2.383,-1.75e+08),
( 2.386, 7.44e+08),
( 2.389, 2.52e+08),
( 2.393,-7.16e+07),
( 2.396,-1.51e+07),
( 2.400, 2.80e+08),
( 2.403, 1.18e+08),
( 2.406,-1.99e+07),
( 2.410,-1.07e+08),
( 2.413,-5.65e+08),
( 2.416,-1.30e+08),
( 2.420,-8.11e+08),
( 2.423,-8.00e+08),
( 2.427,-5.69e+08),
( 2.430,-1.51e+08),
( 2.433,-1.79e+08),
( 2.437,-2.51e+08),
( 2.440,-5.80e+08),
( 2.444,-2.38e+08),
( 2.447,-2.87e+08),
( 2.450,-3.47e+07),
( 2.454,-3.15e+08),
( 2.457,-6.22e+08),
( 2.460,-2.35e+08),
( 2.464, 3.76e+07),
( 2.467,-4.13e+08),
( 2.470,-4.77e+08),
( 2.474,-4.19e+08),
( 2.477,-2.24e+08),
( 2.481, 2.13e+08),
( 2.484, 2.27e+08),
( 2.487, 6.15e+08),
( 2.491, 1.02e+09),
( 2.494, 4.54e+08),
( 2.498,-2.43e+07),
( 2.501,-4.70e+08),
( 2.504,-4.28e+08),
( 2.508, 1.84e+08),
( 2.511, 5.59e+08),
( 2.514, 7.58e+08),
( 2.518, 5.69e+08),
( 2.521,-1.18e+07),
( 2.524, 4.83e+08),
( 2.528, 5.06e+08),
( 2.531, 3.85e+08),
( 2.535, 2.48e+08),
( 2.538, 5.32e+08),
( 2.541, 5.81e+08),
( 2.545, 7.42e+08),
( 2.548, 1.36e+09),
( 2.551, 1.25e+09),
( 2.555, 6.19e+08),
( 2.558, 5.35e+08),
( 2.562, 3.65e+08),
( 2.565, 4.44e+08),
( 2.568, 6.69e+08),
( 2.572, 4.67e+08),
( 2.575,-2.56e+08),
( 2.579,-1.42e+08),
( 2.582,-3.19e+07),
( 2.585, 1.79e+08),
( 2.589, 3.93e+08),
( 2.592, 5.18e+08),
( 2.595,-9.93e+07),
( 2.599, 9.75e+07),
( 2.602,-9.20e+07),
( 2.605,-2.54e+08),
( 2.609, 7.45e+08),
( 2.612, 2.09e+08),
( 2.616,-1.59e+08),
( 2.619, 2.08e+08),
( 2.622, 7.27e+08),
( 2.626, 2.07e+07),
( 2.629,-1.15e+08),
( 2.633, 1.55e+08),
( 2.636,-1.97e+08),
( 2.639,-1.18e+07),
( 2.643, 2.27e+08),
( 2.646, 4.27e+08),
( 2.649, 4.71e+08),
( 2.653, 5.34e+08),
( 2.656, 2.63e+07),
( 2.659,-1.17e+08),
( 2.663,-3.51e+08),
( 2.666, 2.82e+08),
( 2.670, 4.42e+08),
( 2.673, 1.08e+07),
( 2.676,-2.77e+08),
( 2.680, 5.75e+08),
( 2.683, 6.13e+08),
( 2.686, 2.69e+08),
( 2.690,-1.36e+07),
( 2.693,-4.16e+08),
( 2.697,-1.58e+08),
( 2.700,-1.41e+08),
( 2.703, 1.86e+08),
( 2.707, 2.17e+08),
( 2.710,-4.33e+08),
( 2.714, 1.48e+08),
( 2.717, 3.45e+08),
( 2.720,-2.84e+08),
( 2.724,-3.45e+08),
( 2.727, 6.97e+08),
( 2.730, 8.35e+08),
( 2.734, 7.75e+08),
( 2.737, 5.95e+07),
( 2.740,-3.60e+08),
( 2.744, 3.42e+08),
( 2.747, 3.69e+08),
( 2.751, 3.63e+08),
( 2.754, 5.82e+07),
( 2.757, 7.30e+07),
( 2.761, 3.55e+08),
( 2.764, 5.76e+08),
( 2.768, 5.10e+08),
( 2.771, 7.31e+08),
( 2.774, 3.89e+08),
( 2.778, 4.67e+08),
( 2.781, 1.42e+08),
( 2.784, 9.02e+07),
( 2.788, 1.70e+08),
( 2.791,-2.83e+08),
( 2.794,-2.51e+08),
( 2.798, 5.60e+08),
( 2.801, 4.43e+08),
( 2.805,-2.92e+08),
( 2.808, 2.14e+07),
( 2.811, 4.80e+07),
( 2.815,-8.40e+07),
( 2.818,-3.78e+08),
( 2.821,-6.20e+08),
( 2.825,-7.30e+08),
( 2.828,-7.87e+08),
( 2.832,-5.67e+08),
( 2.835,-2.28e+08),
( 2.838,-1.47e+08),
( 2.842, 2.24e+08),
( 2.845,-1.95e+08),
( 2.849,-7.10e+08),
( 2.852,-3.89e+08),
( 2.855,-3.24e+08),
( 2.859,-4.87e+08),
( 2.862,-2.39e+08),
( 2.865, 1.04e+08),
( 2.869,-2.19e+08),
( 2.872,-2.67e+08),
( 2.875,-4.08e+08),
( 2.879, 2.84e+08),
( 2.882,-7.48e+07),
( 2.886, 3.21e+08),
( 2.889, 4.73e+08),
( 2.892,-7.23e+07),
( 2.896,-1.81e+07),
( 2.899,-1.51e+08),
( 2.903, 5.80e+08),
( 2.906, 1.29e+09),
( 2.909, 8.65e+08),
( 2.913, 1.30e+09),
( 2.916, 9.75e+08),
( 2.919, 8.58e+08),
( 2.923, 5.72e+08),
( 2.926, 5.12e+08),
( 2.929, 1.65e+05),
( 2.933, 4.23e+08),
( 2.936,-1.19e+08),
( 2.940,-1.23e+08),
( 2.943,-1.87e+08),
( 2.946, 5.74e+07),
( 2.950,-1.03e+08),
( 2.953, 8.32e+07),
( 2.956, 1.19e+08),
( 2.960, 4.65e+08),
( 2.963, 2.19e+08),
( 2.967,-1.29e+08),
( 2.970,-3.09e+08),
( 2.973,-1.20e+08),
( 2.977,-4.47e+08),
( 2.980,-2.36e+08),
( 2.984, 2.27e+08),
( 2.987,-2.55e+08),
( 2.990,-9.07e+07),
( 2.994, 6.92e+08),
( 2.997,-3.14e+08),
( 3.000,-3.37e+07),
( 3.004,-6.75e+07),
( 3.007,-3.83e+08),
( 3.010,-4.83e+08),
( 3.014,-5.56e+08),
( 3.017,-1.43e+08),
( 3.021, 1.67e+08),
( 3.024, 4.67e+08),
( 3.027, 8.87e+08),
( 3.031, 1.11e+09),
( 3.034, 1.45e+09),
( 3.038, 1.16e+09),
( 3.041, 5.70e+08),
( 3.044, 2.21e+08),
( 3.048, 3.84e+08),
( 3.051, 2.42e+08),
( 3.054, 1.42e+08),
( 3.058, 7.47e+08),
( 3.061, 7.79e+08),
( 3.064, 3.57e+08),
( 3.068, 5.19e+08),
( 3.071, 6.23e+08),
( 3.075, 1.56e+08),
( 3.078, 6.45e+08),
( 3.081, 4.94e+08),
( 3.085,-2.46e+06),
( 3.088, 2.89e+08),
( 3.091, 7.77e+08),
( 3.095, 6.66e+08),
( 3.098, 2.94e+08),
( 3.102, 4.05e+08),
( 3.105, 6.79e+08),
( 3.108, 1.22e+09),
( 3.112, 8.27e+08),
( 3.115, 2.72e+08),
( 3.119, 1.25e+07),
( 3.122, 2.86e+07),
( 3.125,-2.00e+07),
( 3.129,-2.55e+08),
( 3.132,-2.64e+08),
( 3.135,-5.57e+07),
( 3.139,-7.36e+07),
( 3.142,-2.83e+08),
( 3.145,-4.61e+08),
( 3.149,-2.01e+08),
( 3.152, 2.32e+08),
( 3.156, 3.43e+08),
( 3.159, 3.25e+08),
( 3.162, 7.93e+08),
( 3.166, 9.39e+08),
( 3.169, 5.47e+08),
( 3.173, 6.98e+08),
( 3.176, 4.32e+08),
( 3.179, 1.01e+09),
( 3.183, 1.51e+09),
( 3.186, 1.20e+09),
( 3.189, 9.60e+08),
( 3.193, 4.20e+08),
( 3.196, 4.04e+08),
( 3.199, 5.02e+08),
( 3.203,-1.48e+07),
( 3.206,-5.22e+08),
( 3.210,-5.52e+08),
( 3.213,-5.07e+08),
( 3.216,-3.59e+08),
( 3.220,-3.83e+07),
( 3.223, 3.32e+08),
( 3.226, 4.33e+08),
( 3.230, 2.92e+08),
( 3.233,-1.12e+08),
( 3.237,-1.35e+08),
( 3.240,-1.21e+08),
( 3.243,-5.86e+08),
( 3.247,-2.40e+08),
( 3.250, 4.57e+08),
( 3.254,-2.42e+07),
( 3.257,-7.68e+08),
( 3.260,-8.92e+08),
( 3.264,-6.34e+08),
( 3.267,-1.15e+07),
( 3.270, 6.07e+08),
( 3.274, 4.01e+08),
( 3.277,-1.38e+08),
( 3.280,-1.29e+08),
( 3.284, 1.40e+08),
( 3.287,-6.77e+08),
( 3.291,-3.48e+08),
( 3.294, 1.51e+08),
( 3.297, 8.03e+08),
( 3.301, 5.02e+08),
( 3.304, 1.01e+09),
( 3.308, 5.17e+08),
( 3.311,-3.11e+07),
( 3.314, 1.35e+08),
( 3.318,-2.25e+08),
( 3.321, 4.72e+08),
( 3.324, 7.06e+08),
( 3.328, 6.19e+08),
( 3.331,-6.79e+07),
( 3.334,-3.51e+08),
( 3.338, 2.03e+08),
( 3.341,-1.30e+08),
( 3.345, 6.82e+07),
( 3.348, 7.67e+07),
( 3.351, 1.96e+08),
( 3.355, 3.57e+07),
( 3.358,-1.21e+08),
( 3.361,-1.98e+08),
( 3.365, 1.54e+07),
( 3.368, 5.47e+08),
( 3.372, 1.32e+09),
( 3.375, 1.15e+09),
( 3.378, 6.72e+08),
( 3.382, 6.19e+08),
( 3.385, 5.31e+08),
( 3.389, 3.22e+08),
( 3.392, 4.22e+08),
( 3.395,-3.41e+08),
( 3.399,-1.04e+08),
( 3.402,-1.54e+08),
( 3.405, 1.32e+08),
( 3.409, 3.24e+08),
( 3.412, 5.21e+08),
( 3.415, 5.18e+08),
( 3.419, 1.14e+08),
( 3.422, 7.90e+08),
( 3.426, 5.49e+08),
( 3.429, 3.21e+08),
( 3.432, 3.84e+08),
( 3.436, 3.47e+08),
( 3.439,-5.74e+08),
( 3.443,-8.03e+08),
( 3.446, 1.88e+08),
( 3.449, 5.77e+07),
( 3.453, 6.92e+07),
( 3.456, 9.66e+07),
( 3.459, 3.95e+08),
( 3.463, 4.10e+08),
( 3.466, 1.66e+08),
( 3.469, 2.74e+08),
( 3.473, 5.21e+07),
( 3.476, 3.93e+07),
( 3.480,-9.42e+07),
( 3.483, 8.25e+07),
( 3.486, 3.76e+08),
( 3.490, 2.59e+08),
( 3.493, 3.51e+08),
( 3.496,-1.54e+08),
( 3.500,-1.85e+08)]
