Bolide Detection Notification: 2002-068

At 01:20:25 UT on 09 Mar 2002, sensors aboard U. S. Government satellites recorded
the flash signature of a large meteoroid entry into the atmosphere. Location of the
flash  was Lat 6.9N, Lon 147.3W.

Based upon the visible-light intensity-time signature, peak brightness of the flash
was  determined to be approximately 2.5E10 watts/steradian, and total radiated flash
energy  2.49E11 joules (6000K blackbody model).

Intensity-time signature of the event and integrated intensity are depicted on the
plots  below. On the intensity-time plot, one count on vertical axis corresponds to
2.35E8  watts/steradian. On the integrated intensity plot, one count represents
2.96E9 joules  radiated energy.

Peak Intensity = 2.46e+10 watts/steradian
Total Energy   = 2.54e+11 joules

Intensity=[
(-2.997, 7.12e+07),
(-2.994,-9.37e+06),
(-2.990, 2.27e+08),
(-2.987, 5.53e+08),
(-2.984, 2.64e+08),
(-2.980,-1.02e+08),
(-2.977,-5.47e+08),
(-2.973,-2.74e+08),
(-2.970,-1.13e+09),
(-2.967,-8.17e+08),
(-2.963,-2.88e+08),
(-2.960, 6.75e+07),
(-2.956, 4.00e+08),
(-2.953, 6.14e+08),
(-2.950, 6.22e+08),
(-2.946, 3.81e+08),
(-2.943, 9.22e+07),
(-2.940,-2.68e+08),
(-2.936, 2.79e+08),
(-2.933, 1.62e+08),
(-2.929,-1.92e+08),
(-2.926,-4.39e+07),
(-2.923,-3.47e+08),
(-2.919,-6.29e+08),
(-2.916,-4.55e+07),
(-2.913,-3.79e+08),
(-2.909,-5.68e+08),
(-2.906,-1.09e+08),
(-2.903,-3.32e+08),
(-2.899,-5.32e+08),
(-2.896, 1.99e+07),
(-2.892, 2.60e+08),
(-2.889, 3.34e+07),
(-2.886, 2.96e+08),
(-2.882, 4.29e+08),
(-2.879,-4.55e+07),
(-2.875,-1.26e+08),
(-2.872, 2.58e+08),
(-2.869, 1.78e+08),
(-2.865,-3.10e+08),
(-2.862, 2.66e+08),
(-2.859, 8.50e+08),
(-2.855, 5.59e+08),
(-2.852, 5.52e+08),
(-2.849, 4.99e+08),
(-2.845, 8.77e+08),
(-2.842, 1.41e+09),
(-2.838, 9.59e+08),
(-2.835, 9.56e+08),
(-2.832, 4.66e+08),
(-2.828, 4.34e+08),
(-2.825, 7.16e+08),
(-2.821, 4.21e+08),
(-2.818, 2.18e+08),
(-2.815, 2.21e+08),
(-2.811, 1.40e+08),
(-2.808, 1.51e+08),
(-2.805,-5.74e+07),
(-2.801,-8.04e+07),
(-2.798,-3.63e+07),
(-2.794,-1.63e+08),
(-2.791,-8.76e+07),
(-2.788,-2.37e+08),
(-2.784,-2.29e+08),
(-2.781, 8.38e+06),
(-2.778, 4.18e+08),
(-2.774, 8.65e+08),
(-2.771, 7.67e+08),
(-2.768, 5.66e+08),
(-2.764, 4.75e+07),
(-2.761, 4.92e+08),
(-2.757, 5.34e+08),
(-2.754, 1.01e+09),
(-2.751, 1.30e+09),
(-2.747, 1.46e+09),
(-2.744, 1.01e+09),
(-2.740, 1.04e+09),
(-2.737, 1.26e+09),
(-2.734, 1.67e+09),
(-2.730, 1.00e+09),
(-2.727, 8.05e+08),
(-2.724, 1.02e+09),
(-2.720, 7.06e+08),
(-2.717, 5.97e+08),
(-2.714,-3.46e+08),
(-2.710,-1.15e+08),
(-2.707, 3.80e+08),
(-2.703, 3.96e+08),
(-2.700, 4.58e+08),
(-2.697, 5.34e+08),
(-2.693, 8.85e+08),
(-2.690, 5.82e+08),
(-2.686,-6.41e+06),
(-2.683, 2.96e+08),
(-2.680, 6.25e+08),
(-2.676, 2.50e+08),
(-2.673, 3.39e+08),
(-2.670, 6.11e+08),
(-2.666, 1.25e+09),
(-2.663, 1.57e+09),
(-2.659, 6.26e+08),
(-2.656, 1.28e+08),
(-2.653, 7.57e+08),
(-2.649, 7.54e+08),
(-2.646, 3.76e+07),
(-2.643, 1.09e+08),
(-2.639,-1.06e+08),
(-2.636, 4.07e+08),
(-2.633, 3.14e+08),
(-2.629, 1.03e+09),
(-2.626, 1.28e+09),
(-2.622, 4.91e+08),
(-2.619, 3.26e+08),
(-2.616,-6.49e+07),
(-2.612, 2.83e+08),
(-2.609, 4.79e+08),
(-2.605, 1.41e+08),
(-2.602, 1.59e+08),
(-2.599, 3.39e+08),
(-2.595, 6.40e+08),
(-2.592, 8.42e+08),
(-2.589, 6.91e+08),
(-2.585, 9.13e+08),
(-2.582, 9.02e+08),
(-2.579, 6.69e+08),
(-2.575, 1.14e+09),
(-2.572, 1.12e+09),
(-2.568, 1.04e+09),
(-2.565, 7.98e+08),
(-2.562, 8.30e+08),
(-2.558, 3.11e+08),
(-2.555,-1.28e+08),
(-2.551, 2.71e+08),
(-2.548, 7.35e+08),
(-2.545, 6.84e+08),
(-2.541, 5.88e+08),
(-2.538, 7.65e+08),
(-2.535, 1.40e+09),
(-2.531, 1.22e+09),
(-2.528, 6.34e+08),
(-2.525, 7.52e+08),
(-2.521, 2.87e+08),
(-2.518, 4.92e+08),
(-2.514, 8.75e+08),
(-2.511, 7.80e+08),
(-2.508, 7.37e+08),
(-2.504, 3.90e+08),
(-2.501, 3.18e+08),
(-2.498, 5.40e+08),
(-2.494, 4.17e+08),
(-2.491, 4.70e+08),
(-2.487, 7.93e+08),
(-2.484, 3.05e+08),
(-2.481, 8.94e+08),
(-2.477, 8.41e+08),
(-2.474, 4.50e+08),
(-2.470, 8.65e+08),
(-2.467, 6.93e+08),
(-2.464, 4.65e+08),
(-2.460, 5.13e+08),
(-2.457, 7.72e+08),
(-2.454, 7.82e+08),
(-2.450, 4.60e+08),
(-2.447, 4.85e+08),
(-2.444, 7.03e+08),
(-2.440, 6.89e+08),
(-2.437, 5.22e+08),
(-2.433, 4.86e+08),
(-2.430,-3.50e+08),
(-2.427,-5.10e+06),
(-2.423, 1.16e+08),
(-2.420, 5.49e+08),
(-2.416, 5.85e+08),
(-2.413, 9.60e+08),
(-2.410, 1.33e+09),
(-2.406, 6.81e+08),
(-2.403, 4.62e+08),
(-2.400, 8.45e+08),
(-2.396, 7.63e+08),
(-2.393, 7.55e+08),
(-2.390, 1.42e+09),
(-2.386, 1.34e+09),
(-2.383, 1.27e+09),
(-2.379, 1.17e+09),
(-2.376, 1.43e+09),
(-2.373, 1.53e+09),
(-2.369, 1.28e+09),
(-2.366, 1.46e+09),
(-2.363, 8.43e+08),
(-2.359, 7.97e+08),
(-2.356, 1.04e+09),
(-2.352, 1.05e+09),
(-2.349, 3.67e+08),
(-2.346,-3.47e+08),
(-2.342,-1.13e+08),
(-2.339, 3.84e+08),
(-2.335, 2.84e+08),
(-2.332, 6.57e+08),
(-2.329, 6.14e+08),
(-2.325, 1.02e+09),
(-2.322, 1.25e+09),
(-2.319, 1.14e+09),
(-2.315, 7.72e+08),
(-2.312, 6.82e+08),
(-2.309, 1.19e+09),
(-2.305, 1.39e+09),
(-2.302, 1.39e+09),
(-2.298, 1.82e+09),
(-2.295, 1.28e+09),
(-2.292, 1.78e+09),
(-2.288, 2.06e+09),
(-2.285, 7.30e+08),
(-2.281, 1.76e+08),
(-2.278, 8.62e+08),
(-2.275, 2.97e+08),
(-2.271, 6.70e+08),
(-2.268, 5.32e+08),
(-2.265, 9.65e+08),
(-2.261, 4.00e+08),
(-2.258, 6.35e+08),
(-2.255, 4.80e+08),
(-2.251, 5.89e+08),
(-2.248, 1.99e+08),
(-2.244, 6.11e+08),
(-2.241, 3.36e+08),
(-2.238, 1.87e+08),
(-2.234,-2.10e+08),
(-2.231, 1.25e+08),
(-2.228, 6.70e+08),
(-2.224, 3.81e+08),
(-2.221, 2.85e+08),
(-2.217, 4.54e+08),
(-2.214, 9.74e+08),
(-2.211, 1.68e+09),
(-2.207, 1.98e+09),
(-2.204, 1.78e+09),
(-2.200, 1.26e+09),
(-2.197, 9.49e+08),
(-2.194, 1.25e+09),
(-2.190, 9.36e+08),
(-2.187, 2.74e+08),
(-2.184, 2.87e+08),
(-2.180, 3.66e+07),
(-2.177,-5.88e+08),
(-2.174,-9.15e+08),
(-2.170,-8.66e+07),
(-2.167,-1.15e+06),
(-2.163,-2.71e+07),
(-2.160,-9.75e+07),
(-2.157, 4.86e+08),
(-2.153, 9.03e+08),
(-2.150,-3.37e+07),
(-2.146, 2.03e+08),
(-2.143, 4.63e+08),
(-2.140, 6.84e+08),
(-2.136, 1.55e+08),
(-2.133, 2.21e+08),
(-2.130, 4.18e+08),
(-2.126, 5.49e+08),
(-2.123, 8.59e+08),
(-2.120, 8.70e+08),
(-2.116, 1.01e+09),
(-2.113, 1.30e+09),
(-2.109, 8.33e+08),
(-2.106, 8.80e+08),
(-2.103, 5.77e+08),
(-2.099, 1.45e+09),
(-2.096, 1.69e+09),
(-2.093, 1.23e+09),
(-2.089, 8.32e+08),
(-2.086, 2.27e+08),
(-2.082,-3.58e+08),
(-2.079,-5.33e+08),
(-2.076, 3.42e+08),
(-2.072, 4.36e+08),
(-2.069, 5.60e+08),
(-2.065, 1.11e+09),
(-2.062, 1.07e+09),
(-2.059, 6.42e+08),
(-2.055, 1.25e+09),
(-2.052, 1.56e+09),
(-2.049, 9.78e+08),
(-2.045, 9.54e+08),
(-2.042, 1.24e+09),
(-2.039, 8.87e+08),
(-2.035, 7.04e+08),
(-2.032, 6.00e+08),
(-2.028, 7.24e+08),
(-2.025, 8.45e+08),
(-2.022, 9.87e+08),
(-2.018, 5.75e+08),
(-2.015, 1.52e+08),
(-2.011, 5.44e+08),
(-2.008, 1.66e+09),
(-2.005, 1.04e+09),
(-2.001, 6.19e+08),
(-1.998, 8.83e+08),
(-1.995, 8.43e+08),
(-1.991, 6.45e+08),
(-1.988, 8.99e+08),
(-1.985, 5.97e+08),
(-1.981, 4.84e+08),
(-1.978, 5.88e+08),
(-1.974, 7.55e+08),
(-1.971, 9.31e+08),
(-1.968, 9.81e+08),
(-1.964, 7.18e+08),
(-1.961, 2.47e+08),
(-1.958, 4.02e+08),
(-1.954, 7.41e+08),
(-1.951, 7.75e+08),
(-1.947, 1.03e+09),
(-1.944, 3.76e+08),
(-1.941, 5.52e+08),
(-1.937, 1.11e+09),
(-1.934, 1.02e+09),
(-1.930, 1.17e+09),
(-1.927, 1.32e+09),
(-1.924, 9.81e+08),
(-1.920, 9.19e+07),
(-1.917, 2.05e+08),
(-1.914, 8.80e+08),
(-1.910, 1.24e+09),
(-1.907, 1.34e+09),
(-1.904, 1.17e+09),
(-1.900, 1.67e+09),
(-1.897, 1.23e+09),
(-1.893, 1.29e+09),
(-1.890, 7.99e+08),
(-1.887, 7.80e+08),
(-1.883, 1.38e+09),
(-1.880, 1.10e+09),
(-1.876, 9.98e+08),
(-1.873, 1.09e+09),
(-1.870, 1.21e+09),
(-1.866, 8.92e+08),
(-1.863, 6.43e+08),
(-1.860, 8.69e+08),
(-1.856, 5.39e+08),
(-1.853, 5.80e+08),
(-1.850, 9.05e+08),
(-1.846, 5.60e+08),
(-1.843, 6.06e+08),
(-1.839, 8.48e+08),
(-1.836, 6.51e+08),
(-1.833, 8.01e+08),
(-1.829, 6.14e+08),
(-1.826, 6.06e+08),
(-1.823, 1.78e+08),
(-1.819, 1.47e+08),
(-1.816, 4.76e+08),
(-1.812, 8.88e+08),
(-1.809, 1.16e+09),
(-1.806, 8.52e+08),
(-1.802,-1.34e+08),
(-1.799,-1.56e+08),
(-1.795, 5.06e+08),
(-1.792, 7.11e+08),
(-1.789, 1.02e+09),
(-1.785, 1.05e+09),
(-1.782, 9.34e+08),
(-1.779, 1.14e+09),
(-1.775, 8.31e+08),
(-1.772, 7.72e+08),
(-1.769, 9.56e+08),
(-1.765, 7.90e+08),
(-1.762, 8.98e+08),
(-1.758, 9.51e+08),
(-1.755, 2.96e+08),
(-1.752, 2.81e+08),
(-1.748, 9.44e+08),
(-1.745, 1.12e+09),
(-1.741, 1.11e+09),
(-1.738, 2.09e+08),
(-1.735,-5.11e+07),
(-1.731, 3.96e+08),
(-1.728, 7.51e+08),
(-1.725, 8.16e+08),
(-1.721, 7.76e+08),
(-1.718, 4.72e+08),
(-1.714, 6.97e+08),
(-1.711, 1.23e+09),
(-1.708, 8.99e+08),
(-1.704, 5.81e+08),
(-1.701, 9.07e+08),
(-1.698, 1.26e+09),
(-1.694, 9.16e+08),
(-1.691, 6.23e+08),
(-1.688, 3.67e+08),
(-1.684, 7.23e+08),
(-1.681, 1.60e+09),
(-1.677, 9.59e+08),
(-1.674, 5.07e+08),
(-1.671, 1.06e+09),
(-1.667, 1.09e+09),
(-1.664, 1.35e+09),
(-1.660, 1.56e+09),
(-1.657, 1.76e+09),
(-1.654, 6.54e+08),
(-1.650, 8.28e+08),
(-1.647, 1.25e+09),
(-1.644, 1.70e+09),
(-1.640, 2.26e+09),
(-1.637, 1.62e+09),
(-1.634, 1.65e+09),
(-1.630, 2.16e+09),
(-1.627, 2.09e+09),
(-1.623, 1.44e+09),
(-1.620, 1.42e+09),
(-1.617, 1.77e+09),
(-1.613, 2.55e+09),
(-1.610, 2.76e+09),
(-1.606, 2.04e+09),
(-1.603, 1.79e+09),
(-1.600, 1.93e+09),
(-1.596, 1.89e+09),
(-1.593, 2.26e+09),
(-1.590, 2.16e+09),
(-1.586, 1.80e+09),
(-1.583, 1.72e+09),
(-1.579, 1.07e+09),
(-1.576, 1.52e+09),
(-1.573, 1.40e+09),
(-1.569, 1.08e+09),
(-1.566, 7.18e+08),
(-1.563, 6.57e+08),
(-1.559, 7.77e+07),
(-1.556, 2.08e+08),
(-1.553, 9.68e+08),
(-1.549, 8.95e+08),
(-1.546, 7.34e+08),
(-1.542, 9.95e+08),
(-1.539, 1.58e+09),
(-1.536, 1.47e+09),
(-1.532, 3.43e+08),
(-1.529, 4.17e+08),
(-1.525, 5.43e+08),
(-1.522,-7.72e+06),
(-1.519, 5.44e+08),
(-1.515, 3.95e+08),
(-1.512, 1.06e+09),
(-1.509, 1.27e+09),
(-1.505, 7.03e+08),
(-1.502, 1.02e+09),
(-1.499, 1.51e+09),
(-1.495, 1.44e+09),
(-1.492, 1.29e+09),
(-1.488, 1.49e+09),
(-1.485, 1.46e+09),
(-1.482, 1.66e+09),
(-1.478, 1.63e+09),
(-1.475, 9.74e+08),
(-1.471, 1.00e+09),
(-1.468, 1.01e+09),
(-1.465, 1.16e+09),
(-1.461, 8.41e+08),
(-1.458, 6.02e+08),
(-1.455, 9.71e+08),
(-1.451, 1.03e+09),
(-1.448, 1.62e+09),
(-1.444, 1.65e+09),
(-1.441, 1.71e+09),
(-1.438, 1.67e+09),
(-1.434, 1.49e+09),
(-1.431, 1.38e+09),
(-1.428, 1.60e+09),
(-1.424, 1.17e+09),
(-1.421, 1.07e+09),
(-1.418, 1.34e+09),
(-1.414, 1.65e+09),
(-1.411, 1.42e+09),
(-1.407, 1.21e+09),
(-1.404, 9.64e+08),
(-1.401, 9.21e+08),
(-1.397, 9.03e+08),
(-1.394, 1.05e+09),
(-1.390, 1.62e+09),
(-1.387, 2.19e+09),
(-1.384, 2.09e+09),
(-1.380, 1.53e+09),
(-1.377, 1.58e+09),
(-1.374, 1.30e+09),
(-1.370, 1.41e+09),
(-1.367, 1.15e+09),
(-1.364, 8.92e+08),
(-1.360, 8.21e+08),
(-1.357, 1.15e+09),
(-1.353, 1.40e+09),
(-1.350, 1.67e+09),
(-1.347, 1.74e+09),
(-1.343, 1.89e+09),
(-1.340, 1.95e+09),
(-1.336, 1.64e+09),
(-1.333, 1.26e+09),
(-1.330, 1.20e+09),
(-1.326, 1.65e+09),
(-1.323, 2.07e+09),
(-1.320, 1.85e+09),
(-1.316, 1.45e+09),
(-1.313, 1.39e+09),
(-1.310, 1.26e+09),
(-1.306, 1.16e+09),
(-1.303, 9.49e+08),
(-1.299, 7.33e+08),
(-1.296, 9.87e+08),
(-1.293, 5.54e+08),
(-1.289, 4.35e+08),
(-1.286, 5.30e+08),
(-1.283, 5.41e+08),
(-1.279, 8.10e+08),
(-1.276, 5.80e+08),
(-1.272, 7.75e+08),
(-1.269, 6.47e+08),
(-1.266, 1.10e+09),
(-1.262, 1.58e+09),
(-1.259, 1.38e+09),
(-1.255, 1.36e+09),
(-1.252, 1.59e+09),
(-1.249, 2.18e+09),
(-1.245, 1.97e+09),
(-1.242, 1.56e+09),
(-1.239, 1.47e+09),
(-1.235, 1.52e+09),
(-1.232, 1.53e+09),
(-1.229, 1.52e+09),
(-1.225, 1.22e+09),
(-1.222, 1.35e+09),
(-1.218, 1.74e+09),
(-1.215, 2.10e+09),
(-1.212, 1.67e+09),
(-1.208, 1.19e+09),
(-1.205, 9.88e+08),
(-1.201, 1.29e+09),
(-1.198, 1.08e+09),
(-1.195, 1.13e+09),
(-1.191, 1.16e+09),
(-1.188, 1.22e+09),
(-1.185, 1.19e+09),
(-1.181, 1.19e+09),
(-1.178, 1.24e+09),
(-1.175, 8.37e+08),
(-1.171, 9.06e+08),
(-1.168, 1.22e+09),
(-1.164, 1.01e+09),
(-1.161, 8.85e+08),
(-1.158, 1.33e+09),
(-1.154, 1.42e+09),
(-1.151, 1.50e+09),
(-1.148, 1.06e+09),
(-1.144, 1.64e+09),
(-1.141, 1.90e+09),
(-1.137, 1.97e+09),
(-1.134, 2.19e+09),
(-1.131, 2.21e+09),
(-1.127, 2.49e+09),
(-1.124, 1.38e+09),
(-1.120, 1.54e+09),
(-1.117, 1.97e+09),
(-1.114, 1.70e+09),
(-1.110, 2.41e+09),
(-1.107, 1.71e+09),
(-1.104, 1.32e+09),
(-1.100, 1.89e+09),
(-1.097, 1.87e+09),
(-1.094, 1.34e+09),
(-1.090, 2.38e+09),
(-1.087, 2.56e+09),
(-1.083, 1.55e+09),
(-1.080, 1.37e+09),
(-1.077, 1.96e+09),
(-1.073, 1.94e+09),
(-1.070, 1.49e+09),
(-1.066, 1.88e+09),
(-1.063, 1.82e+09),
(-1.060, 1.68e+09),
(-1.056, 2.31e+09),
(-1.053, 2.62e+09),
(-1.050, 2.65e+09),
(-1.046, 2.60e+09),
(-1.043, 2.35e+09),
(-1.040, 2.68e+09),
(-1.036, 2.44e+09),
(-1.033, 1.91e+09),
(-1.029, 1.28e+09),
(-1.026, 1.59e+09),
(-1.023, 1.76e+09),
(-1.019, 2.20e+09),
(-1.016, 2.48e+09),
(-1.013, 1.96e+09),
(-1.009, 1.73e+09),
(-1.006, 1.83e+09),
(-1.002, 2.19e+09),
(-0.999, 2.89e+09),
(-0.996, 2.87e+09),
(-0.992, 3.41e+09),
(-0.989, 3.34e+09),
(-0.985, 2.50e+09),
(-0.982, 2.67e+09),
(-0.979, 3.08e+09),
(-0.975, 3.14e+09),
(-0.972, 3.08e+09),
(-0.969, 2.69e+09),
(-0.965, 2.60e+09),
(-0.962, 2.24e+09),
(-0.959, 2.13e+09),
(-0.955, 2.84e+09),
(-0.952, 2.94e+09),
(-0.948, 2.93e+09),
(-0.945, 3.16e+09),
(-0.942, 3.41e+09),
(-0.938, 3.19e+09),
(-0.935, 3.15e+09),
(-0.931, 3.66e+09),
(-0.928, 3.44e+09),
(-0.925, 2.42e+09),
(-0.921, 3.08e+09),
(-0.918, 2.84e+09),
(-0.915, 3.10e+09),
(-0.911, 3.76e+09),
(-0.908, 3.01e+09),
(-0.905, 2.48e+09),
(-0.901, 3.04e+09),
(-0.898, 3.00e+09),
(-0.894, 2.83e+09),
(-0.891, 2.19e+09),
(-0.888, 1.76e+09),
(-0.884, 2.14e+09),
(-0.881, 2.50e+09),
(-0.878, 3.09e+09),
(-0.874, 3.05e+09),
(-0.871, 2.89e+09),
(-0.867, 3.54e+09),
(-0.864, 3.93e+09),
(-0.861, 3.80e+09),
(-0.857, 3.38e+09),
(-0.854, 3.17e+09),
(-0.850, 3.98e+09),
(-0.847, 4.63e+09),
(-0.844, 5.15e+09),
(-0.840, 4.93e+09),
(-0.837, 4.33e+09),
(-0.834, 4.17e+09),
(-0.830, 4.05e+09),
(-0.827, 3.95e+09),
(-0.824, 3.88e+09),
(-0.820, 3.60e+09),
(-0.817, 3.86e+09),
(-0.813, 3.83e+09),
(-0.810, 3.58e+09),
(-0.807, 3.77e+09),
(-0.803, 3.48e+09),
(-0.800, 3.30e+09),
(-0.796, 4.46e+09),
(-0.793, 4.89e+09),
(-0.790, 5.47e+09),
(-0.786, 5.82e+09),
(-0.783, 5.35e+09),
(-0.780, 5.29e+09),
(-0.776, 4.71e+09),
(-0.773, 4.76e+09),
(-0.770, 4.45e+09),
(-0.766, 4.75e+09),
(-0.763, 5.08e+09),
(-0.759, 4.20e+09),
(-0.756, 4.09e+09),
(-0.753, 4.22e+09),
(-0.749, 4.21e+09),
(-0.746, 4.42e+09),
(-0.743, 5.04e+09),
(-0.739, 5.05e+09),
(-0.736, 4.74e+09),
(-0.732, 4.85e+09),
(-0.729, 4.74e+09),
(-0.726, 5.01e+09),
(-0.722, 4.95e+09),
(-0.719, 4.61e+09),
(-0.715, 4.34e+09),
(-0.712, 4.70e+09),
(-0.709, 4.25e+09),
(-0.705, 3.97e+09),
(-0.702, 4.97e+09),
(-0.699, 5.27e+09),
(-0.695, 5.79e+09),
(-0.692, 5.69e+09),
(-0.689, 5.28e+09),
(-0.685, 5.16e+09),
(-0.682, 4.74e+09),
(-0.678, 4.32e+09),
(-0.675, 3.95e+09),
(-0.672, 4.08e+09),
(-0.668, 4.65e+09),
(-0.665, 5.48e+09),
(-0.661, 4.98e+09),
(-0.658, 5.10e+09),
(-0.655, 5.41e+09),
(-0.651, 5.09e+09),
(-0.648, 4.70e+09),
(-0.645, 4.86e+09),
(-0.641, 5.00e+09),
(-0.638, 5.15e+09),
(-0.635, 4.95e+09),
(-0.631, 4.32e+09),
(-0.628, 4.15e+09),
(-0.624, 4.41e+09),
(-0.621, 4.52e+09),
(-0.618, 4.55e+09),
(-0.614, 5.07e+09),
(-0.611, 5.47e+09),
(-0.608, 5.06e+09),
(-0.604, 4.88e+09),
(-0.601, 5.28e+09),
(-0.597, 5.00e+09),
(-0.594, 4.74e+09),
(-0.591, 5.10e+09),
(-0.587, 5.65e+09),
(-0.584, 5.61e+09),
(-0.580, 5.18e+09),
(-0.577, 4.99e+09),
(-0.574, 5.26e+09),
(-0.570, 5.75e+09),
(-0.567, 6.24e+09),
(-0.564, 6.83e+09),
(-0.560, 7.21e+09),
(-0.557, 7.62e+09),
(-0.554, 7.38e+09),
(-0.550, 7.10e+09),
(-0.547, 7.00e+09),
(-0.543, 6.83e+09),
(-0.540, 6.97e+09),
(-0.537, 6.30e+09),
(-0.533, 6.69e+09),
(-0.530, 6.85e+09),
(-0.526, 7.14e+09),
(-0.523, 7.06e+09),
(-0.520, 7.23e+09),
(-0.516, 7.31e+09),
(-0.513, 7.48e+09),
(-0.510, 7.63e+09),
(-0.506, 7.95e+09),
(-0.503, 8.25e+09),
(-0.499, 8.06e+09),
(-0.496, 7.74e+09),
(-0.493, 7.65e+09),
(-0.489, 7.21e+09),
(-0.486, 6.82e+09),
(-0.483, 6.51e+09),
(-0.479, 6.63e+09),
(-0.476, 6.32e+09),
(-0.473, 6.21e+09),
(-0.469, 6.03e+09),
(-0.466, 6.31e+09),
(-0.462, 6.25e+09),
(-0.459, 5.85e+09),
(-0.456, 6.49e+09),
(-0.452, 6.40e+09),
(-0.449, 6.70e+09),
(-0.445, 7.40e+09),
(-0.442, 7.60e+09),
(-0.439, 7.54e+09),
(-0.435, 7.13e+09),
(-0.432, 7.26e+09),
(-0.429, 8.09e+09),
(-0.425, 8.11e+09),
(-0.422, 7.96e+09),
(-0.419, 8.29e+09),
(-0.415, 8.35e+09),
(-0.412, 7.21e+09),
(-0.408, 6.49e+09),
(-0.405, 7.10e+09),
(-0.402, 6.44e+09),
(-0.398, 6.33e+09),
(-0.395, 6.59e+09),
(-0.391, 6.78e+09),
(-0.388, 6.94e+09),
(-0.385, 7.72e+09),
(-0.381, 8.36e+09),
(-0.378, 8.29e+09),
(-0.375, 8.21e+09),
(-0.371, 8.07e+09),
(-0.368, 8.61e+09),
(-0.364, 9.56e+09),
(-0.361, 8.91e+09),
(-0.358, 8.98e+09),
(-0.354, 9.38e+09),
(-0.351, 9.13e+09),
(-0.348, 9.61e+09),
(-0.344, 9.42e+09),
(-0.341, 8.28e+09),
(-0.338, 9.21e+09),
(-0.334, 9.92e+09),
(-0.331, 9.93e+09),
(-0.327, 9.28e+09),
(-0.324, 9.43e+09),
(-0.321, 9.68e+09),
(-0.317, 9.76e+09),
(-0.314, 9.78e+09),
(-0.310, 1.02e+10),
(-0.307, 1.02e+10),
(-0.304, 9.87e+09),
(-0.300, 9.80e+09),
(-0.297, 9.58e+09),
(-0.294, 9.65e+09),
(-0.290, 1.02e+10),
(-0.287, 1.02e+10),
(-0.284, 9.58e+09),
(-0.280, 8.88e+09),
(-0.277, 9.17e+09),
(-0.273, 9.41e+09),
(-0.270, 8.75e+09),
(-0.267, 8.81e+09),
(-0.263, 9.03e+09),
(-0.260, 9.14e+09),
(-0.256, 9.28e+09),
(-0.253, 9.12e+09),
(-0.250, 9.30e+09),
(-0.246, 9.38e+09),
(-0.243, 9.49e+09),
(-0.240, 9.71e+09),
(-0.236, 9.64e+09),
(-0.233, 9.76e+09),
(-0.229, 9.79e+09),
(-0.226, 9.56e+09),
(-0.223, 9.45e+09),
(-0.219, 8.91e+09),
(-0.216, 9.26e+09),
(-0.213, 9.40e+09),
(-0.209, 1.01e+10),
(-0.206, 1.09e+10),
(-0.203, 1.11e+10),
(-0.199, 1.11e+10),
(-0.196, 1.04e+10),
(-0.192, 1.04e+10),
(-0.189, 1.05e+10),
(-0.186, 1.09e+10),
(-0.182, 1.10e+10),
(-0.179, 1.13e+10),
(-0.175, 1.12e+10),
(-0.172, 1.14e+10),
(-0.169, 1.13e+10),
(-0.165, 1.17e+10),
(-0.162, 1.13e+10),
(-0.159, 1.11e+10),
(-0.155, 1.10e+10),
(-0.152, 1.11e+10),
(-0.149, 1.08e+10),
(-0.145, 1.08e+10),
(-0.142, 1.07e+10),
(-0.138, 1.06e+10),
(-0.135, 1.14e+10),
(-0.132, 1.13e+10),
(-0.128, 1.09e+10),
(-0.125, 1.08e+10),
(-0.121, 1.11e+10),
(-0.118, 1.12e+10),
(-0.115, 1.10e+10),
(-0.111, 1.09e+10),
(-0.108, 1.10e+10),
(-0.105, 1.13e+10),
(-0.101, 1.14e+10),
(-0.098, 1.15e+10),
(-0.094, 1.17e+10),
(-0.091, 1.17e+10),
(-0.088, 1.06e+10),
(-0.084, 1.11e+10),
(-0.081, 1.16e+10),
(-0.078, 1.12e+10),
(-0.074, 1.13e+10),
(-0.071, 1.13e+10),
(-0.068, 1.17e+10),
(-0.064, 1.16e+10),
(-0.061, 1.22e+10),
(-0.057, 1.12e+10),
(-0.054, 1.02e+10),
(-0.051, 1.09e+10),
(-0.047, 1.11e+10),
(-0.044, 1.10e+10),
(-0.040, 1.20e+10),
(-0.037, 1.22e+10),
(-0.034, 1.33e+10),
(-0.030, 1.35e+10),
(-0.027, 1.27e+10),
(-0.024, 1.29e+10),
(-0.020, 1.34e+10),
(-0.017, 1.34e+10),
(-0.014, 1.39e+10),
(-0.010, 1.41e+10),
(-0.007, 1.43e+10),
(-0.003, 1.43e+10),
( 0.000, 1.45e+10),
( 0.003, 1.45e+10),
( 0.007, 1.46e+10),
( 0.010, 1.49e+10),
( 0.014, 1.50e+10),
( 0.017, 1.54e+10),
( 0.020, 1.57e+10),
( 0.024, 1.66e+10),
( 0.027, 1.78e+10),
( 0.030, 1.84e+10),
( 0.034, 1.80e+10),
( 0.037, 1.74e+10),
( 0.041, 1.72e+10),
( 0.044, 1.70e+10),
( 0.047, 1.69e+10),
( 0.051, 1.76e+10),
( 0.054, 1.75e+10),
( 0.057, 1.76e+10),
( 0.061, 1.78e+10),
( 0.064, 1.79e+10),
( 0.067, 1.83e+10),
( 0.071, 1.80e+10),
( 0.074, 1.76e+10),
( 0.078, 1.70e+10),
( 0.081, 1.68e+10),
( 0.084, 1.74e+10),
( 0.088, 1.75e+10),
( 0.091, 1.71e+10),
( 0.095, 1.73e+10),
( 0.098, 1.76e+10),
( 0.101, 1.78e+10),
( 0.105, 1.82e+10),
( 0.108, 1.89e+10),
( 0.111, 1.92e+10),
( 0.115, 1.98e+10),
( 0.118, 1.96e+10),
( 0.121, 1.92e+10),
( 0.125, 1.89e+10),
( 0.128, 1.98e+10),
( 0.132, 1.99e+10),
( 0.135, 1.99e+10),
( 0.138, 2.00e+10),
( 0.142, 2.00e+10),
( 0.145, 1.98e+10),
( 0.149, 1.98e+10),
( 0.152, 2.00e+10),
( 0.155, 2.00e+10),
( 0.159, 2.01e+10),
( 0.162, 1.98e+10),
( 0.165, 2.03e+10),
( 0.169, 2.08e+10),
( 0.172, 2.02e+10),
( 0.176, 2.05e+10),
( 0.179, 2.09e+10),
( 0.182, 2.11e+10),
( 0.186, 2.11e+10),
( 0.189, 2.15e+10),
( 0.192, 2.23e+10),
( 0.196, 2.28e+10),
( 0.199, 2.29e+10),
( 0.202, 2.28e+10),
( 0.206, 2.25e+10),
( 0.209, 2.29e+10),
( 0.213, 2.24e+10),
( 0.216, 2.19e+10),
( 0.219, 2.22e+10),
( 0.223, 2.19e+10),
( 0.226, 2.17e+10),
( 0.230, 2.19e+10),
( 0.233, 2.15e+10),
( 0.236, 2.12e+10),
( 0.240, 2.11e+10),
( 0.243, 2.16e+10),
( 0.246, 2.18e+10),
( 0.250, 2.14e+10),
( 0.253, 2.17e+10),
( 0.256, 2.20e+10),
( 0.260, 2.20e+10),
( 0.263, 2.22e+10),
( 0.267, 2.15e+10),
( 0.270, 2.17e+10),
( 0.273, 2.27e+10),
( 0.277, 2.32e+10),
( 0.280, 2.36e+10),
( 0.284, 2.32e+10),
( 0.287, 2.29e+10),
( 0.290, 2.24e+10),
( 0.294, 2.21e+10),
( 0.297, 2.23e+10),
( 0.300, 2.26e+10),
( 0.304, 2.26e+10),
( 0.307, 2.32e+10),
( 0.311, 2.40e+10),
( 0.314, 2.46e+10),
( 0.317, 2.45e+10),
( 0.321, 2.45e+10),
( 0.324, 2.44e+10),
( 0.327, 2.36e+10),
( 0.331, 2.36e+10),
( 0.334, 2.32e+10),
( 0.337, 2.28e+10),
( 0.341, 2.28e+10),
( 0.344, 2.37e+10),
( 0.348, 2.38e+10),
( 0.351, 2.37e+10),
( 0.354, 2.36e+10),
( 0.358, 2.34e+10),
( 0.361, 2.35e+10),
( 0.365, 2.36e+10),
( 0.368, 2.31e+10),
( 0.371, 2.29e+10),
( 0.375, 2.36e+10),
( 0.378, 2.32e+10),
( 0.381, 2.24e+10),
( 0.385, 2.22e+10),
( 0.388, 2.24e+10),
( 0.391, 2.16e+10),
( 0.395, 2.10e+10),
( 0.398, 2.10e+10),
( 0.402, 2.06e+10),
( 0.405, 2.05e+10),
( 0.408, 2.04e+10),
( 0.412, 1.96e+10),
( 0.415, 1.86e+10),
( 0.419, 1.85e+10),
( 0.422, 1.82e+10),
( 0.425, 1.81e+10),
( 0.429, 1.77e+10),
( 0.432, 1.76e+10),
( 0.435, 1.69e+10),
( 0.439, 1.60e+10),
( 0.442, 1.61e+10),
( 0.446, 1.64e+10),
( 0.449, 1.63e+10),
( 0.452, 1.59e+10),
( 0.456, 1.55e+10),
( 0.459, 1.58e+10),
( 0.462, 1.49e+10),
( 0.466, 1.45e+10),
( 0.469, 1.51e+10),
( 0.472, 1.52e+10),
( 0.476, 1.50e+10),
( 0.479, 1.50e+10),
( 0.483, 1.49e+10),
( 0.486, 1.51e+10),
( 0.489, 1.49e+10),
( 0.493, 1.50e+10),
( 0.496, 1.43e+10),
( 0.500, 1.35e+10),
( 0.503, 1.34e+10),
( 0.506, 1.32e+10),
( 0.510, 1.30e+10),
( 0.513, 1.27e+10),
( 0.516, 1.18e+10),
( 0.520, 1.11e+10),
( 0.523, 1.12e+10),
( 0.526, 1.04e+10),
( 0.530, 9.56e+09),
( 0.533, 9.50e+09),
( 0.537, 9.33e+09),
( 0.540, 8.56e+09),
( 0.543, 7.47e+09),
( 0.547, 6.85e+09),
( 0.550, 5.90e+09),
( 0.554, 6.25e+09),
( 0.557, 6.81e+09),
( 0.560, 6.30e+09),
( 0.564, 5.71e+09),
( 0.567, 5.24e+09),
( 0.570, 5.23e+09),
( 0.574, 5.16e+09),
( 0.577, 4.60e+09),
( 0.580, 4.64e+09),
( 0.584, 4.10e+09),
( 0.587, 3.88e+09),
( 0.591, 4.15e+09),
( 0.594, 5.14e+09),
( 0.597, 4.37e+09),
( 0.601, 4.36e+09),
( 0.604, 4.21e+09),
( 0.607, 4.10e+09),
( 0.611, 3.81e+09),
( 0.614, 3.25e+09),
( 0.618, 2.33e+09),
( 0.621, 2.59e+09),
( 0.624, 2.62e+09),
( 0.628, 2.87e+09),
( 0.631, 3.28e+09),
( 0.635, 2.65e+09),
( 0.638, 2.67e+09),
( 0.641, 2.09e+09),
( 0.645, 1.56e+09),
( 0.648, 9.69e+08),
( 0.651, 9.67e+08),
( 0.655, 9.25e+08),
( 0.658, 4.44e+08),
( 0.661, 2.15e+08),
( 0.665,-1.57e+08),
( 0.668,-1.72e+08),
( 0.672,-3.84e+08),
( 0.675,-1.53e+08),
( 0.678, 4.48e+08),
( 0.682, 6.17e+08),
( 0.685, 6.94e+08),
( 0.689, 9.22e+08),
( 0.692, 1.25e+09),
( 0.695, 1.99e+09),
( 0.699, 1.54e+09),
( 0.702, 1.35e+09),
( 0.705, 1.04e+09),
( 0.709, 4.03e+08),
( 0.712, 4.21e+08),
( 0.715, 1.99e+08),
( 0.719,-5.25e+08),
( 0.722,-8.08e+08),
( 0.726,-3.01e+08),
( 0.729, 1.40e+08),
( 0.732, 4.96e+08),
( 0.736, 4.57e+08),
( 0.739,-5.54e+07),
( 0.742,-2.33e+08),
( 0.746,-1.05e+08),
( 0.749,-4.60e+08),
( 0.753,-6.72e+08),
( 0.756,-9.44e+08),
( 0.759,-6.65e+08),
( 0.763,-9.62e+08),
( 0.766,-1.01e+09),
( 0.770,-4.65e+08),
( 0.773,-4.87e+08),
( 0.776,-2.70e+08),
( 0.780,-6.15e+08),
( 0.783,-5.95e+08),
( 0.786,-8.82e+08),
( 0.790,-9.48e+08),
( 0.793,-3.81e+08),
( 0.796,-6.10e+08),
( 0.800,-1.02e+09),
( 0.803,-1.35e+09),
( 0.807,-1.10e+09),
( 0.810,-6.54e+08),
( 0.813,-2.66e+08),
( 0.817,-2.91e+07),
( 0.820,-7.34e+08),
( 0.824,-1.37e+09),
( 0.827,-8.32e+08),
( 0.830,-3.63e+08),
( 0.834,-6.52e+08),
( 0.837,-4.47e+08),
( 0.840,-2.01e+08),
( 0.844,-6.28e+08),
( 0.847,-2.90e+08),
( 0.850, 1.88e+08),
( 0.854,-5.34e+08),
( 0.857,-2.19e+08),
( 0.861, 1.95e+08),
( 0.864, 4.22e+07),
( 0.867,-1.49e+08),
( 0.871,-3.06e+08),
( 0.874,-6.29e+07),
( 0.877, 1.17e+08),
( 0.881, 6.81e+08),
( 0.884, 7.46e+08),
( 0.888, 5.50e+08),
( 0.891, 5.35e+08),
( 0.894, 8.13e+08),
( 0.898, 3.90e+08),
( 0.901, 5.45e+08),
( 0.905, 3.65e+08),
( 0.908,-4.82e+07),
( 0.911,-9.78e+07),
( 0.915,-9.65e+08),
( 0.918,-6.59e+08),
( 0.921,-2.54e+08),
( 0.925, 2.25e+08),
( 0.928, 4.03e+08),
( 0.931, 2.28e+07),
( 0.935, 4.55e+08),
( 0.938, 1.03e+09),
( 0.942, 9.75e+08),
( 0.945, 3.68e+08),
( 0.948, 5.99e+08),
( 0.952, 9.62e+08),
( 0.955, 7.98e+08),
( 0.959, 3.89e+07),
( 0.962,-6.18e+08),
( 0.965,-2.36e+08),
( 0.969,-6.58e+08),
( 0.972,-4.68e+07),
( 0.975,-2.63e+08),
( 0.979,-2.63e+08),
( 0.982,-4.05e+08),
( 0.985,-3.09e+08),
( 0.989, 4.81e+07),
( 0.992, 7.18e+08),
( 0.996, 9.34e+08),
( 0.999, 3.84e+08),
( 1.002, 2.90e+08),
( 1.006, 5.43e+08),
( 1.009, 4.63e+08),
( 1.012, 3.13e+08),
( 1.016, 3.31e+08),
( 1.019, 9.04e+08),
( 1.023, 1.25e+09),
( 1.026, 5.96e+08),
( 1.029, 1.47e+08),
( 1.033,-9.27e+08),
( 1.036,-1.61e+09),
( 1.040,-9.87e+08),
( 1.043,-9.93e+08),
( 1.046,-2.11e+08),
( 1.050, 3.01e+07),
( 1.053, 1.24e+08),
( 1.056, 4.61e+08),
( 1.060, 6.09e+08),
( 1.063,-1.08e+08),
( 1.066,-3.06e+08),
( 1.070,-1.16e+08),
( 1.073,-6.68e+08),
( 1.077,-8.78e+08),
( 1.080,-8.85e+08),
( 1.083,-6.34e+08),
( 1.087,-1.87e+08),
( 1.090, 2.25e+08),
( 1.094,-1.65e+08),
( 1.097,-2.90e+08),
( 1.100,-1.39e+08),
( 1.104,-6.66e+08),
( 1.107,-8.27e+08),
( 1.110,-9.07e+08),
( 1.114,-1.92e+08),
( 1.117,-1.21e+08),
( 1.120, 1.88e+08),
( 1.124, 3.18e+08),
( 1.127, 2.69e+08),
( 1.131, 5.50e+08),
( 1.134, 7.35e+08),
( 1.137, 6.59e+08),
( 1.141, 8.89e+07),
( 1.144,-5.33e+08),
( 1.147,-7.07e+08),
( 1.151,-1.05e+09),
( 1.154,-1.43e+09),
( 1.158,-4.99e+08),
( 1.161,-6.23e+08),
( 1.164,-3.36e+08),
( 1.168,-3.04e+08),
( 1.171, 1.86e+07),
( 1.175,-1.23e+08),
( 1.178,-5.99e+08),
( 1.181, 4.65e+07),
( 1.185,-1.87e+08),
( 1.188,-1.72e+08),
( 1.191,-1.88e+08),
( 1.195,-1.63e+08),
( 1.198,-3.50e+08),
( 1.201,-9.63e+08),
( 1.205,-6.50e+08),
( 1.208,-3.13e+08),
( 1.212,-3.34e+08),
( 1.215, 1.12e+08),
( 1.218, 2.88e+08),
( 1.222, 2.38e+08),
( 1.225,-8.30e+07),
( 1.229,-1.88e+08),
( 1.232, 6.43e+08),
( 1.235, 1.11e+09),
( 1.239, 1.79e+08),
( 1.242,-3.89e+07),
( 1.245, 9.59e+08),
( 1.249, 1.36e+09),
( 1.252, 4.29e+08),
( 1.255, 1.68e+08),
( 1.259,-9.04e+06),
( 1.262, 2.96e+08),
( 1.266,-1.25e+08),
( 1.269,-4.60e+08),
( 1.272,-7.35e+07),
( 1.276,-3.86e+07),
( 1.279, 2.19e+08),
( 1.282, 4.63e+08),
( 1.286, 1.24e+08),
( 1.289,-1.04e+07),
( 1.293,-2.34e+08),
( 1.296, 4.62e+08),
( 1.299, 1.11e+09),
( 1.303, 1.01e+09),
( 1.306, 2.54e+08),
( 1.310,-5.69e+08),
( 1.313,-7.56e+08),
( 1.316,-7.81e+08),
( 1.320,-9.10e+08),
( 1.323, 1.12e+08),
( 1.326, 4.59e+08),
( 1.330, 7.95e+08),
( 1.333, 6.17e+08),
( 1.336,-9.09e+07),
( 1.340, 1.28e+08),
( 1.343,-3.76e+07),
( 1.347, 2.22e+08),
( 1.350, 4.23e+08),
( 1.353, 5.40e+08),
( 1.357, 6.69e+08),
( 1.360, 1.11e+09),
( 1.364, 1.05e+09),
( 1.367, 5.70e+08),
( 1.370, 5.16e+08),
( 1.374, 6.04e+08),
( 1.377, 2.49e+08),
( 1.380, 5.29e+08),
( 1.384, 9.63e+08),
( 1.387, 2.33e+08),
( 1.390,-3.59e+08),
( 1.394,-6.32e+08),
( 1.397,-4.71e+08),
( 1.401,-2.12e+08),
( 1.404,-2.89e+08),
( 1.407,-1.26e+08),
( 1.411, 5.13e+08),
( 1.414, 5.70e+08),
( 1.417, 2.55e+07),
( 1.421,-9.05e+07),
( 1.424, 2.28e+07),
( 1.428, 2.26e+08),
( 1.431, 2.41e+08),
( 1.434,-3.66e+07),
( 1.438,-8.04e+07),
( 1.441, 9.19e+07),
( 1.445, 1.11e+08),
( 1.448, 3.76e+08),
( 1.451,-1.41e+08),
( 1.455,-7.15e+07),
( 1.458,-2.69e+08),
( 1.461,-4.90e+08),
( 1.465,-1.83e+08),
( 1.468, 2.75e+08),
( 1.471, 4.47e+08),
( 1.475, 3.85e+08),
( 1.478,-1.79e+08),
( 1.482,-1.47e+08),
( 1.485, 3.18e+08),
( 1.488,-1.89e+07),
( 1.492, 2.41e+08),
( 1.495,-1.28e+08),
( 1.499, 4.26e+08),
( 1.502, 3.14e+08),
( 1.505, 2.29e+08),
( 1.509, 4.07e+08),
( 1.512,-8.86e+07),
( 1.515,-4.68e+07),
( 1.519, 1.61e+08),
( 1.522,-2.30e+08),
( 1.525, 3.34e+07),
( 1.529, 3.50e+08),
( 1.532, 2.05e+07),
( 1.536,-4.84e+08),
( 1.539,-2.02e+08),
( 1.542,-6.41e+08),
( 1.546,-1.02e+09),
( 1.549,-8.85e+08),
( 1.552,-4.56e+08),
( 1.556, 2.09e+07),
( 1.559, 2.60e+08),
( 1.563, 3.93e+07),
( 1.566, 1.86e+08),
( 1.569, 4.73e+08),
( 1.573, 1.22e+08),
( 1.576, 3.05e+08),
( 1.580,-1.10e+08),
( 1.583,-4.23e+08),
( 1.586,-5.25e+08),
( 1.590,-3.22e+08),
( 1.593, 9.45e+07),
( 1.596, 2.41e+08),
( 1.600, 2.04e+08),
( 1.603,-1.21e+08),
( 1.606,-2.66e+08),
( 1.610, 1.13e+08),
( 1.613, 1.96e+07),
( 1.617,-6.28e+08),
( 1.620,-3.22e+08),
( 1.623,-2.68e+08),
( 1.627,-3.11e+08),
( 1.630,-5.87e+08),
( 1.634,-4.15e+08),
( 1.637,-3.20e+08),
( 1.640, 3.83e+08),
( 1.644, 4.34e+08),
( 1.647, 3.23e+08),
( 1.650,-2.77e+08),
( 1.654,-2.87e+08),
( 1.657,-3.99e+07),
( 1.660, 7.48e+07),
( 1.664,-6.98e+07),
( 1.667,-4.30e+08),
( 1.671,-6.20e+07),
( 1.674, 5.55e+08),
( 1.677, 6.90e+08),
( 1.681, 5.83e+08),
( 1.684, 8.94e+08),
( 1.687, 4.43e+08),
( 1.691,-1.41e+08),
( 1.694,-2.40e+08),
( 1.698,-9.91e+07),
( 1.701,-6.75e+08),
( 1.704,-4.01e+08),
( 1.708, 8.43e+07),
( 1.711,-3.92e+08),
( 1.715,-3.62e+08),
( 1.718,-2.20e+08),
( 1.721,-2.71e+08),
( 1.725,-2.96e+08),
( 1.728,-1.89e+07),
( 1.731, 9.84e+07),
( 1.735, 3.08e+08),
( 1.738, 2.59e+08),
( 1.741, 2.16e+08),
( 1.745, 2.04e+08),
( 1.748,-1.91e+08),
( 1.752, 1.28e+08),
( 1.755,-1.44e+08),
( 1.758,-1.50e+08),
( 1.762,-2.12e+08),
( 1.765, 7.25e+07),
( 1.769, 3.66e+07),
( 1.772,-4.63e+08),
( 1.775,-1.08e+09),
( 1.779,-7.40e+08),
( 1.782,-2.62e+08),
( 1.785,-3.58e+08),
( 1.789,-9.45e+07),
( 1.792, 7.51e+07),
( 1.795, 3.73e+08),
( 1.799, 3.58e+08),
( 1.802,-1.37e+08),
( 1.806,-4.12e+08),
( 1.809,-4.07e+08),
( 1.812, 8.07e+07),
( 1.816, 1.73e+08),
( 1.819, 2.92e+08),
( 1.822, 2.58e+08),
( 1.826, 1.75e+08),
( 1.829, 3.61e+08),
( 1.833, 3.50e+08),
( 1.836, 2.44e+08),
( 1.839, 6.84e+08),
( 1.843,-9.37e+06),
( 1.846,-3.53e+08),
( 1.850,-6.36e+08),
( 1.853,-1.41e+08),
( 1.856,-1.38e+08),
( 1.860,-8.45e+08),
( 1.863,-6.16e+08),
( 1.866,-6.83e+08),
( 1.870,-3.11e+08),
( 1.873,-4.70e+08),
( 1.876,-8.81e+08),
( 1.880,-7.53e+08),
( 1.883, 3.75e+08),
( 1.887, 4.81e+08),
( 1.890, 8.66e+08),
( 1.893, 4.13e+08),
( 1.897, 2.82e+08),
( 1.900, 2.23e+08),
( 1.904, 1.98e+08),
( 1.907,-1.14e+08),
( 1.910,-9.52e+07),
( 1.914, 1.17e+08),
( 1.917, 1.02e+08),
( 1.920,-1.95e+08),
( 1.924,-4.04e+08),
( 1.927, 1.14e+08),
( 1.931,-3.76e+08),
( 1.934,-5.28e+08),
( 1.937,-3.94e+08),
( 1.941,-2.07e+08),
( 1.944,-1.47e+08),
( 1.947, 2.04e+08),
( 1.951, 6.00e+07),
( 1.954,-4.44e+08),
( 1.957,-6.23e+07),
( 1.961, 8.99e+07),
( 1.964,-2.49e+08),
( 1.968, 2.95e+08),
( 1.971, 7.66e+08),
( 1.974, 5.64e+08),
( 1.978,-3.94e+08),
( 1.981,-3.80e+08),
( 1.985, 1.70e+08),
( 1.988, 4.21e+08),
( 1.991, 5.04e+08),
( 1.995,-2.51e+07),
( 1.998, 3.22e+08)]
