Bolide Detection Notification: 1999-228

At 05:18:20 UT on 16 Aug 1999, sensors aboard U. S. Government satellites recorded
the flash signature of a large meteoroid entry into the atmosphere. Location of the
flash  was Lat 35.0N, Lon 107.2W.

Based upon the visible-light intensity-time signature, peak brightness of the flash
was  determined to be approximately 6.7E9 watts/steradian, and total radiated flash
energy  3.6E10 joules (6000K blackbody model).

Intensity-time signature of the event and integrated intensity are depicted on the
plots  below. On the intensity-time plot, one count on vertical axis corresponds to
2.35E8  watts/steradian. On the integrated intensity plot, one count represents
2.96E9 joules  radiated energy.

Peak Intensity = 6.72e+09 watts/steradian
Total Energy   = 3.66e+10 joules

Intensity=[
(-1.097,-2.05e+08),
(-1.093, 8.21e+05),
(-1.090, 5.63e+07),
(-1.087, 1.76e+08),
(-1.083, 3.95e+07),
(-1.080,-1.89e+08),
(-1.077,-4.93e+07),
(-1.073, 1.65e+08),
(-1.070, 2.43e+08),
(-1.067,-6.82e+06),
(-1.063,-6.94e+07),
(-1.060,-5.62e+07),
(-1.056, 8.22e+06),
(-1.053, 1.40e+08),
(-1.050,-7.21e+07),
(-1.046,-3.32e+08),
(-1.043,-2.78e+07),
(-1.039, 4.57e+07),
(-1.036, 1.18e+08),
(-1.033,-8.78e+07),
(-1.029,-4.71e+08),
(-1.026,-7.65e+08),
(-1.023,-3.28e+08),
(-1.019,-1.67e+08),
(-1.016,-1.69e+08),
(-1.013,-2.59e+08),
(-1.009,-1.50e+08),
(-1.006,-1.97e+08),
(-1.002,-9.21e+07),
(-0.999, 1.65e+08),
(-0.996,-1.14e+08),
(-0.992, 1.28e+08),
(-0.989, 3.19e+07),
(-0.985, 4.51e+07),
(-0.982, 5.22e+07),
(-0.979, 1.94e+08),
(-0.975, 1.69e+08),
(-0.972, 2.99e+08),
(-0.969, 1.32e+08),
(-0.965,-2.49e+08),
(-0.962,-1.56e+08),
(-0.959,-2.11e+08),
(-0.955, 4.96e+07),
(-0.952,-1.81e+08),
(-0.948,-8.73e+07),
(-0.945,-1.75e+08),
(-0.942,-5.57e+08),
(-0.938,-1.31e+08),
(-0.935, 1.76e+08),
(-0.931, 2.00e+08),
(-0.928, 7.26e+08),
(-0.925, 7.16e+08),
(-0.921, 7.87e+08),
(-0.918, 5.25e+08),
(-0.915, 5.00e+08),
(-0.911, 2.92e+08),
(-0.908, 2.95e+08),
(-0.905, 1.35e+08),
(-0.901, 2.67e+08),
(-0.898, 7.79e+08),
(-0.894, 4.96e+08),
(-0.891, 3.84e+08),
(-0.888, 6.57e+07),
(-0.884, 3.02e+08),
(-0.881, 2.64e+08),
(-0.877, 2.97e+08),
(-0.874, 3.76e+07),
(-0.871,-1.70e+08),
(-0.867, 1.51e+08),
(-0.864, 4.29e+08),
(-0.861, 1.08e+07),
(-0.857,-3.03e+08),
(-0.854, 1.59e+08),
(-0.851, 1.10e+07),
(-0.847, 7.90e+07),
(-0.844,-1.28e+08),
(-0.840, 9.03e+05),
(-0.837, 8.38e+07),
(-0.834, 2.72e+08),
(-0.830, 4.01e+07),
(-0.827,-1.81e+08),
(-0.823, 1.53e+08),
(-0.820, 2.51e+07),
(-0.817, 2.52e+08),
(-0.813,-5.36e+07),
(-0.810, 3.29e+08),
(-0.807, 3.33e+08),
(-0.803, 3.27e+08),
(-0.800, 5.66e+08),
(-0.797, 8.13e+08),
(-0.793, 8.47e+08),
(-0.790, 1.10e+09),
(-0.786, 9.40e+08),
(-0.783, 8.12e+08),
(-0.780, 1.15e+09),
(-0.776, 1.09e+09),
(-0.773, 9.11e+08),
(-0.769, 1.09e+09),
(-0.766, 1.44e+09),
(-0.763, 1.35e+09),
(-0.759, 8.52e+08),
(-0.756, 7.97e+08),
(-0.753, 1.27e+09),
(-0.749, 1.35e+09),
(-0.746, 8.79e+08),
(-0.743, 5.47e+08),
(-0.739, 5.33e+08),
(-0.736, 9.83e+07),
(-0.732, 2.21e+08),
(-0.729, 6.88e+08),
(-0.726, 1.31e+08),
(-0.722, 3.78e+08),
(-0.719, 2.87e+08),
(-0.715, 5.01e+07),
(-0.712, 1.15e+07),
(-0.709,-1.14e+08),
(-0.705, 1.92e+08),
(-0.702, 5.96e+08),
(-0.699, 3.51e+08),
(-0.695, 4.62e+08),
(-0.692, 5.58e+08),
(-0.689, 5.51e+08),
(-0.685, 9.77e+08),
(-0.682, 1.47e+09),
(-0.678, 1.34e+09),
(-0.675, 1.39e+09),
(-0.672, 1.17e+09),
(-0.668, 1.39e+09),
(-0.665, 1.33e+09),
(-0.661, 9.41e+08),
(-0.658, 1.40e+09),
(-0.655, 1.84e+09),
(-0.651, 1.70e+09),
(-0.648, 1.73e+09),
(-0.645, 1.55e+09),
(-0.641, 1.27e+09),
(-0.638, 1.54e+09),
(-0.635, 1.71e+09),
(-0.631, 1.58e+09),
(-0.628, 1.30e+09),
(-0.624, 1.54e+09),
(-0.621, 1.42e+09),
(-0.618, 1.35e+09),
(-0.614, 1.27e+09),
(-0.611, 1.23e+09),
(-0.607, 1.22e+09),
(-0.604, 1.14e+09),
(-0.601, 5.26e+08),
(-0.597, 5.16e+08),
(-0.594, 7.15e+08),
(-0.591, 9.52e+08),
(-0.587, 9.78e+08),
(-0.584, 9.38e+08),
(-0.581, 8.18e+08),
(-0.577, 6.46e+08),
(-0.574, 4.79e+08),
(-0.570, 5.05e+08),
(-0.567, 9.10e+08),
(-0.564, 1.11e+09),
(-0.560, 1.08e+09),
(-0.557, 1.19e+09),
(-0.553, 1.08e+09),
(-0.550, 1.24e+09),
(-0.547, 1.23e+09),
(-0.543, 9.40e+08),
(-0.540, 7.57e+08),
(-0.537, 8.59e+08),
(-0.533, 5.96e+08),
(-0.530, 8.76e+08),
(-0.527, 1.07e+09),
(-0.523, 8.36e+08),
(-0.520, 6.26e+08),
(-0.516, 6.00e+08),
(-0.513, 9.03e+08),
(-0.510, 9.45e+08),
(-0.506, 7.75e+08),
(-0.503, 4.13e+08),
(-0.499, 9.09e+08),
(-0.496, 8.70e+08),
(-0.493, 7.38e+08),
(-0.489, 7.85e+08),
(-0.486, 7.59e+08),
(-0.483, 8.31e+08),
(-0.479, 7.98e+08),
(-0.476, 2.26e+08),
(-0.473, 5.41e+08),
(-0.469, 4.50e+08),
(-0.466, 4.52e+07),
(-0.462, 4.11e+08),
(-0.459, 6.82e+08),
(-0.456, 5.92e+08),
(-0.452, 1.16e+09),
(-0.449, 1.38e+09),
(-0.445, 1.36e+09),
(-0.442, 1.08e+09),
(-0.439, 1.39e+09),
(-0.435, 1.31e+09),
(-0.432, 1.48e+09),
(-0.429, 1.60e+09),
(-0.425, 9.47e+08),
(-0.422, 5.33e+08),
(-0.419, 9.02e+08),
(-0.415, 6.37e+08),
(-0.412, 5.44e+08),
(-0.408, 5.25e+08),
(-0.405, 4.62e+08),
(-0.402, 1.33e+09),
(-0.398, 1.75e+09),
(-0.395, 1.84e+09),
(-0.391, 1.45e+09),
(-0.388, 1.54e+09),
(-0.385, 1.46e+09),
(-0.381, 1.31e+09),
(-0.378, 1.50e+09),
(-0.375, 1.57e+09),
(-0.371, 1.36e+09),
(-0.368, 1.58e+09),
(-0.365, 1.56e+09),
(-0.361, 1.55e+09),
(-0.358, 1.57e+09),
(-0.354, 1.80e+09),
(-0.351, 1.42e+09),
(-0.348, 1.42e+09),
(-0.344, 1.42e+09),
(-0.341, 1.22e+09),
(-0.337, 1.29e+09),
(-0.334, 1.03e+09),
(-0.331, 1.14e+09),
(-0.327, 1.18e+09),
(-0.324, 1.19e+09),
(-0.321, 1.45e+09),
(-0.317, 1.82e+09),
(-0.314, 2.01e+09),
(-0.311, 2.28e+09),
(-0.307, 2.47e+09),
(-0.304, 2.42e+09),
(-0.300, 2.26e+09),
(-0.297, 2.27e+09),
(-0.294, 2.70e+09),
(-0.290, 2.51e+09),
(-0.287, 2.00e+09),
(-0.283, 2.40e+09),
(-0.280, 2.46e+09),
(-0.277, 2.26e+09),
(-0.273, 2.41e+09),
(-0.270, 2.67e+09),
(-0.267, 2.67e+09),
(-0.263, 2.49e+09),
(-0.260, 2.50e+09),
(-0.257, 2.48e+09),
(-0.253, 2.79e+09),
(-0.250, 2.80e+09),
(-0.246, 2.45e+09),
(-0.243, 2.62e+09),
(-0.240, 2.08e+09),
(-0.236, 2.19e+09),
(-0.233, 2.76e+09),
(-0.229, 3.13e+09),
(-0.226, 3.08e+09),
(-0.223, 3.01e+09),
(-0.219, 3.25e+09),
(-0.216, 2.67e+09),
(-0.213, 2.66e+09),
(-0.209, 2.84e+09),
(-0.206, 3.12e+09),
(-0.203, 2.79e+09),
(-0.199, 2.58e+09),
(-0.196, 2.16e+09),
(-0.192, 2.18e+09),
(-0.189, 2.69e+09),
(-0.186, 3.24e+09),
(-0.182, 3.57e+09),
(-0.179, 3.42e+09),
(-0.175, 3.22e+09),
(-0.172, 2.60e+09),
(-0.169, 2.53e+09),
(-0.165, 2.81e+09),
(-0.162, 2.24e+09),
(-0.159, 2.11e+09),
(-0.155, 2.09e+09),
(-0.152, 1.95e+09),
(-0.149, 1.82e+09),
(-0.145, 1.82e+09),
(-0.142, 1.59e+09),
(-0.138, 1.44e+09),
(-0.135, 1.89e+09),
(-0.132, 2.13e+09),
(-0.128, 1.79e+09),
(-0.125, 1.30e+09),
(-0.121, 1.07e+09),
(-0.118, 1.22e+09),
(-0.115, 1.32e+09),
(-0.111, 1.38e+09),
(-0.108, 1.72e+09),
(-0.105, 1.51e+09),
(-0.101, 1.17e+09),
(-0.098, 1.30e+09),
(-0.095, 1.41e+09),
(-0.091, 1.34e+09),
(-0.088, 1.64e+09),
(-0.084, 1.33e+09),
(-0.081, 1.46e+09),
(-0.078, 1.66e+09),
(-0.074, 1.91e+09),
(-0.071, 2.19e+09),
(-0.067, 2.13e+09),
(-0.064, 2.01e+09),
(-0.061, 2.14e+09),
(-0.057, 1.90e+09),
(-0.054, 1.34e+09),
(-0.051, 1.09e+09),
(-0.047, 1.33e+09),
(-0.044, 1.67e+09),
(-0.041, 1.80e+09),
(-0.037, 1.34e+09),
(-0.034, 1.30e+09),
(-0.030, 1.72e+09),
(-0.027, 2.16e+09),
(-0.024, 2.21e+09),
(-0.020, 2.57e+09),
(-0.017, 2.61e+09),
(-0.013, 2.77e+09),
(-0.010, 3.24e+09),
(-0.007, 3.54e+09),
(-0.003, 4.48e+09),
( 0.000, 5.35e+09),
( 0.003, 5.91e+09),
( 0.007, 5.91e+09),
( 0.010, 5.81e+09),
( 0.013, 5.29e+09),
( 0.017, 4.60e+09),
( 0.020, 4.07e+09),
( 0.024, 3.80e+09),
( 0.027, 3.67e+09),
( 0.030, 3.60e+09),
( 0.034, 3.87e+09),
( 0.037, 4.14e+09),
( 0.041, 4.09e+09),
( 0.044, 4.07e+09),
( 0.047, 4.38e+09),
( 0.051, 4.59e+09),
( 0.054, 4.31e+09),
( 0.057, 4.09e+09),
( 0.061, 4.06e+09),
( 0.064, 3.57e+09),
( 0.067, 3.32e+09),
( 0.071, 3.74e+09),
( 0.074, 3.78e+09),
( 0.078, 3.77e+09),
( 0.081, 3.87e+09),
( 0.084, 4.27e+09),
( 0.088, 3.96e+09),
( 0.091, 4.08e+09),
( 0.095, 4.50e+09),
( 0.098, 3.94e+09),
( 0.101, 3.44e+09),
( 0.105, 3.42e+09),
( 0.108, 3.44e+09),
( 0.111, 4.10e+09),
( 0.115, 4.44e+09),
( 0.118, 4.77e+09),
( 0.121, 4.70e+09),
( 0.125, 4.72e+09),
( 0.128, 4.64e+09),
( 0.132, 3.71e+09),
( 0.135, 3.82e+09),
( 0.138, 3.93e+09),
( 0.142, 3.86e+09),
( 0.145, 3.89e+09),
( 0.149, 4.11e+09),
( 0.152, 4.03e+09),
( 0.155, 4.50e+09),
( 0.159, 4.15e+09),
( 0.162, 4.02e+09),
( 0.165, 4.46e+09),
( 0.169, 4.76e+09),
( 0.172, 5.21e+09),
( 0.175, 5.60e+09),
( 0.179, 6.05e+09),
( 0.182, 6.05e+09),
( 0.186, 6.54e+09),
( 0.189, 6.72e+09),
( 0.192, 6.30e+09),
( 0.196, 6.18e+09),
( 0.199, 6.02e+09),
( 0.203, 5.93e+09),
( 0.206, 6.07e+09),
( 0.209, 6.28e+09),
( 0.213, 6.05e+09),
( 0.216, 5.56e+09),
( 0.219, 5.02e+09),
( 0.223, 4.22e+09),
( 0.226, 4.40e+09),
( 0.229, 4.40e+09),
( 0.233, 4.52e+09),
( 0.236, 4.64e+09),
( 0.240, 4.30e+09),
( 0.243, 4.02e+09),
( 0.246, 3.95e+09),
( 0.250, 4.14e+09),
( 0.253, 4.05e+09),
( 0.257, 3.82e+09),
( 0.260, 3.96e+09),
( 0.263, 4.17e+09),
( 0.267, 4.02e+09),
( 0.270, 4.09e+09),
( 0.273, 4.22e+09),
( 0.277, 3.84e+09),
( 0.280, 3.96e+09),
( 0.283, 3.86e+09),
( 0.287, 3.27e+09),
( 0.290, 2.99e+09),
( 0.294, 2.92e+09),
( 0.297, 2.57e+09),
( 0.300, 2.22e+09),
( 0.304, 1.90e+09),
( 0.307, 1.74e+09),
( 0.311, 1.95e+09),
( 0.314, 1.98e+09),
( 0.317, 1.75e+09),
( 0.321, 1.63e+09),
( 0.324, 2.01e+09),
( 0.327, 2.16e+09),
( 0.331, 2.15e+09),
( 0.334, 2.12e+09),
( 0.337, 2.30e+09),
( 0.341, 2.53e+09),
( 0.344, 3.00e+09),
( 0.348, 3.58e+09),
( 0.351, 3.27e+09),
( 0.354, 3.04e+09),
( 0.358, 2.63e+09),
( 0.361, 2.35e+09),
( 0.365, 2.42e+09),
( 0.368, 2.14e+09),
( 0.371, 2.06e+09),
( 0.375, 2.19e+09),
( 0.378, 1.60e+09),
( 0.381, 1.15e+09),
( 0.385, 9.61e+08),
( 0.388, 1.31e+09),
( 0.391, 9.98e+08),
( 0.395, 8.77e+08),
( 0.398, 1.21e+09),
( 0.402, 1.24e+09),
( 0.405, 1.43e+09),
( 0.408, 1.52e+09),
( 0.412, 1.74e+09),
( 0.415, 1.81e+09),
( 0.419, 2.07e+09),
( 0.422, 1.85e+09),
( 0.425, 1.35e+09),
( 0.429, 1.35e+09),
( 0.432, 9.26e+08),
( 0.435, 6.60e+08),
( 0.439, 2.27e+08),
( 0.442, 3.82e+07),
( 0.445, 3.78e+08),
( 0.449, 2.75e+08),
( 0.452, 6.84e+07),
( 0.456, 7.41e+08),
( 0.459, 1.20e+09),
( 0.462, 1.41e+09),
( 0.466, 1.75e+09),
( 0.469, 1.28e+09),
( 0.473, 9.14e+08),
( 0.476, 8.97e+08),
( 0.479, 8.15e+08),
( 0.483, 6.87e+08),
( 0.486, 2.05e+08),
( 0.489, 5.02e+08),
( 0.493, 6.87e+08),
( 0.496, 1.29e+08),
( 0.499, 1.20e+08),
( 0.503,-3.69e+07),
( 0.506,-1.44e+08),
( 0.510, 1.77e+08),
( 0.513, 2.06e+08),
( 0.516, 1.14e+08),
( 0.520,-3.22e+08),
( 0.523,-6.70e+07),
( 0.527,-4.46e+08),
( 0.530,-2.02e+08),
( 0.533,-3.48e+08),
( 0.537,-9.47e+08),
( 0.540,-5.58e+08),
( 0.543, 1.88e+07),
( 0.547,-2.04e+08),
( 0.550,-1.43e+08),
( 0.553, 4.11e+06),
( 0.557, 3.84e+07),
( 0.560,-2.03e+08),
( 0.564,-4.98e+08),
( 0.567,-8.29e+08),
( 0.570,-4.29e+08),
( 0.574,-5.59e+08),
( 0.577,-1.01e+09),
( 0.581,-1.07e+09),
( 0.584,-1.10e+09),
( 0.587,-9.73e+08),
( 0.591,-8.44e+08),
( 0.594,-5.59e+08),
( 0.597,-2.59e+08),
( 0.601,-4.06e+08),
( 0.604,-3.19e+08),
( 0.607,-2.52e+08),
( 0.611,-1.57e+08),
( 0.614, 2.37e+08),
( 0.618, 7.13e+08),
( 0.621, 4.27e+08),
( 0.624, 4.37e+08),
( 0.628, 3.96e+08),
( 0.631, 8.07e+07),
( 0.635, 3.17e+08),
( 0.638, 3.50e+08),
( 0.641, 1.92e+08),
( 0.645, 3.64e+07),
( 0.648,-6.71e+08),
( 0.651,-4.17e+08),
( 0.655,-3.18e+08),
( 0.658,-2.55e+08),
( 0.661,-3.79e+08),
( 0.665,-2.05e+08),
( 0.668,-1.91e+08),
( 0.672,-1.95e+08),
( 0.675,-5.52e+08),
( 0.678,-6.85e+08),
( 0.682,-6.56e+08),
( 0.685,-5.56e+08),
( 0.689,-5.45e+08),
( 0.692,-5.36e+08),
( 0.695,-5.18e+08),
( 0.699,-1.53e+08),
( 0.702, 1.34e+08),
( 0.705, 1.81e+08),
( 0.709, 9.69e+07),
( 0.712,-2.98e+08),
( 0.715,-1.81e+08),
( 0.719, 2.23e+08),
( 0.722, 1.86e+08),
( 0.726, 5.86e+08),
( 0.729, 6.24e+08),
( 0.732,-9.29e+06),
( 0.736, 4.83e+07),
( 0.739, 1.56e+08),
( 0.743, 3.23e+08),
( 0.746, 4.98e+08),
( 0.749, 1.58e+08),
( 0.753,-3.12e+06),
( 0.756,-1.24e+08),
( 0.759, 5.75e+06),
( 0.763, 1.13e+08),
( 0.766, 4.26e+08),
( 0.769, 4.41e+08),
( 0.773, 4.93e+06),
( 0.776, 3.81e+08),
( 0.780, 3.13e+08),
( 0.783,-1.76e+08),
( 0.786,-2.67e+08),
( 0.790,-1.68e+08),
( 0.793,-3.02e+08),
( 0.797,-4.09e+08),
( 0.800,-1.87e+08),
( 0.803,-2.11e+08),
( 0.807, 1.94e+08),
( 0.810, 1.66e+08),
( 0.813,-2.76e+08),
( 0.817,-1.07e+08),
( 0.820,-3.82e+08),
( 0.823,-2.10e+08),
( 0.827, 1.45e+08),
( 0.830, 2.26e+08),
( 0.834,-1.39e+08),
( 0.837,-3.80e+08),
( 0.840,-2.97e+08),
( 0.844,-4.16e+08),
( 0.847,-1.44e+07),
( 0.851,-2.37e+07),
( 0.854,-4.48e+07),
( 0.857,-2.39e+08),
( 0.861, 1.52e+08),
( 0.864, 4.58e+07),
( 0.867, 1.88e+08),
( 0.871, 1.21e+07),
( 0.874, 8.67e+07),
( 0.877,-1.44e+08),
( 0.881, 1.37e+08),
( 0.884, 4.14e+08),
( 0.888, 3.76e+07),
( 0.891,-1.77e+08),
( 0.894,-4.46e+08),
( 0.898, 1.21e+08)]
