Bolide Detection Notification: 2004-138

At 02:08:27 UT on 17 May 2004, sensors aboard U. S. Government satellites recorded
the flash signature of a large meteoroid entry into the atmosphere. Location of the
flash  was Lat 19.0S, Lon 27.9E.

Based upon the visible-light intensity-time signature, peak brightness of the flash
was  determined to be approximately 4.6E9 watts/steradian, and total radiated flash
energy  5.5E10 joules (6000K blackbody model).

Intensity-time signature of the event and integrated intensity are depicted on the
plots  below. On the intensity-time plot, one count on vertical axis corresponds to
2.35E8  watts/steradian. On the integrated intensity plot, one count represents
2.96E9 joules  radiated energy.

Peak Intensity = 4.59e+09 watts/steradian
Total Energy   = 5.63e+10 joules

Intensity=[
(-2.400,-1.84e+08),
(-2.396, 2.45e+08),
(-2.393, 3.33e+08),
(-2.390, 1.09e+08),
(-2.386, 8.93e+07),
(-2.383, 1.09e+08),
(-2.379, 1.10e+08),
(-2.376, 1.76e+08),
(-2.373, 1.55e+08),
(-2.369,-2.35e+08),
(-2.366,-3.62e+08),
(-2.362,-5.56e+08),
(-2.359,-2.52e+08),
(-2.356, 1.76e+08),
(-2.352,-1.08e+08),
(-2.349,-1.92e+08),
(-2.346,-3.54e+08),
(-2.342,-2.28e+08),
(-2.339,-3.62e+08),
(-2.335,-5.43e+08),
(-2.332,-6.81e+08),
(-2.329,-5.39e+08),
(-2.325,-3.58e+07),
(-2.322,-3.21e+08),
(-2.319,-9.44e+08),
(-2.315,-6.28e+08),
(-2.312,-2.91e+08),
(-2.309,-2.34e+08),
(-2.305,-3.42e+08),
(-2.302,-7.29e+08),
(-2.298,-5.57e+08),
(-2.295,-3.17e+08),
(-2.292,-3.74e+08),
(-2.288,-2.31e+08),
(-2.285, 1.26e+07),
(-2.282,-1.33e+08),
(-2.278,-6.45e+08),
(-2.275,-8.74e+08),
(-2.271,-4.61e+08),
(-2.268,-6.85e+08),
(-2.265,-6.93e+08),
(-2.261,-1.01e+09),
(-2.258,-9.13e+08),
(-2.254,-1.39e+09),
(-2.251,-1.09e+09),
(-2.248,-1.40e+09),
(-2.244,-1.26e+09),
(-2.241,-9.88e+08),
(-2.238,-9.26e+08),
(-2.234,-5.88e+08),
(-2.231,-1.08e+09),
(-2.227,-9.54e+08),
(-2.224,-8.47e+08),
(-2.221,-6.53e+08),
(-2.217,-5.39e+08),
(-2.214,-2.00e+08),
(-2.211,-1.94e+07),
(-2.207,-3.22e+08),
(-2.204,-5.35e+08),
(-2.201,-3.83e+08),
(-2.197,-4.48e+08),
(-2.194,-6.55e+08),
(-2.190,-1.04e+09),
(-2.187,-1.08e+09),
(-2.184,-1.00e+09),
(-2.180,-1.16e+09),
(-2.177,-1.08e+09),
(-2.174,-1.06e+09),
(-2.170,-9.97e+08),
(-2.167,-9.05e+08),
(-2.163,-6.77e+08),
(-2.160,-5.68e+08),
(-2.157,-2.78e+08),
(-2.153,-5.71e+08),
(-2.150,-4.81e+08),
(-2.146,-3.53e+08),
(-2.143, 5.16e+07),
(-2.140,-1.90e+08),
(-2.136,-5.95e+08),
(-2.133,-7.61e+08),
(-2.130,-6.96e+08),
(-2.126,-4.50e+08),
(-2.123,-4.11e+08),
(-2.119,-7.44e+08),
(-2.116,-3.40e+08),
(-2.113,-1.09e+08),
(-2.109,-1.22e+08),
(-2.106,-6.85e+08),
(-2.103,-5.92e+08),
(-2.099,-6.88e+08),
(-2.096,-2.87e+08),
(-2.093,-9.15e+07),
(-2.089, 4.40e+08),
(-2.086, 1.43e+08),
(-2.082,-5.04e+08),
(-2.079,-1.03e+08),
(-2.076, 1.64e+08),
(-2.072, 3.81e+07),
(-2.069,-2.09e+08),
(-2.066,-4.44e+08),
(-2.062,-6.62e+08),
(-2.059,-9.81e+08),
(-2.055,-9.50e+08),
(-2.052,-6.94e+08),
(-2.049,-6.59e+08),
(-2.045,-6.15e+08),
(-2.042,-4.67e+08),
(-2.038,-2.38e+08),
(-2.035,-4.62e+08),
(-2.032,-4.20e+08),
(-2.028,-3.60e+08),
(-2.025,-7.44e+08),
(-2.022,-6.82e+08),
(-2.018,-3.40e+08),
(-2.015, 5.17e+07),
(-2.011,-1.40e+08),
(-2.008,-3.40e+08),
(-2.005,-4.30e+08),
(-2.001,-5.95e+08),
(-1.998,-6.96e+08),
(-1.995,-6.77e+08),
(-1.991,-3.93e+08),
(-1.988,-3.48e+08),
(-1.985,-9.60e+07),
(-1.981,-3.40e+08),
(-1.978,-5.19e+08),
(-1.974,-2.83e+08),
(-1.971,-2.19e+08),
(-1.968,-5.53e+08),
(-1.964,-4.45e+08),
(-1.961,-5.25e+08),
(-1.958,-2.70e+08),
(-1.954,-2.68e+08),
(-1.951,-4.02e+08),
(-1.947,-4.43e+08),
(-1.944,-1.52e+08),
(-1.941,-2.14e+08),
(-1.937,-2.22e+08),
(-1.934, 8.03e+07),
(-1.930, 4.10e+08),
(-1.927, 1.21e+08),
(-1.924, 8.80e+07),
(-1.920, 6.15e+07),
(-1.917,-1.72e+08),
(-1.914,-5.10e+08),
(-1.910,-5.41e+08),
(-1.907,-6.24e+08),
(-1.903,-6.60e+08),
(-1.900,-4.13e+08),
(-1.897,-5.26e+08),
(-1.893,-8.30e+08),
(-1.890,-5.28e+08),
(-1.887,-2.89e+08),
(-1.883,-7.23e+07),
(-1.880, 8.01e+07),
(-1.877, 1.46e+08),
(-1.873, 7.72e+06),
(-1.870,-1.26e+08),
(-1.866,-2.35e+08),
(-1.863,-1.64e+08),
(-1.860,-6.85e+07),
(-1.856,-3.79e+08),
(-1.853,-9.20e+08),
(-1.850,-9.43e+08),
(-1.846,-9.41e+08),
(-1.843,-7.11e+08),
(-1.839,-6.45e+08),
(-1.836,-3.72e+08),
(-1.833,-7.83e+08),
(-1.829,-3.68e+08),
(-1.826,-4.25e+08),
(-1.822,-2.50e+08),
(-1.819,-3.04e+08),
(-1.816, 3.01e+07),
(-1.812,-1.06e+08),
(-1.809, 1.52e+08),
(-1.806,-1.02e+08),
(-1.802, 3.12e+07),
(-1.799,-4.25e+08),
(-1.795,-2.46e+08),
(-1.792,-4.68e+08),
(-1.789,-9.07e+08),
(-1.785,-6.35e+08),
(-1.782,-4.78e+08),
(-1.779,-6.48e+08),
(-1.775,-5.50e+08),
(-1.772,-7.66e+08),
(-1.769,-5.25e+08),
(-1.765,-4.46e+08),
(-1.762,-6.94e+08),
(-1.758,-2.36e+08),
(-1.755,-5.11e+08),
(-1.752,-6.02e+08),
(-1.748,-1.60e+07),
(-1.745, 3.17e+08),
(-1.742, 3.68e+08),
(-1.738,-4.94e+07),
(-1.735,-3.10e+08),
(-1.731, 2.00e+07),
(-1.728, 1.07e+07),
(-1.725,-2.83e+08),
(-1.721,-3.98e+08),
(-1.718,-8.32e+08),
(-1.714,-1.17e+09),
(-1.711,-1.02e+09),
(-1.708,-4.83e+08),
(-1.704,-6.03e+08),
(-1.701,-5.45e+08),
(-1.698,-4.58e+08),
(-1.694,-4.88e+08),
(-1.691,-2.78e+08),
(-1.687,-3.34e+07),
(-1.684, 1.98e+08),
(-1.681, 4.60e+08),
(-1.677,-5.59e+07),
(-1.674, 1.44e+08),
(-1.671, 6.19e+08),
(-1.667, 3.74e+08),
(-1.664, 2.50e+08),
(-1.661, 4.19e+08),
(-1.657,-2.46e+07),
(-1.654,-3.29e+08),
(-1.650,-2.47e+07),
(-1.647, 1.59e+08),
(-1.644,-1.18e+08),
(-1.640,-5.26e+07),
(-1.637, 1.80e+08),
(-1.634, 3.06e+08),
(-1.630, 4.93e+08),
(-1.627, 2.46e+08),
(-1.623, 2.59e+08),
(-1.620, 3.33e+07),
(-1.617, 9.69e+07),
(-1.613, 4.24e+08),
(-1.610, 2.07e+08),
(-1.606,-2.10e+08),
(-1.603,-4.71e+08),
(-1.600,-1.70e+08),
(-1.596,-2.03e+07),
(-1.593, 1.94e+08),
(-1.590, 5.49e+07),
(-1.586, 2.83e+08),
(-1.583, 3.71e+08),
(-1.579, 2.89e+08),
(-1.576, 2.29e+08),
(-1.573,-3.07e+08),
(-1.569,-3.26e+07),
(-1.566, 2.99e+08),
(-1.563, 6.30e+07),
(-1.559,-2.65e+08),
(-1.556,-2.21e+08),
(-1.553,-6.93e+08),
(-1.549,-5.06e+08),
(-1.546, 7.56e+07),
(-1.542, 9.05e+07),
(-1.539, 1.53e+08),
(-1.536, 4.28e+08),
(-1.532, 1.90e+08),
(-1.529, 1.09e+08),
(-1.526, 7.27e+08),
(-1.522, 9.46e+08),
(-1.519, 5.74e+08),
(-1.515, 5.03e+08),
(-1.512, 8.99e+08),
(-1.509, 6.86e+08),
(-1.505, 4.24e+08),
(-1.502, 2.98e+08),
(-1.498, 2.58e+08),
(-1.495, 2.65e+08),
(-1.492, 2.34e+08),
(-1.488, 4.27e+08),
(-1.485, 4.15e+08),
(-1.482, 3.55e+08),
(-1.478, 4.12e+08),
(-1.475, 7.03e+08),
(-1.471, 4.47e+08),
(-1.468, 1.20e+08),
(-1.465, 5.00e+07),
(-1.461,-1.42e+08),
(-1.458, 5.31e+08),
(-1.455, 5.12e+08),
(-1.451, 2.56e+08),
(-1.448,-7.92e+07),
(-1.445,-2.86e+08),
(-1.441,-3.12e+08),
(-1.438,-1.53e+08),
(-1.434, 6.56e+07),
(-1.431, 6.52e+08),
(-1.428, 5.50e+08),
(-1.424, 2.65e+08),
(-1.421, 2.86e+08),
(-1.418, 6.47e+08),
(-1.414, 7.41e+08),
(-1.411, 6.38e+08),
(-1.407, 5.93e+08),
(-1.404, 1.71e+08),
(-1.401, 3.44e+08),
(-1.397, 4.96e+08),
(-1.394, 1.09e+09),
(-1.390, 1.06e+09),
(-1.387, 7.62e+08),
(-1.384, 8.27e+08),
(-1.380, 1.19e+08),
(-1.377, 1.30e+08),
(-1.374, 4.64e+07),
(-1.370, 4.12e+08),
(-1.367, 6.23e+08),
(-1.363, 9.95e+08),
(-1.360, 6.58e+08),
(-1.357, 5.83e+08),
(-1.353, 7.95e+08),
(-1.350, 9.12e+08),
(-1.347, 5.55e+08),
(-1.343, 3.54e+08),
(-1.340, 6.59e+08),
(-1.337, 8.27e+08),
(-1.333, 7.95e+08),
(-1.330, 8.68e+08),
(-1.326, 1.12e+09),
(-1.323, 9.19e+08),
(-1.320, 7.29e+08),
(-1.316, 6.42e+08),
(-1.313,-5.59e+07),
(-1.310,-1.89e+08),
(-1.306, 6.31e+08),
(-1.303, 8.72e+08),
(-1.299, 7.68e+08),
(-1.296, 9.69e+08),
(-1.293, 3.00e+08),
(-1.289, 4.12e+08),
(-1.286, 9.18e+08),
(-1.282, 8.20e+08),
(-1.279, 8.29e+08),
(-1.276, 6.20e+08),
(-1.272, 6.48e+08),
(-1.269, 7.90e+08),
(-1.266, 4.77e+08),
(-1.262, 5.60e+08),
(-1.259, 6.35e+08),
(-1.255, 7.81e+07),
(-1.252, 2.36e+08),
(-1.249, 1.58e+08),
(-1.245, 4.47e+08),
(-1.242, 4.29e+08),
(-1.239, 7.49e+08),
(-1.235, 8.74e+08),
(-1.232, 1.30e+09),
(-1.229, 1.15e+09),
(-1.225, 7.30e+08),
(-1.222, 9.75e+08),
(-1.218, 9.95e+08),
(-1.215, 7.85e+08),
(-1.212, 8.26e+08),
(-1.208, 7.66e+08),
(-1.205, 2.63e+08),
(-1.202,-2.78e+07),
(-1.198, 4.87e+08),
(-1.195, 3.35e+08),
(-1.191, 5.08e+08),
(-1.188, 5.10e+08),
(-1.185, 6.64e+08),
(-1.181, 5.61e+08),
(-1.178, 4.21e+08),
(-1.174, 2.87e+08),
(-1.171, 5.34e+08),
(-1.168, 9.95e+08),
(-1.164, 1.02e+09),
(-1.161, 1.17e+09),
(-1.158, 1.29e+09),
(-1.154, 1.29e+09),
(-1.151, 9.82e+08),
(-1.147, 1.01e+09),
(-1.144, 1.00e+09),
(-1.141, 9.86e+08),
(-1.137, 1.04e+09),
(-1.134, 1.03e+09),
(-1.131, 6.60e+08),
(-1.127, 8.29e+08),
(-1.124, 1.09e+09),
(-1.121, 9.97e+08),
(-1.117, 1.23e+09),
(-1.114, 1.48e+09),
(-1.110, 1.46e+09),
(-1.107, 1.57e+09),
(-1.104, 1.51e+09),
(-1.100, 1.86e+09),
(-1.097, 1.40e+09),
(-1.094, 1.38e+09),
(-1.090, 1.32e+09),
(-1.087, 1.00e+09),
(-1.083, 1.53e+09),
(-1.080, 2.03e+09),
(-1.077, 2.21e+09),
(-1.073, 2.33e+09),
(-1.070, 2.27e+09),
(-1.066, 2.78e+09),
(-1.063, 3.09e+09),
(-1.060, 3.31e+09),
(-1.056, 2.89e+09),
(-1.053, 2.51e+09),
(-1.050, 2.65e+09),
(-1.046, 2.94e+09),
(-1.043, 2.80e+09),
(-1.039, 2.48e+09),
(-1.036, 2.55e+09),
(-1.033, 2.39e+09),
(-1.029, 2.77e+09),
(-1.026, 3.34e+09),
(-1.023, 3.06e+09),
(-1.019, 3.03e+09),
(-1.016, 3.01e+09),
(-1.013, 3.08e+09),
(-1.009, 3.51e+09),
(-1.006, 3.12e+09),
(-1.002, 3.18e+09),
(-0.999, 3.82e+09),
(-0.996, 4.30e+09),
(-0.992, 4.59e+09),
(-0.989, 4.36e+09),
(-0.986, 3.94e+09),
(-0.982, 3.76e+09),
(-0.979, 3.31e+09),
(-0.975, 3.40e+09),
(-0.972, 3.35e+09),
(-0.969, 3.78e+09),
(-0.965, 3.55e+09),
(-0.962, 3.41e+09),
(-0.958, 3.58e+09),
(-0.955, 3.40e+09),
(-0.952, 3.31e+09),
(-0.948, 3.36e+09),
(-0.945, 3.46e+09),
(-0.942, 3.13e+09),
(-0.938, 3.49e+09),
(-0.935, 3.37e+09),
(-0.931, 3.18e+09),
(-0.928, 3.01e+09),
(-0.925, 3.05e+09),
(-0.921, 3.08e+09),
(-0.918, 3.25e+09),
(-0.915, 3.70e+09),
(-0.911, 3.53e+09),
(-0.908, 3.30e+09),
(-0.905, 3.25e+09),
(-0.901, 3.36e+09),
(-0.898, 3.46e+09),
(-0.894, 3.89e+09),
(-0.891, 4.07e+09),
(-0.888, 4.04e+09),
(-0.884, 3.85e+09),
(-0.881, 3.27e+09),
(-0.878, 3.10e+09),
(-0.874, 3.13e+09),
(-0.871, 3.50e+09),
(-0.867, 3.03e+09),
(-0.864, 2.91e+09),
(-0.861, 3.21e+09),
(-0.857, 2.90e+09),
(-0.854, 2.68e+09),
(-0.850, 2.81e+09),
(-0.847, 3.00e+09),
(-0.844, 3.31e+09),
(-0.840, 3.57e+09),
(-0.837, 3.08e+09),
(-0.834, 2.69e+09),
(-0.830, 2.38e+09),
(-0.827, 2.06e+09),
(-0.823, 2.15e+09),
(-0.820, 2.30e+09),
(-0.817, 2.12e+09),
(-0.813, 2.06e+09),
(-0.810, 2.25e+09),
(-0.807, 2.48e+09),
(-0.803, 1.99e+09),
(-0.800, 2.38e+09),
(-0.797, 2.56e+09),
(-0.793, 2.67e+09),
(-0.790, 2.83e+09),
(-0.786, 3.43e+09),
(-0.783, 3.13e+09),
(-0.780, 2.95e+09),
(-0.776, 3.05e+09),
(-0.773, 2.92e+09),
(-0.770, 2.92e+09),
(-0.766, 2.80e+09),
(-0.763, 2.82e+09),
(-0.759, 2.70e+09),
(-0.756, 2.43e+09),
(-0.753, 2.72e+09),
(-0.749, 2.45e+09),
(-0.746, 2.17e+09),
(-0.742, 2.55e+09),
(-0.739, 2.71e+09),
(-0.736, 2.69e+09),
(-0.732, 2.69e+09),
(-0.729, 2.90e+09),
(-0.726, 3.14e+09),
(-0.722, 3.10e+09),
(-0.719, 2.98e+09),
(-0.715, 3.17e+09),
(-0.712, 3.00e+09),
(-0.709, 3.01e+09),
(-0.705, 3.08e+09),
(-0.702, 3.31e+09),
(-0.699, 3.20e+09),
(-0.695, 2.98e+09),
(-0.692, 3.34e+09),
(-0.689, 3.39e+09),
(-0.685, 3.48e+09),
(-0.682, 3.01e+09),
(-0.678, 3.29e+09),
(-0.675, 3.81e+09),
(-0.672, 3.45e+09),
(-0.668, 2.95e+09),
(-0.665, 3.42e+09),
(-0.662, 3.09e+09),
(-0.658, 3.14e+09),
(-0.655, 2.77e+09),
(-0.651, 2.60e+09),
(-0.648, 2.53e+09),
(-0.645, 2.74e+09),
(-0.641, 3.07e+09),
(-0.638, 2.71e+09),
(-0.634, 3.00e+09),
(-0.631, 2.98e+09),
(-0.628, 2.81e+09),
(-0.624, 3.26e+09),
(-0.621, 2.90e+09),
(-0.618, 2.65e+09),
(-0.614, 2.64e+09),
(-0.611, 2.86e+09),
(-0.607, 3.05e+09),
(-0.604, 2.93e+09),
(-0.601, 2.89e+09),
(-0.597, 3.32e+09),
(-0.594, 3.26e+09),
(-0.591, 3.38e+09),
(-0.587, 3.49e+09),
(-0.584, 3.71e+09),
(-0.581, 3.82e+09),
(-0.577, 3.80e+09),
(-0.574, 3.86e+09),
(-0.570, 4.28e+09),
(-0.567, 4.37e+09),
(-0.564, 4.38e+09),
(-0.560, 4.28e+09),
(-0.557, 4.49e+09),
(-0.554, 4.28e+09),
(-0.550, 4.18e+09),
(-0.547, 4.49e+09),
(-0.543, 4.11e+09),
(-0.540, 3.88e+09),
(-0.537, 4.01e+09),
(-0.533, 3.91e+09),
(-0.530, 4.02e+09),
(-0.526, 3.78e+09),
(-0.523, 4.14e+09),
(-0.520, 3.74e+09),
(-0.516, 3.74e+09),
(-0.513, 4.16e+09),
(-0.510, 3.92e+09),
(-0.506, 3.67e+09),
(-0.503, 3.66e+09),
(-0.499, 3.53e+09),
(-0.496, 3.27e+09),
(-0.493, 3.43e+09),
(-0.489, 3.47e+09),
(-0.486, 3.54e+09),
(-0.483, 3.49e+09),
(-0.479, 3.54e+09),
(-0.476, 3.72e+09),
(-0.473, 3.51e+09),
(-0.469, 3.37e+09),
(-0.466, 3.62e+09),
(-0.462, 3.88e+09),
(-0.459, 3.39e+09),
(-0.456, 3.61e+09),
(-0.452, 3.71e+09),
(-0.449, 3.51e+09),
(-0.446, 3.62e+09),
(-0.442, 3.55e+09),
(-0.439, 3.29e+09),
(-0.435, 3.54e+09),
(-0.432, 3.50e+09),
(-0.429, 3.32e+09),
(-0.425, 3.67e+09),
(-0.422, 4.11e+09),
(-0.418, 3.83e+09),
(-0.415, 3.77e+09),
(-0.412, 3.63e+09),
(-0.408, 3.82e+09),
(-0.405, 3.88e+09),
(-0.402, 4.24e+09),
(-0.398, 4.13e+09),
(-0.395, 3.58e+09),
(-0.391, 3.53e+09),
(-0.388, 3.47e+09),
(-0.385, 3.17e+09),
(-0.381, 3.34e+09),
(-0.378, 3.65e+09),
(-0.375, 4.02e+09),
(-0.371, 4.05e+09),
(-0.368, 3.97e+09),
(-0.365, 3.70e+09),
(-0.361, 3.84e+09),
(-0.358, 3.83e+09),
(-0.354, 3.84e+09),
(-0.351, 3.79e+09),
(-0.348, 3.52e+09),
(-0.344, 3.04e+09),
(-0.341, 3.08e+09),
(-0.338, 2.87e+09),
(-0.334, 3.19e+09),
(-0.331, 3.36e+09),
(-0.327, 2.99e+09),
(-0.324, 3.34e+09),
(-0.321, 3.47e+09),
(-0.317, 3.37e+09),
(-0.314, 2.99e+09),
(-0.310, 3.28e+09),
(-0.307, 3.02e+09),
(-0.304, 2.69e+09),
(-0.300, 2.44e+09),
(-0.297, 2.37e+09),
(-0.294, 2.35e+09),
(-0.290, 2.25e+09),
(-0.287, 2.19e+09),
(-0.283, 2.14e+09),
(-0.280, 1.92e+09),
(-0.277, 1.92e+09),
(-0.273, 1.68e+09),
(-0.270, 1.90e+09),
(-0.267, 2.25e+09),
(-0.263, 2.05e+09),
(-0.260, 1.68e+09),
(-0.257, 1.67e+09),
(-0.253, 1.33e+09),
(-0.250, 1.11e+09),
(-0.246, 7.89e+08),
(-0.243, 1.42e+09),
(-0.240, 1.84e+09),
(-0.236, 1.83e+09),
(-0.233, 2.27e+09),
(-0.230, 2.33e+09),
(-0.226, 2.41e+09),
(-0.223, 2.45e+09),
(-0.219, 2.55e+09),
(-0.216, 2.44e+09),
(-0.213, 2.46e+09),
(-0.209, 2.46e+09),
(-0.206, 2.50e+09),
(-0.202, 2.34e+09),
(-0.199, 2.61e+09),
(-0.196, 2.70e+09),
(-0.192, 2.60e+09),
(-0.189, 2.92e+09),
(-0.186, 2.37e+09),
(-0.182, 2.48e+09),
(-0.179, 2.36e+09),
(-0.175, 2.14e+09),
(-0.172, 2.05e+09),
(-0.169, 1.71e+09),
(-0.165, 1.81e+09),
(-0.162, 2.19e+09),
(-0.159, 2.49e+09),
(-0.155, 2.20e+09),
(-0.152, 2.21e+09),
(-0.149, 2.62e+09),
(-0.145, 2.29e+09),
(-0.142, 2.19e+09),
(-0.138, 1.73e+09),
(-0.135, 1.22e+09),
(-0.132, 1.44e+09),
(-0.128, 1.18e+09),
(-0.125, 1.07e+09),
(-0.122, 9.45e+08),
(-0.118, 1.17e+09),
(-0.115, 1.15e+09),
(-0.111, 1.24e+09),
(-0.108, 1.43e+09),
(-0.105, 1.34e+09),
(-0.101, 1.35e+09),
(-0.098, 1.64e+09),
(-0.094, 1.67e+09),
(-0.091, 1.64e+09),
(-0.088, 1.61e+09),
(-0.084, 1.41e+09),
(-0.081, 1.18e+09),
(-0.078, 1.29e+09),
(-0.074, 1.38e+09),
(-0.071, 1.23e+09),
(-0.067, 1.26e+09),
(-0.064, 9.41e+08),
(-0.061, 1.10e+09),
(-0.057, 1.13e+09),
(-0.054, 1.56e+09),
(-0.051, 2.17e+09),
(-0.047, 2.36e+09),
(-0.044, 2.18e+09),
(-0.041, 2.40e+09),
(-0.037, 3.30e+09),
(-0.034, 3.85e+09),
(-0.030, 3.46e+09),
(-0.027, 3.68e+09),
(-0.024, 3.64e+09),
(-0.020, 3.86e+09),
(-0.017, 3.61e+09),
(-0.014, 3.12e+09),
(-0.010, 2.95e+09),
(-0.007, 3.14e+09),
(-0.003, 3.81e+09),
(-0.000, 4.14e+09),
( 0.003, 3.87e+09),
( 0.007, 3.84e+09),
( 0.010, 4.00e+09),
( 0.014, 3.89e+09),
( 0.017, 3.77e+09),
( 0.020, 3.02e+09),
( 0.024, 3.02e+09),
( 0.027, 3.07e+09),
( 0.030, 2.85e+09),
( 0.034, 2.65e+09),
( 0.037, 2.60e+09),
( 0.041, 2.51e+09),
( 0.044, 2.71e+09),
( 0.047, 2.37e+09),
( 0.051, 2.21e+09),
( 0.054, 2.35e+09),
( 0.057, 2.31e+09),
( 0.061, 2.02e+09),
( 0.064, 1.91e+09),
( 0.067, 1.71e+09),
( 0.071, 2.15e+09),
( 0.074, 2.02e+09),
( 0.078, 1.60e+09),
( 0.081, 1.97e+09),
( 0.084, 2.25e+09),
( 0.088, 1.60e+09),
( 0.091, 2.17e+09),
( 0.094, 1.95e+09),
( 0.098, 1.80e+09),
( 0.101, 2.00e+09),
( 0.105, 1.79e+09),
( 0.108, 1.95e+09),
( 0.111, 2.18e+09),
( 0.115, 2.05e+09),
( 0.118, 2.39e+09),
( 0.122, 2.69e+09),
( 0.125, 2.33e+09),
( 0.128, 2.27e+09),
( 0.132, 2.13e+09),
( 0.135, 1.68e+09),
( 0.138, 1.31e+09),
( 0.142, 1.24e+09),
( 0.145, 1.34e+09),
( 0.149, 1.32e+09),
( 0.152, 9.23e+08),
( 0.155, 7.55e+08),
( 0.159, 7.30e+08),
( 0.162, 1.10e+09),
( 0.165, 1.59e+09),
( 0.169, 1.72e+09),
( 0.172, 1.87e+09),
( 0.175, 1.88e+09),
( 0.179, 1.71e+09),
( 0.182, 1.74e+09),
( 0.186, 1.49e+09),
( 0.189, 1.72e+09),
( 0.192, 2.04e+09),
( 0.196, 2.38e+09),
( 0.199, 2.46e+09),
( 0.202, 2.44e+09),
( 0.206, 2.14e+09),
( 0.209, 2.19e+09),
( 0.213, 2.07e+09),
( 0.216, 1.79e+09),
( 0.219, 2.38e+09),
( 0.223, 2.01e+09),
( 0.226, 1.28e+09),
( 0.230, 1.04e+09),
( 0.233, 9.82e+08),
( 0.236, 1.23e+09),
( 0.240, 1.17e+09),
( 0.243, 7.37e+08),
( 0.246, 1.01e+09),
( 0.250, 1.08e+09),
( 0.253, 1.41e+09),
( 0.257, 2.09e+09),
( 0.260, 2.12e+09),
( 0.263, 1.54e+09),
( 0.267, 1.55e+09),
( 0.270, 1.70e+09),
( 0.273, 1.65e+09),
( 0.277, 1.83e+09),
( 0.280, 2.01e+09),
( 0.283, 2.01e+09),
( 0.287, 1.73e+09),
( 0.290, 1.77e+09),
( 0.294, 1.42e+09),
( 0.297, 9.88e+08),
( 0.300, 9.87e+08),
( 0.304, 9.71e+08),
( 0.307, 1.29e+09),
( 0.310, 9.03e+08),
( 0.314, 3.88e+08),
( 0.317, 1.51e+08),
( 0.321,-9.24e+07),
( 0.324, 1.50e+08),
( 0.327, 4.57e+08),
( 0.331, 5.93e+08),
( 0.334, 8.29e+08),
( 0.338, 9.01e+08),
( 0.341, 9.02e+08),
( 0.344, 8.48e+08),
( 0.348, 7.93e+08),
( 0.351, 1.17e+09),
( 0.354, 1.16e+09),
( 0.358, 9.76e+08),
( 0.361, 8.63e+08),
( 0.365, 7.04e+08),
( 0.368, 8.89e+08),
( 0.371, 1.15e+09),
( 0.375, 1.19e+09),
( 0.378, 8.39e+08),
( 0.381, 7.94e+08),
( 0.385, 1.08e+09),
( 0.388, 1.21e+09),
( 0.391, 8.74e+08),
( 0.395, 8.10e+08),
( 0.398, 6.98e+08),
( 0.402, 6.35e+08),
( 0.405, 8.11e+08),
( 0.408, 7.55e+08),
( 0.412, 5.31e+08),
( 0.415, 5.09e+08),
( 0.418, 5.00e+08),
( 0.422, 2.18e+08),
( 0.425, 1.76e+08),
( 0.429, 4.17e+08),
( 0.432, 4.42e+08),
( 0.435, 6.68e+08),
( 0.439, 9.12e+08),
( 0.442, 6.89e+08),
( 0.446, 4.13e+08),
( 0.449, 6.79e+08),
( 0.452, 1.01e+09),
( 0.456, 9.34e+08),
( 0.459, 1.21e+09),
( 0.462, 1.35e+09),
( 0.466, 1.27e+09),
( 0.469, 1.21e+09),
( 0.473, 1.20e+09),
( 0.476, 1.30e+09),
( 0.479, 1.25e+09),
( 0.483, 1.38e+09),
( 0.486, 1.40e+09),
( 0.489, 1.04e+09),
( 0.493, 9.03e+08),
( 0.496, 1.01e+09),
( 0.499, 1.09e+09),
( 0.503, 1.09e+09),
( 0.506, 8.49e+08),
( 0.510, 9.71e+08),
( 0.513, 1.03e+09),
( 0.516, 8.55e+08),
( 0.520, 7.65e+08),
( 0.523, 6.47e+08),
( 0.526, 7.27e+08),
( 0.530, 5.23e+08),
( 0.533, 5.47e+08),
( 0.537, 1.01e+09),
( 0.540, 1.03e+09),
( 0.543, 9.45e+08),
( 0.547, 7.81e+08),
( 0.550, 3.52e+08),
( 0.554, 4.08e+08),
( 0.557, 7.33e+08),
( 0.560, 7.37e+08),
( 0.564, 4.64e+08),
( 0.567, 5.22e+08),
( 0.570, 1.20e+09),
( 0.574, 1.30e+09),
( 0.577, 1.18e+09),
( 0.581, 1.02e+09),
( 0.584, 7.47e+08),
( 0.587,-2.97e+07),
( 0.591,-5.44e+07),
( 0.594,-3.17e+08),
( 0.597,-1.13e+07),
( 0.601, 4.92e+07),
( 0.604,-1.62e+07),
( 0.607,-1.51e+08),
( 0.611, 5.35e+08),
( 0.614, 4.76e+08),
( 0.618, 5.84e+08),
( 0.621, 4.86e+08),
( 0.624, 1.68e+08),
( 0.628, 4.68e+08),
( 0.631, 7.40e+08),
( 0.634, 6.21e+08),
( 0.638, 8.80e+08),
( 0.641, 7.61e+08),
( 0.645, 7.51e+08),
( 0.648, 7.95e+08),
( 0.651, 1.39e+09),
( 0.655, 1.31e+09),
( 0.658, 1.12e+09),
( 0.662, 1.16e+09),
( 0.665, 1.08e+09),
( 0.668, 8.23e+08),
( 0.672, 9.76e+08),
( 0.675, 1.21e+09),
( 0.678, 1.19e+09),
( 0.682, 7.61e+08),
( 0.685, 8.95e+08),
( 0.689, 1.58e+09),
( 0.692, 1.17e+09),
( 0.695, 1.04e+09),
( 0.699, 1.30e+09),
( 0.702, 1.14e+09),
( 0.705, 1.01e+09),
( 0.709, 1.54e+09),
( 0.712, 1.70e+09),
( 0.715, 1.82e+09),
( 0.719, 1.71e+09),
( 0.722, 1.62e+09),
( 0.726, 1.77e+09),
( 0.729, 1.11e+09),
( 0.732, 8.89e+08),
( 0.736, 9.22e+08),
( 0.739, 1.14e+09),
( 0.742, 1.42e+09),
( 0.746, 1.53e+09),
( 0.749, 1.71e+09),
( 0.753, 1.08e+09),
( 0.756, 1.07e+09),
( 0.759, 1.16e+09),
( 0.763, 1.23e+09),
( 0.766, 1.20e+09),
( 0.770, 8.54e+08),
( 0.773, 1.37e+09),
( 0.776, 1.28e+09),
( 0.780, 7.81e+08),
( 0.783, 8.56e+08),
( 0.786, 8.42e+08),
( 0.790, 6.70e+08),
( 0.793, 1.61e+08),
( 0.797, 4.36e+08),
( 0.800, 3.93e+08),
( 0.803, 5.07e+08),
( 0.807, 5.45e+08),
( 0.810, 4.40e+08),
( 0.813, 5.82e+08),
( 0.817, 6.97e+08),
( 0.820, 5.93e+08),
( 0.823, 6.30e+08),
( 0.827, 7.17e+08),
( 0.830, 7.11e+08),
( 0.834, 5.51e+08),
( 0.837, 3.75e+08),
( 0.840, 6.18e+08),
( 0.844, 4.67e+08),
( 0.847, 1.09e+09),
( 0.850, 1.33e+09),
( 0.854, 1.00e+09),
( 0.857, 9.17e+08),
( 0.861, 1.24e+09),
( 0.864, 1.12e+09),
( 0.867, 1.03e+09),
( 0.871, 7.00e+08),
( 0.874, 3.52e+08),
( 0.878, 5.04e+08),
( 0.881, 7.51e+08),
( 0.884, 7.21e+08),
( 0.888, 3.04e+08),
( 0.891, 3.84e+08),
( 0.894, 4.88e+08),
( 0.898, 9.14e+08),
( 0.901, 8.61e+08),
( 0.905, 3.11e+08),
( 0.908, 8.70e+06),
( 0.911, 7.06e+07),
( 0.915, 4.39e+08),
( 0.918, 2.75e+08),
( 0.921, 2.47e+08),
( 0.925, 2.92e+08),
( 0.928, 3.60e+08),
( 0.931, 5.36e+08),
( 0.935, 8.76e+08),
( 0.938, 9.84e+08),
( 0.942, 4.89e+08),
( 0.945, 1.23e+08),
( 0.948, 1.25e+08),
( 0.952,-4.43e+08),
( 0.955,-5.62e+08),
( 0.958,-3.42e+08),
( 0.962,-5.64e+08),
( 0.965,-4.93e+08),
( 0.969,-3.22e+08),
( 0.972, 1.29e+08),
( 0.975, 6.83e+08),
( 0.979, 7.79e+08),
( 0.982, 5.15e+08),
( 0.986, 3.81e+08),
( 0.989, 1.40e+08),
( 0.992, 4.15e+08),
( 0.996, 5.74e+08),
( 0.999, 7.91e+08),
( 1.002, 7.03e+08),
( 1.006, 6.62e+08),
( 1.009, 7.78e+08),
( 1.013, 5.36e+08),
( 1.016, 2.98e+08),
( 1.019, 4.78e+07),
( 1.023,-9.87e+07),
( 1.026, 1.11e+08),
( 1.029, 1.12e+08),
( 1.033, 5.03e+08),
( 1.036, 4.80e+08),
( 1.039, 5.41e+08),
( 1.043, 4.91e+08),
( 1.046, 4.35e+08),
( 1.050, 1.63e+08),
( 1.053, 2.93e+08),
( 1.056, 1.45e+08),
( 1.060, 1.63e+08),
( 1.063, 4.15e+08),
( 1.066, 5.56e+08),
( 1.070, 5.90e+08),
( 1.073, 7.18e+08),
( 1.077, 5.72e+08),
( 1.080, 7.85e+08),
( 1.083, 3.86e+08),
( 1.087, 5.59e+08),
( 1.090, 1.98e+08),
( 1.094,-3.39e+08),
( 1.097,-5.83e+07),
( 1.100, 3.77e+08),
( 1.104, 1.85e+08),
( 1.107,-2.19e+07),
( 1.110, 1.05e+08),
( 1.114,-4.36e+07),
( 1.117, 3.24e+07),
( 1.121,-4.69e+06),
( 1.124,-1.83e+08),
( 1.127,-9.12e+07),
( 1.131,-2.65e+08),
( 1.134,-4.06e+08),
( 1.137,-4.89e+08),
( 1.141,-6.15e+08),
( 1.144,-4.45e+08),
( 1.147,-6.97e+08),
( 1.151,-6.34e+08),
( 1.154, 2.95e+08),
( 1.158, 2.10e+08),
( 1.161, 4.02e+07),
( 1.164, 1.65e+08),
( 1.168, 2.24e+08),
( 1.171, 2.34e+08),
( 1.174, 3.81e+08),
( 1.178, 3.64e+08),
( 1.181,-1.80e+08),
( 1.185,-1.89e+08),
( 1.188, 5.91e+08),
( 1.191, 3.99e+08),
( 1.195, 2.25e+08),
( 1.198, 4.09e+08),
( 1.202,-1.20e+08),
( 1.205,-2.15e+08),
( 1.208, 1.86e+07),
( 1.212, 4.58e+07),
( 1.215,-5.16e+08),
( 1.218,-9.99e+08),
( 1.222,-7.43e+08),
( 1.225,-2.77e+08),
( 1.229,-1.35e+08),
( 1.232, 4.94e+08),
( 1.235, 2.93e+08),
( 1.239, 2.30e+08),
( 1.242, 4.84e+07),
( 1.245,-1.69e+08),
( 1.249,-3.64e+08),
( 1.252,-5.60e+08),
( 1.255,-2.26e+08),
( 1.259,-6.68e+07),
( 1.262,-3.68e+07),
( 1.266, 4.23e+07),
( 1.269,-7.51e+07),
( 1.272, 2.26e+08),
( 1.276, 6.68e+07),
( 1.279,-3.05e+07),
( 1.282,-3.26e+08),
( 1.286,-3.88e+08),
( 1.289,-3.80e+08),
( 1.293,-1.96e+08),
( 1.296,-4.55e+07),
( 1.299,-1.40e+08),
( 1.303,-2.60e+08),
( 1.306,-1.14e+08),
( 1.310, 9.35e+07),
( 1.313,-1.55e+08),
( 1.316,-4.68e+08),
( 1.320,-2.42e+08),
( 1.323,-1.65e+08),
( 1.326, 1.07e+08),
( 1.330, 5.37e+08),
( 1.333, 6.52e+08),
( 1.337, 6.59e+08),
( 1.340, 1.79e+08),
( 1.343,-2.59e+08),
( 1.347, 7.56e+07),
( 1.350, 5.09e+08),
( 1.353, 2.01e+08),
( 1.357, 4.21e+08),
( 1.360, 8.12e+08),
( 1.363, 6.78e+08),
( 1.367, 5.01e+07),
( 1.370, 4.15e+08),
( 1.374, 7.44e+08),
( 1.377, 4.09e+08),
( 1.380, 5.28e+08),
( 1.384, 3.30e+08),
( 1.387, 2.48e+08),
( 1.390, 5.51e+08),
( 1.394, 1.04e+09),
( 1.397, 6.66e+08),
( 1.401, 4.59e+08),
( 1.404, 8.05e+08),
( 1.407, 2.13e+08),
( 1.411,-4.64e+08),
( 1.414,-2.64e+07),
( 1.418, 3.85e+08),
( 1.421, 2.67e+08),
( 1.424, 3.03e+08),
( 1.428, 6.14e+08),
( 1.431, 3.07e+08),
( 1.434, 4.00e+08),
( 1.438,-4.84e+07),
( 1.441,-6.39e+08),
( 1.445,-5.03e+08),
( 1.448,-7.19e+08),
( 1.451,-1.04e+09),
( 1.455,-9.07e+08),
( 1.458,-5.89e+08),
( 1.461,-6.91e+08),
( 1.465,-2.85e+08),
( 1.468, 1.62e+08),
( 1.471, 3.08e+08),
( 1.475, 3.92e+08),
( 1.478, 6.88e+08),
( 1.482, 8.29e+08),
( 1.485, 2.82e+08),
( 1.488, 1.23e+08),
( 1.492, 2.07e+08),
( 1.495,-1.27e+08),
( 1.498,-2.25e+08),
( 1.502,-2.49e+08),
( 1.505, 5.23e+08),
( 1.509, 3.54e+08),
( 1.512,-1.76e+08),
( 1.515, 3.66e+07),
( 1.519,-3.19e+08),
( 1.522,-4.11e+07),
( 1.526, 2.71e+08),
( 1.529, 3.54e+08),
( 1.532, 2.35e+08),
( 1.536, 4.31e+08),
( 1.539, 8.40e+08),
( 1.542, 2.46e+08),
( 1.546,-2.29e+08),
( 1.549,-2.16e+08),
( 1.553,-2.59e+07),
( 1.556, 1.50e+08),
( 1.559, 3.13e+08),
( 1.563, 6.07e+06),
( 1.566,-4.91e+07),
( 1.569,-2.23e+08),
( 1.573,-3.08e+08),
( 1.576,-3.80e+08),
( 1.579,-2.28e+08),
( 1.583,-4.31e+08),
( 1.586,-3.41e+08),
( 1.590,-4.85e+08),
( 1.593,-4.53e+08),
( 1.596,-1.63e+08),
( 1.600,-3.26e+08)]
