Bolide Detection Notification: 2019-173

At 21:25:47 UT on 22 Jun 2019, sensors aboard U. S. Government satellites recorded
the flash signature of a large meteoroid entry into the atmosphere. Location of the
flash  was Lat 14.9N, Lon 66.2W.

Based upon the visible-light intensity-time signature, peak brightness of the flash
was  determined to be approximately 2.5e11 watts/steradian, and total radiated flash
energy  294.7e10 joules (6000K blackbody model).

Intensity-time signature of the event and integrated intensity are depicted on the
plots  below. On the intensity-time plot, one count on vertical axis corresponds to
2.35E8  watts/steradian. On the integrated intensity plot, one count represents
2.96E9 joules  radiated energy.

Peak Intensity = 6.32e+10 watts/steradian
Total Energy   = 7.34e+12 joules

Intensity=[
(-0.800,-2.19e+08),
(-0.796,-1.05e+08),
(-0.793, 3.99e+08),
(-0.790,-1.55e+08),
(-0.786, 2.88e+08),
(-0.783, 3.19e+08),
(-0.780, 3.07e+08),
(-0.776,-1.48e+08),
(-0.773, 1.40e+08),
(-0.770, 4.03e+08),
(-0.766, 5.83e+07),
(-0.763, 1.22e+07),
(-0.759, 2.87e+07),
(-0.756,-1.19e+08),
(-0.753,-2.06e+07),
(-0.749, 2.66e+08),
(-0.746,-2.97e+07),
(-0.743, 1.02e+08),
(-0.739, 1.16e+08),
(-0.736,-1.26e+08),
(-0.732, 4.30e+08),
(-0.729,-7.57e+07),
(-0.726,-1.41e+08),
(-0.722, 4.00e+08),
(-0.719,-2.23e+07),
(-0.715, 1.89e+08),
(-0.712, 2.83e+08),
(-0.709,-3.10e+08),
(-0.705, 1.59e+08),
(-0.702,-1.00e+08),
(-0.699, 2.65e+08),
(-0.695, 4.43e+07),
(-0.692, 2.43e+08),
(-0.688,-1.08e+07),
(-0.685, 2.08e+08),
(-0.682, 1.59e+08),
(-0.678, 3.85e+07),
(-0.675, 3.64e+08),
(-0.672, 2.69e+08),
(-0.668, 1.64e+08),
(-0.665, 3.93e+08),
(-0.662, 5.56e+08),
(-0.658, 9.93e+07),
(-0.655,-1.28e+08),
(-0.651,-2.47e+07),
(-0.648, 1.31e+08),
(-0.645, 4.85e+06),
(-0.641,-1.98e+07),
(-0.638, 2.05e+08),
(-0.635, 7.80e+07),
(-0.631, 2.88e+08),
(-0.628, 6.48e+07),
(-0.624, 1.62e+08),
(-0.621, 1.60e+08),
(-0.618, 2.88e+08),
(-0.614, 2.41e+08),
(-0.611, 3.03e+08),
(-0.607, 2.92e+08),
(-0.604,-1.41e+08),
(-0.601, 5.79e+08),
(-0.597, 4.78e+08),
(-0.594, 1.70e+08),
(-0.591, 2.90e+08),
(-0.587, 3.24e+08),
(-0.584,-1.91e+08),
(-0.580, 2.89e+08),
(-0.577, 5.58e+08),
(-0.574, 3.32e+08),
(-0.570, 1.93e+08),
(-0.567, 4.21e+08),
(-0.564, 5.20e+08),
(-0.560, 4.54e+08),
(-0.557, 5.52e+08),
(-0.554, 2.46e+08),
(-0.550, 3.20e+07),
(-0.547, 1.22e+08),
(-0.543, 2.40e+08),
(-0.540, 3.84e+08),
(-0.537, 2.52e+08),
(-0.533, 1.22e+08),
(-0.530, 4.53e+08),
(-0.527, 5.18e+08),
(-0.523, 5.73e+08),
(-0.520, 5.78e+08),
(-0.516, 4.42e+08),
(-0.513, 3.82e+08),
(-0.510, 4.45e+08),
(-0.506, 3.49e+08),
(-0.503, 4.24e+08),
(-0.499, 5.30e+08),
(-0.496, 1.45e+08),
(-0.493, 6.76e+08),
(-0.489,-7.57e+07),
(-0.486, 3.75e+08),
(-0.483, 7.07e+08),
(-0.479, 1.39e+07),
(-0.476, 1.45e+08),
(-0.472, 3.01e+08),
(-0.469, 2.64e+08),
(-0.466, 3.65e+08),
(-0.462, 5.48e+08),
(-0.459,-1.55e+08),
(-0.456, 3.27e+08),
(-0.452, 4.17e+08),
(-0.449, 3.43e+08),
(-0.446, 4.91e+08),
(-0.442, 4.99e+08),
(-0.439, 5.17e+08),
(-0.435, 4.75e+08),
(-0.432, 4.28e+08),
(-0.429, 3.08e+08),
(-0.425, 4.23e+08),
(-0.422, 1.59e+08),
(-0.419, 5.19e+08),
(-0.415, 5.33e+08),
(-0.412, 4.85e+06),
(-0.408, 3.01e+08),
(-0.405, 2.76e+08),
(-0.402, 3.71e+08),
(-0.398, 1.23e+08),
(-0.395, 1.81e+08),
(-0.391, 2.21e+08),
(-0.388, 5.36e+08),
(-0.385, 6.69e+08),
(-0.381, 5.18e+08),
(-0.378, 3.82e+08),
(-0.375, 3.38e+08),
(-0.371, 1.68e+08),
(-0.368, 2.75e+08),
(-0.364, 1.41e+08),
(-0.361, 5.78e+08),
(-0.358, 1.16e+08),
(-0.354, 4.61e+08),
(-0.351, 7.70e+08),
(-0.348, 5.80e+08),
(-0.344, 7.01e+08),
(-0.341, 5.89e+08),
(-0.338, 6.91e+08),
(-0.334, 4.54e+08),
(-0.331, 4.32e+08),
(-0.327, 3.86e+08),
(-0.324, 8.03e+08),
(-0.321, 6.86e+08),
(-0.317, 5.38e+08),
(-0.314, 2.71e+08),
(-0.311, 7.81e+08),
(-0.307, 5.29e+08),
(-0.304, 6.34e+08),
(-0.300, 4.35e+08),
(-0.297, 9.60e+08),
(-0.294, 8.40e+08),
(-0.290, 4.90e+08),
(-0.287, 2.92e+08),
(-0.283, 7.06e+08),
(-0.280, 4.53e+08),
(-0.277, 2.33e+08),
(-0.273, 2.46e+08),
(-0.270, 5.58e+08),
(-0.267, 6.43e+08),
(-0.263, 2.69e+08),
(-0.260, 4.49e+08),
(-0.256, 5.26e+08),
(-0.253, 5.36e+08),
(-0.250, 5.46e+08),
(-0.246, 4.05e+08),
(-0.243, 4.81e+08),
(-0.240, 8.29e+08),
(-0.236, 8.49e+08),
(-0.233, 6.79e+08),
(-0.230, 8.31e+08),
(-0.226, 6.65e+08),
(-0.223, 5.05e+08),
(-0.219, 3.59e+08),
(-0.216, 4.59e+08),
(-0.213, 2.67e+08),
(-0.209, 2.97e+08),
(-0.206, 7.69e+08),
(-0.203, 5.79e+08),
(-0.199, 5.92e+08),
(-0.196, 4.87e+08),
(-0.192, 5.89e+08),
(-0.189, 7.59e+08),
(-0.186, 5.24e+08),
(-0.182, 7.38e+08),
(-0.179, 8.69e+08),
(-0.175, 8.10e+08),
(-0.172, 9.24e+08),
(-0.169, 6.29e+08),
(-0.165, 6.55e+08),
(-0.162, 1.02e+09),
(-0.159, 1.02e+09),
(-0.155, 7.22e+08),
(-0.152, 7.82e+08),
(-0.148, 8.56e+08),
(-0.145, 5.27e+08),
(-0.142, 5.15e+08),
(-0.138, 5.36e+08),
(-0.135, 9.78e+08),
(-0.132, 7.22e+08),
(-0.128, 8.45e+08),
(-0.125, 1.05e+09),
(-0.122, 5.89e+08),
(-0.118, 6.69e+08),
(-0.115, 7.60e+08),
(-0.111, 6.42e+08),
(-0.108, 4.10e+08),
(-0.105, 7.34e+08),
(-0.101, 5.18e+08),
(-0.098, 7.97e+08),
(-0.095, 9.29e+08),
(-0.091, 7.97e+08),
(-0.088, 1.23e+09),
(-0.084, 3.44e+08),
(-0.081, 6.39e+08),
(-0.078, 4.53e+08),
(-0.074, 7.11e+08),
(-0.071, 6.29e+08),
(-0.067, 9.75e+08),
(-0.064, 8.14e+08),
(-0.061, 9.08e+08),
(-0.057, 9.35e+08),
(-0.054, 8.46e+08),
(-0.051, 6.64e+08),
(-0.047, 1.09e+09),
(-0.044, 7.65e+08),
(-0.040, 1.10e+09),
(-0.037, 7.31e+08),
(-0.034, 9.82e+08),
(-0.030, 1.37e+09),
(-0.027, 8.04e+08),
(-0.024, 1.05e+09),
(-0.020, 9.03e+08),
(-0.017, 1.15e+09),
(-0.014, 1.27e+09),
(-0.010, 1.21e+09),
(-0.007, 1.31e+09),
(-0.003, 1.11e+09),
(-0.000, 1.33e+09),
( 0.003, 1.76e+09),
( 0.007, 1.37e+09),
( 0.010, 1.80e+09),
( 0.013, 1.76e+09),
( 0.017, 1.32e+09),
( 0.020, 1.38e+09),
( 0.024, 1.86e+09),
( 0.027, 2.01e+09),
( 0.030, 1.47e+09),
( 0.034, 1.71e+09),
( 0.037, 1.71e+09),
( 0.041, 2.15e+09),
( 0.044, 1.88e+09),
( 0.047, 1.99e+09),
( 0.051, 2.19e+09),
( 0.054, 2.03e+09),
( 0.057, 1.82e+09),
( 0.061, 2.37e+09),
( 0.064, 2.54e+09),
( 0.068, 2.11e+09),
( 0.071, 2.60e+09),
( 0.074, 2.64e+09),
( 0.078, 2.75e+09),
( 0.081, 2.70e+09),
( 0.084, 3.03e+09),
( 0.088, 3.31e+09),
( 0.091, 3.33e+09),
( 0.094, 3.00e+09),
( 0.098, 3.68e+09),
( 0.101, 3.55e+09),
( 0.105, 3.66e+09),
( 0.108, 3.95e+09),
( 0.111, 3.85e+09),
( 0.115, 3.97e+09),
( 0.118, 4.69e+09),
( 0.121, 4.94e+09),
( 0.125, 5.19e+09),
( 0.128, 5.47e+09),
( 0.132, 5.30e+09),
( 0.135, 5.57e+09),
( 0.138, 5.97e+09),
( 0.142, 6.73e+09),
( 0.145, 7.31e+09),
( 0.149, 7.98e+09),
( 0.152, 8.50e+09),
( 0.155, 9.04e+09),
( 0.159, 9.83e+09),
( 0.162, 1.04e+10),
( 0.165, 1.12e+10),
( 0.169, 1.19e+10),
( 0.172, 1.27e+10),
( 0.176, 1.29e+10),
( 0.179, 1.40e+10),
( 0.182, 1.45e+10),
( 0.186, 1.47e+10),
( 0.189, 1.57e+10),
( 0.192, 1.58e+10),
( 0.196, 1.61e+10),
( 0.199, 1.69e+10),
( 0.202, 1.71e+10),
( 0.206, 1.80e+10),
( 0.209, 1.84e+10),
( 0.213, 1.89e+10),
( 0.216, 1.89e+10),
( 0.219, 1.99e+10),
( 0.223, 2.03e+10),
( 0.226, 2.10e+10),
( 0.229, 2.19e+10),
( 0.233, 2.17e+10),
( 0.236, 2.29e+10),
( 0.240, 2.35e+10),
( 0.243, 2.43e+10),
( 0.246, 2.55e+10),
( 0.250, 2.64e+10),
( 0.253, 2.78e+10),
( 0.257, 2.82e+10),
( 0.260, 2.89e+10),
( 0.263, 2.99e+10),
( 0.267, 3.04e+10),
( 0.270, 3.13e+10),
( 0.273, 3.20e+10),
( 0.277, 3.28e+10),
( 0.280, 3.39e+10),
( 0.284, 3.48e+10),
( 0.287, 3.55e+10),
( 0.290, 3.59e+10),
( 0.294, 3.71e+10),
( 0.297, 3.82e+10),
( 0.300, 3.89e+10),
( 0.304, 3.99e+10),
( 0.307, 4.06e+10),
( 0.310, 4.18e+10),
( 0.314, 4.21e+10),
( 0.317, 4.30e+10),
( 0.321, 4.36e+10),
( 0.324, 4.42e+10),
( 0.327, 4.51e+10),
( 0.331, 4.54e+10),
( 0.334, 4.61e+10),
( 0.337, 4.62e+10),
( 0.341, 4.71e+10),
( 0.344, 4.72e+10),
( 0.348, 4.77e+10),
( 0.351, 4.77e+10),
( 0.354, 4.81e+10),
( 0.358, 4.79e+10),
( 0.361, 4.81e+10),
( 0.365, 4.82e+10),
( 0.368, 4.80e+10),
( 0.371, 4.81e+10),
( 0.375, 4.83e+10),
( 0.378, 4.84e+10),
( 0.381, 4.84e+10),
( 0.385, 4.86e+10),
( 0.388, 4.83e+10),
( 0.392, 4.81e+10),
( 0.395, 4.82e+10),
( 0.398, 4.80e+10),
( 0.402, 4.81e+10),
( 0.405, 4.83e+10),
( 0.408, 4.86e+10),
( 0.412, 4.97e+10),
( 0.415, 4.97e+10),
( 0.418, 5.03e+10),
( 0.422, 5.05e+10),
( 0.425, 5.08e+10),
( 0.429, 5.11e+10),
( 0.432, 5.13e+10),
( 0.435, 5.13e+10),
( 0.439, 5.16e+10),
( 0.442, 5.15e+10),
( 0.445, 5.18e+10),
( 0.449, 5.19e+10),
( 0.452, 5.21e+10),
( 0.456, 5.24e+10),
( 0.459, 5.28e+10),
( 0.462, 5.31e+10),
( 0.466, 5.36e+10),
( 0.469, 5.38e+10),
( 0.473, 5.43e+10),
( 0.476, 5.46e+10),
( 0.479, 5.42e+10),
( 0.483, 5.47e+10),
( 0.486, 5.49e+10),
( 0.489, 5.50e+10),
( 0.493, 5.49e+10),
( 0.496, 5.50e+10),
( 0.500, 5.47e+10),
( 0.503, 5.47e+10),
( 0.506, 5.40e+10),
( 0.510, 5.48e+10),
( 0.513, 5.53e+10),
( 0.516, 5.55e+10),
( 0.520, 5.60e+10),
( 0.523, 5.63e+10),
( 0.526, 5.65e+10),
( 0.530, 5.71e+10),
( 0.533, 5.82e+10),
( 0.537, 5.83e+10),
( 0.540, 5.86e+10),
( 0.543, 5.94e+10),
( 0.547, 6.02e+10),
( 0.550, 6.02e+10),
( 0.553, 6.04e+10),
( 0.557, 6.01e+10),
( 0.560, 6.02e+10),
( 0.564, 6.02e+10),
( 0.567, 6.04e+10),
( 0.570, 6.02e+10),
( 0.574, 6.05e+10),
( 0.577, 6.08e+10),
( 0.581, 6.12e+10),
( 0.584, 6.16e+10),
( 0.587, 6.20e+10),
( 0.591, 6.26e+10),
( 0.594, 6.31e+10),
( 0.597, 6.32e+10),
( 0.601, 6.29e+10),
( 0.604, 6.26e+10),
( 0.608, 6.20e+10),
( 0.611, 6.20e+10),
( 0.614, 6.15e+10),
( 0.618, 6.12e+10),
( 0.621, 6.05e+10),
( 0.624, 6.01e+10),
( 0.628, 6.01e+10),
( 0.631, 6.01e+10),
( 0.634, 6.00e+10),
( 0.638, 5.95e+10),
( 0.641, 5.94e+10),
( 0.645, 5.91e+10),
( 0.648, 5.88e+10),
( 0.651, 5.85e+10),
( 0.655, 5.84e+10),
( 0.658, 5.81e+10),
( 0.661, 5.76e+10),
( 0.665, 5.79e+10),
( 0.668, 5.80e+10),
( 0.672, 5.81e+10),
( 0.675, 5.79e+10),
( 0.678, 5.79e+10),
( 0.682, 5.82e+10),
( 0.685, 5.86e+10),
( 0.689, 5.90e+10),
( 0.692, 5.90e+10),
( 0.695, 5.82e+10),
( 0.699, 5.77e+10),
( 0.702, 5.71e+10),
( 0.705, 5.65e+10),
( 0.709, 5.58e+10),
( 0.712, 5.57e+10),
( 0.716, 5.58e+10),
( 0.719, 5.55e+10),
( 0.722, 5.55e+10),
( 0.726, 5.53e+10),
( 0.729, 5.51e+10),
( 0.732, 5.49e+10),
( 0.736, 5.48e+10),
( 0.739, 5.40e+10),
( 0.742, 5.38e+10),
( 0.746, 5.35e+10),
( 0.749, 5.29e+10),
( 0.753, 5.19e+10),
( 0.756, 5.18e+10),
( 0.759, 5.13e+10),
( 0.763, 5.16e+10),
( 0.766, 5.10e+10),
( 0.769, 5.05e+10),
( 0.773, 4.96e+10),
( 0.776, 4.93e+10),
( 0.780, 4.81e+10),
( 0.783, 4.73e+10),
( 0.786, 4.70e+10),
( 0.790, 4.63e+10),
( 0.793, 4.55e+10),
( 0.797, 4.46e+10),
( 0.800, 4.40e+10),
( 0.803, 4.32e+10),
( 0.807, 4.27e+10),
( 0.810, 4.20e+10),
( 0.813, 4.15e+10),
( 0.817, 4.07e+10),
( 0.820, 4.02e+10),
( 0.824, 3.98e+10),
( 0.827, 3.94e+10),
( 0.830, 3.84e+10),
( 0.834, 3.78e+10),
( 0.837, 3.75e+10),
( 0.840, 3.69e+10),
( 0.844, 3.65e+10),
( 0.847, 3.55e+10),
( 0.850, 3.49e+10),
( 0.854, 3.46e+10),
( 0.857, 3.38e+10),
( 0.861, 3.36e+10),
( 0.864, 3.28e+10),
( 0.867, 3.19e+10),
( 0.871, 3.21e+10),
( 0.874, 3.12e+10),
( 0.877, 3.00e+10),
( 0.881, 2.98e+10),
( 0.884, 2.89e+10),
( 0.888, 2.83e+10),
( 0.891, 2.79e+10),
( 0.894, 2.76e+10),
( 0.898, 2.63e+10),
( 0.901, 2.61e+10),
( 0.905, 2.57e+10),
( 0.908, 2.53e+10),
( 0.911, 2.41e+10),
( 0.915, 2.46e+10),
( 0.918, 2.33e+10),
( 0.921, 2.29e+10),
( 0.925, 2.29e+10),
( 0.928, 2.22e+10),
( 0.932, 2.16e+10),
( 0.935, 2.12e+10),
( 0.938, 2.08e+10),
( 0.942, 2.02e+10),
( 0.945, 1.97e+10),
( 0.948, 1.88e+10),
( 0.952, 1.91e+10),
( 0.955, 1.88e+10),
( 0.958, 1.78e+10),
( 0.962, 1.78e+10),
( 0.965, 1.73e+10),
( 0.969, 1.74e+10),
( 0.972, 1.71e+10),
( 0.975, 1.65e+10),
( 0.979, 1.63e+10),
( 0.982, 1.59e+10),
( 0.985, 1.54e+10),
( 0.989, 1.56e+10),
( 0.992, 1.51e+10),
( 0.996, 1.47e+10),
( 0.999, 1.47e+10),
( 1.002, 1.49e+10),
( 1.006, 1.48e+10),
( 1.009, 1.40e+10),
( 1.013, 1.40e+10),
( 1.016, 1.30e+10),
( 1.019, 1.33e+10),
( 1.023, 1.27e+10),
( 1.026, 1.26e+10),
( 1.029, 1.22e+10),
( 1.033, 1.16e+10),
( 1.036, 1.19e+10),
( 1.040, 1.15e+10),
( 1.043, 1.13e+10),
( 1.046, 1.13e+10),
( 1.050, 1.10e+10),
( 1.053, 1.06e+10),
( 1.056, 1.08e+10),
( 1.060, 1.01e+10),
( 1.063, 1.02e+10),
( 1.066, 1.01e+10),
( 1.070, 1.02e+10),
( 1.073, 9.95e+09),
( 1.077, 9.75e+09),
( 1.080, 9.61e+09),
( 1.083, 9.35e+09),
( 1.087, 9.33e+09),
( 1.090, 9.64e+09),
( 1.093, 9.64e+09),
( 1.097, 9.97e+09),
( 1.100, 9.98e+09),
( 1.104, 1.03e+10),
( 1.107, 1.05e+10),
( 1.110, 1.09e+10),
( 1.114, 1.11e+10),
( 1.117, 1.10e+10),
( 1.121, 1.10e+10),
( 1.124, 1.15e+10),
( 1.127, 1.22e+10),
( 1.131, 1.30e+10),
( 1.134, 1.41e+10),
( 1.137, 1.47e+10),
( 1.141, 1.55e+10),
( 1.144, 1.67e+10),
( 1.148, 1.75e+10),
( 1.151, 1.79e+10),
( 1.154, 1.87e+10),
( 1.158, 1.94e+10),
( 1.161, 1.95e+10),
( 1.164, 2.01e+10),
( 1.168, 2.11e+10),
( 1.171, 2.19e+10),
( 1.174, 2.23e+10),
( 1.178, 2.27e+10),
( 1.181, 2.30e+10),
( 1.185, 2.31e+10),
( 1.188, 2.35e+10),
( 1.191, 2.38e+10),
( 1.195, 2.40e+10),
( 1.198, 2.43e+10),
( 1.201, 2.51e+10),
( 1.205, 2.54e+10),
( 1.208, 2.56e+10),
( 1.212, 2.56e+10),
( 1.215, 2.52e+10),
( 1.218, 2.46e+10),
( 1.222, 2.46e+10),
( 1.225, 2.42e+10),
( 1.229, 2.38e+10),
( 1.232, 2.37e+10),
( 1.235, 2.32e+10),
( 1.239, 2.32e+10),
( 1.242, 2.26e+10),
( 1.245, 2.25e+10),
( 1.249, 2.19e+10),
( 1.252, 2.20e+10),
( 1.256, 2.21e+10),
( 1.259, 2.16e+10),
( 1.262, 2.18e+10),
( 1.266, 2.19e+10),
( 1.269, 2.18e+10),
( 1.272, 2.17e+10),
( 1.276, 2.17e+10),
( 1.279, 2.16e+10),
( 1.282, 2.12e+10),
( 1.286, 2.12e+10),
( 1.289, 2.08e+10),
( 1.293, 2.03e+10),
( 1.296, 1.99e+10),
( 1.299, 1.95e+10),
( 1.303, 1.89e+10),
( 1.306, 1.86e+10),
( 1.309, 1.79e+10),
( 1.313, 1.81e+10),
( 1.316, 1.80e+10),
( 1.320, 1.76e+10),
( 1.323, 1.74e+10),
( 1.326, 1.70e+10),
( 1.330, 1.69e+10),
( 1.333, 1.70e+10),
( 1.337, 1.68e+10),
( 1.340, 1.64e+10),
( 1.343, 1.61e+10),
( 1.347, 1.62e+10),
( 1.350, 1.58e+10),
( 1.353, 1.58e+10),
( 1.357, 1.57e+10),
( 1.360, 1.53e+10),
( 1.364, 1.47e+10),
( 1.367, 1.46e+10),
( 1.370, 1.47e+10),
( 1.374, 1.44e+10),
( 1.377, 1.39e+10),
( 1.380, 1.39e+10),
( 1.384, 1.35e+10),
( 1.387, 1.40e+10),
( 1.390, 1.41e+10),
( 1.394, 1.44e+10),
( 1.397, 1.46e+10),
( 1.401, 1.48e+10),
( 1.404, 1.48e+10),
( 1.407, 1.52e+10),
( 1.411, 1.61e+10),
( 1.414, 1.68e+10),
( 1.417, 1.73e+10),
( 1.421, 1.83e+10),
( 1.424, 1.93e+10),
( 1.428, 2.02e+10),
( 1.431, 2.10e+10),
( 1.434, 2.19e+10),
( 1.438, 2.21e+10),
( 1.441, 2.26e+10),
( 1.445, 2.21e+10),
( 1.448, 2.22e+10),
( 1.451, 2.25e+10),
( 1.455, 2.19e+10),
( 1.458, 2.18e+10),
( 1.461, 2.24e+10),
( 1.465, 2.22e+10),
( 1.468, 2.31e+10),
( 1.472, 2.34e+10),
( 1.475, 2.39e+10),
( 1.478, 2.43e+10),
( 1.482, 2.47e+10),
( 1.485, 2.51e+10),
( 1.488, 2.58e+10),
( 1.492, 2.67e+10),
( 1.495, 2.74e+10),
( 1.498, 2.87e+10),
( 1.502, 2.99e+10),
( 1.505, 3.09e+10),
( 1.509, 3.21e+10),
( 1.512, 3.33e+10),
( 1.515, 3.43e+10),
( 1.519, 3.59e+10),
( 1.522, 3.75e+10),
( 1.525, 3.85e+10),
( 1.529, 4.02e+10),
( 1.532, 4.04e+10),
( 1.536, 4.13e+10),
( 1.539, 4.17e+10),
( 1.542, 4.21e+10),
( 1.546, 4.24e+10),
( 1.549, 4.35e+10),
( 1.553, 4.44e+10),
( 1.556, 4.53e+10),
( 1.559, 4.57e+10),
( 1.563, 4.62e+10),
( 1.566, 4.72e+10),
( 1.569, 4.79e+10),
( 1.573, 4.88e+10),
( 1.576, 4.79e+10),
( 1.580, 4.83e+10),
( 1.583, 4.79e+10),
( 1.586, 4.80e+10),
( 1.590, 4.78e+10),
( 1.593, 4.80e+10),
( 1.596, 4.87e+10),
( 1.600, 4.92e+10),
( 1.603, 4.93e+10),
( 1.606, 4.96e+10),
( 1.610, 4.99e+10),
( 1.613, 4.96e+10),
( 1.617, 4.94e+10),
( 1.620, 4.95e+10),
( 1.623, 4.90e+10),
( 1.627, 4.89e+10),
( 1.630, 4.95e+10),
( 1.633, 4.94e+10),
( 1.637, 4.86e+10),
( 1.640, 4.79e+10),
( 1.644, 4.75e+10),
( 1.647, 4.61e+10),
( 1.650, 4.55e+10),
( 1.654, 4.42e+10),
( 1.657, 4.31e+10),
( 1.661, 4.20e+10),
( 1.664, 4.11e+10),
( 1.667, 4.08e+10),
( 1.671, 3.93e+10),
( 1.674, 3.90e+10),
( 1.677, 3.80e+10),
( 1.681, 3.73e+10),
( 1.684, 3.66e+10),
( 1.688, 3.62e+10),
( 1.691, 3.50e+10),
( 1.694, 3.47e+10),
( 1.698, 3.40e+10),
( 1.701, 3.36e+10),
( 1.704, 3.27e+10),
( 1.708, 3.16e+10),
( 1.711, 3.08e+10),
( 1.714, 3.02e+10),
( 1.718, 2.95e+10),
( 1.721, 2.90e+10),
( 1.725, 2.84e+10),
( 1.728, 2.75e+10),
( 1.731, 2.69e+10),
( 1.735, 2.64e+10),
( 1.738, 2.61e+10),
( 1.741, 2.48e+10),
( 1.745, 2.41e+10),
( 1.748, 2.38e+10),
( 1.752, 2.27e+10),
( 1.755, 2.21e+10),
( 1.758, 2.18e+10),
( 1.762, 2.09e+10),
( 1.765, 2.01e+10),
( 1.769, 1.95e+10),
( 1.772, 1.90e+10),
( 1.775, 1.81e+10),
( 1.779, 1.81e+10),
( 1.782, 1.72e+10),
( 1.785, 1.71e+10),
( 1.789, 1.63e+10),
( 1.792, 1.56e+10),
( 1.796, 1.49e+10),
( 1.799, 1.50e+10),
( 1.802, 1.48e+10),
( 1.806, 1.38e+10),
( 1.809, 1.33e+10),
( 1.812, 1.27e+10),
( 1.816, 1.23e+10),
( 1.819, 1.21e+10),
( 1.822, 1.11e+10),
( 1.826, 1.11e+10),
( 1.829, 1.08e+10),
( 1.833, 9.94e+09),
( 1.836, 9.68e+09),
( 1.839, 1.01e+10),
( 1.843, 9.25e+09),
( 1.846, 8.81e+09),
( 1.849, 8.94e+09),
( 1.853, 8.72e+09),
( 1.856, 8.00e+09),
( 1.860, 7.65e+09),
( 1.863, 7.69e+09),
( 1.866, 7.44e+09),
( 1.870, 6.90e+09),
( 1.873, 6.47e+09),
( 1.877, 6.63e+09),
( 1.880, 5.62e+09),
( 1.883, 5.46e+09),
( 1.887, 5.51e+09),
( 1.890, 5.20e+09),
( 1.893, 5.21e+09),
( 1.897, 5.10e+09),
( 1.900, 4.87e+09),
( 1.904, 4.64e+09),
( 1.907, 4.48e+09),
( 1.910, 4.27e+09),
( 1.914, 4.08e+09),
( 1.917, 3.93e+09),
( 1.920, 3.34e+09),
( 1.924, 3.48e+09),
( 1.927, 3.50e+09),
( 1.930, 2.91e+09),
( 1.934, 2.95e+09),
( 1.937, 2.85e+09),
( 1.941, 3.11e+09),
( 1.944, 2.33e+09),
( 1.947, 2.50e+09),
( 1.951, 2.69e+09),
( 1.954, 2.43e+09),
( 1.957, 2.05e+09),
( 1.961, 1.83e+09),
( 1.964, 1.85e+09),
( 1.968, 2.03e+09),
( 1.971, 1.88e+09),
( 1.974, 2.37e+09),
( 1.978, 2.16e+09),
( 1.981, 2.60e+09),
( 1.985, 1.93e+09),
( 1.988, 2.09e+09),
( 1.991, 2.67e+09),
( 1.995, 2.43e+09),
( 1.998, 2.70e+09),
( 2.001, 2.70e+09),
( 2.005, 2.79e+09),
( 2.008, 2.58e+09),
( 2.012, 2.64e+09),
( 2.015, 3.10e+09),
( 2.018, 3.32e+09),
( 2.022, 3.10e+09),
( 2.025, 2.68e+09),
( 2.028, 2.59e+09),
( 2.032, 3.19e+09),
( 2.035, 2.64e+09),
( 2.038, 2.68e+09),
( 2.042, 2.50e+09),
( 2.045, 2.12e+09),
( 2.049, 2.10e+09),
( 2.052, 2.32e+09),
( 2.055, 1.99e+09),
( 2.059, 1.80e+09),
( 2.062, 1.39e+09),
( 2.065, 1.58e+09),
( 2.069, 1.71e+09),
( 2.072, 1.66e+09),
( 2.076, 1.97e+09),
( 2.079, 2.10e+09),
( 2.082, 2.39e+09),
( 2.086, 2.15e+09),
( 2.089, 2.65e+09),
( 2.093, 2.63e+09),
( 2.096, 2.90e+09),
( 2.099, 3.05e+09),
( 2.103, 3.01e+09),
( 2.106, 3.27e+09),
( 2.109, 3.13e+09),
( 2.113, 2.91e+09),
( 2.116, 3.46e+09),
( 2.120, 3.24e+09),
( 2.123, 2.96e+09),
( 2.126, 2.91e+09),
( 2.130, 3.21e+09),
( 2.133, 2.48e+09),
( 2.136, 2.72e+09),
( 2.140, 2.59e+09),
( 2.143, 2.43e+09),
( 2.146, 2.28e+09),
( 2.150, 2.35e+09),
( 2.153, 2.49e+09),
( 2.157, 1.83e+09),
( 2.160, 2.01e+09),
( 2.163, 1.47e+09),
( 2.167, 1.66e+09),
( 2.170, 2.27e+09),
( 2.173, 1.73e+09),
( 2.177, 1.88e+09),
( 2.180, 1.71e+09),
( 2.184, 1.77e+09),
( 2.187, 1.14e+09),
( 2.190, 1.31e+09),
( 2.194, 1.13e+09),
( 2.197, 1.19e+09),
( 2.201, 1.65e+09),
( 2.204, 9.87e+08),
( 2.207, 1.05e+09),
( 2.211, 9.42e+08),
( 2.214, 1.13e+09),
( 2.217, 3.69e+08),
( 2.221, 8.43e+08),
( 2.224, 1.28e+09),
( 2.228, 7.98e+08),
( 2.231, 6.50e+08),
( 2.234, 7.42e+08),
( 2.238, 5.20e+08),
( 2.241, 6.97e+08),
( 2.244, 5.64e+08),
( 2.248, 3.42e+08),
( 2.251, 4.24e+08),
( 2.254, 3.67e+08),
( 2.258, 2.00e+08),
( 2.261, 7.16e+08),
( 2.265, 7.47e+08),
( 2.268, 2.69e+08),
( 2.271, 1.18e+08),
( 2.275, 2.83e+08),
( 2.278, 1.72e+08),
( 2.281, 1.33e+08),
( 2.285, 3.39e+08),
( 2.288, 2.77e+08),
( 2.292, 7.77e+08),
( 2.295, 5.50e+07),
( 2.298, 1.34e+08),
( 2.302, 4.67e+08),
( 2.305, 2.51e+08),
( 2.309, 4.18e+08),
( 2.312, 3.77e+08),
( 2.315, 7.54e+08),
( 2.319, 3.98e+08),
( 2.322, 3.43e+08),
( 2.325, 2.06e+08),
( 2.329, 7.37e+08),
( 2.332, 2.86e+08),
( 2.336, 3.98e+08),
( 2.339, 2.82e+08),
( 2.342, 2.02e+08),
( 2.346, 3.18e+08),
( 2.349, 2.84e+08),
( 2.352, 4.23e+08),
( 2.356, 2.67e+08),
( 2.359, 2.45e+08),
( 2.362, 9.69e+07),
( 2.366, 1.56e+08),
( 2.369, 1.75e+08),
( 2.373, 4.48e+08),
( 2.376, 2.11e+08),
( 2.379, 9.11e+07),
( 2.383, 5.25e+07),
( 2.386, 7.31e+06),
( 2.389,-8.64e+07),
( 2.393, 4.00e+08),
( 2.396, 2.65e+08),
( 2.400, 1.92e+08),
( 2.403, 2.44e+08),
( 2.406, 3.90e+08),
( 2.410, 4.75e+08),
( 2.413, 7.30e+07),
( 2.417, 4.58e+08),
( 2.420, 4.90e+08),
( 2.423, 5.30e+08),
( 2.427, 5.37e+08),
( 2.430, 4.71e+08),
( 2.433, 4.10e+07),
( 2.437, 3.20e+08),
( 2.440, 1.56e+06),
( 2.444, 3.81e+08),
( 2.447, 2.05e+08),
( 2.450, 4.60e+08),
( 2.454, 2.51e+08),
( 2.457,-3.11e+08),
( 2.460, 8.04e+07),
( 2.464, 2.51e+08),
( 2.467, 2.21e+07),
( 2.470, 1.16e+08),
( 2.474, 3.66e+08),
( 2.477, 2.37e+08),
( 2.481, 4.94e+08),
( 2.484, 3.86e+08),
( 2.487, 2.97e+08),
( 2.491, 6.89e+08),
( 2.494, 3.66e+08),
( 2.497, 6.53e+08),
( 2.501, 1.32e+08),
( 2.504, 3.38e+08),
( 2.508, 2.46e+08),
( 2.511, 3.81e+08),
( 2.514, 9.26e+08),
( 2.518, 4.76e+08),
( 2.521, 5.41e+08),
( 2.525, 4.50e+08),
( 2.528, 2.09e+08),
( 2.531, 8.46e+07),
( 2.535, 3.17e+08),
( 2.538, 2.84e+08),
( 2.541, 4.99e+08),
( 2.545, 8.25e+08),
( 2.548, 5.52e+08),
( 2.552, 7.70e+08),
( 2.555, 4.84e+08),
( 2.558, 1.05e+09),
( 2.562, 9.15e+08),
( 2.565, 8.51e+08),
( 2.568, 5.55e+08),
( 2.572, 1.03e+09),
( 2.575, 8.01e+08),
( 2.578, 9.01e+08),
( 2.582, 9.86e+08),
( 2.585, 9.70e+08),
( 2.589, 1.32e+09),
( 2.592, 1.30e+09),
( 2.595, 8.64e+08),
( 2.599, 1.10e+09),
( 2.602, 8.59e+08),
( 2.605, 7.15e+08),
( 2.609, 9.97e+08),
( 2.612, 5.02e+08),
( 2.616, 5.58e+08),
( 2.619, 4.44e+08),
( 2.622, 7.59e+08),
( 2.626, 2.89e+08),
( 2.629, 3.57e+08),
( 2.633, 4.95e+08),
( 2.636, 5.79e+08),
( 2.639, 2.92e+08),
( 2.643, 2.21e+08),
( 2.646, 6.39e+08),
( 2.649, 3.01e+08),
( 2.653, 1.46e+08),
( 2.656, 2.38e+08),
( 2.660, 3.08e+08),
( 2.663, 1.71e+08),
( 2.666, 3.40e+08),
( 2.670, 2.95e+07),
( 2.673, 3.38e+08),
( 2.676, 1.78e+08),
( 2.680, 4.63e+08),
( 2.683, 1.72e+07),
( 2.686, 8.21e+07),
( 2.690, 1.03e+08),
( 2.693, 3.58e+08),
( 2.697, 2.32e+08),
( 2.700, 1.64e+07),
( 2.703, 5.50e+07),
( 2.707, 1.59e+08),
( 2.710,-6.91e+07),
( 2.713,-3.22e+08),
( 2.717, 1.11e+08),
( 2.720,-5.27e+07),
( 2.724,-2.30e+08),
( 2.727, 4.10e+07),
( 2.730,-7.90e+07),
( 2.734,-1.38e+08),
( 2.737,-3.28e+08),
( 2.741,-4.43e+08),
( 2.744,-2.19e+08),
( 2.747, 1.52e+08),
( 2.751,-2.59e+08),
( 2.754, 2.28e+08),
( 2.757, 2.73e+08),
( 2.761, 1.54e+08),
( 2.764,-9.29e+07),
( 2.768,-6.01e+07),
( 2.771,-1.40e+08),
( 2.774, 1.31e+08),
( 2.778, 9.11e+07),
( 2.781, 1.12e+08),
( 2.784, 2.35e+08),
( 2.788, 2.00e+08),
( 2.791,-3.54e+07),
( 2.794, 3.22e+08),
( 2.798, 2.09e+08),
( 2.801, 3.85e+07),
( 2.805, 3.28e+07),
( 2.808, 6.73e+07),
( 2.811,-5.51e+07),
( 2.815,-6.99e+07),
( 2.818,-3.29e+07),
( 2.821,-2.79e+08),
( 2.825,-3.63e+08),
( 2.828, 1.26e+08),
( 2.832, 3.75e+08),
( 2.835, 6.15e+07),
( 2.838,-8.80e+07),
( 2.842, 8.29e+07),
( 2.845, 3.71e+08),
( 2.849,-1.34e+08),
( 2.852, 2.79e+07),
( 2.855, 7.22e+07),
( 2.859, 1.18e+08),
( 2.862, 2.02e+08),
( 2.865, 4.44e+08),
( 2.869,-1.72e+08),
( 2.872, 2.07e+08),
( 2.876, 2.95e+07),
( 2.879, 8.87e+07),
( 2.882,-7.81e+07),
( 2.886, 2.92e+08),
( 2.889,-4.86e+07),
( 2.892,-4.27e+08),
( 2.896,-1.92e+08),
( 2.899, 1.36e+08),
( 2.902, 1.26e+08),
( 2.906, 8.70e+07),
( 2.909,-3.59e+08),
( 2.913,-3.45e+08),
( 2.916,-6.01e+07),
( 2.919,-1.35e+08),
( 2.923,-2.97e+07),
( 2.926, 1.01e+08),
( 2.929, 3.53e+07),
( 2.933,-2.80e+07),
( 2.936, 1.54e+08),
( 2.940,-1.63e+08),
( 2.943,-2.84e+08),
( 2.946,-4.45e+07),
( 2.950, 7.80e+07),
( 2.953, 1.47e+07),
( 2.957, 1.39e+08),
( 2.960, 2.08e+08),
( 2.963, 9.52e+07),
( 2.967,-2.56e+07),
( 2.970,-2.06e+08),
( 2.973,-7.65e+07),
( 2.977, 2.70e+07),
( 2.980,-3.84e+08),
( 2.984,-5.46e+08),
( 2.987,-1.46e+08),
( 2.990,-8.31e+07),
( 2.994,-7.81e+07),
( 2.997, 2.58e+08),
( 3.000, 3.20e+06),
( 3.004, 7.63e+07),
( 3.007, 1.63e+08),
( 3.010, 2.40e+08),
( 3.014,-3.39e+08),
( 3.017,-1.45e+08),
( 3.021, 2.95e+07),
( 3.024,-2.08e+08),
( 3.027, 1.62e+08),
( 3.031, 4.19e+08),
( 3.034,-3.71e+07),
( 3.037, 1.02e+08),
( 3.041,-3.46e+07),
( 3.044, 9.52e+07),
( 3.048, 8.62e+07),
( 3.051, 3.03e+07),
( 3.054, 3.10e+08),
( 3.058,-3.30e+08),
( 3.061, 1.22e+08),
( 3.065,-1.58e+08),
( 3.068, 8.04e+07),
( 3.071,-1.13e+08),
( 3.075,-2.49e+08),
( 3.078,-3.05e+07),
( 3.081,-1.69e+08),
( 3.085, 3.96e+08),
( 3.088, 2.83e+08),
( 3.092,-2.39e+08),
( 3.095,-2.14e+08),
( 3.098,-2.62e+08),
( 3.102, 2.69e+08),
( 3.105, 3.10e+08),
( 3.108,-1.36e+08),
( 3.112, 2.00e+08),
( 3.115,-3.86e+08),
( 3.118,-1.09e+08),
( 3.122,-2.15e+08),
( 3.125, 1.12e+08),
( 3.129,-1.63e+08),
( 3.132, 2.00e+08),
( 3.135,-3.71e+07),
( 3.139,-1.73e+08),
( 3.142, 3.85e+07),
( 3.145,-3.59e+08),
( 3.149,-4.94e+07),
( 3.152,-1.68e+08),
( 3.156,-3.44e+08),
( 3.159, 4.84e+07),
( 3.162, 2.95e+08),
( 3.166,-1.73e+08),
( 3.169, 7.39e+07),
( 3.173,-1.04e+08),
( 3.176,-2.56e+08),
( 3.179,-6.06e+08),
( 3.183,-4.02e+08),
( 3.186,-3.38e+08),
( 3.189,-8.72e+07),
( 3.193,-1.96e+08),
( 3.196,-2.31e+07),
( 3.200, 2.04e+08)]
