Bolide Detection Notification: 2014-331

At 12:12:52 UT on 27 Nov 2014, sensors aboard U. S. Government satellites recorded
the flash signature of a large meteoroid entry into the atmosphere. Location of the
flash was Lat 18.9 °S, Lon 72.1 °W.

Based upon the visible-light intensity-time signature, peak brightness of the flash
was determined to be approximately 1.19e+10 watts/steradian, and total radiated flash
energy 2.17e+10 joules (6000K blackbody model).

Intensity-time signature of the event and integrated intensity are depicted on the
plots below.

Columns: time, intensity (w/sr)
Intensity=[(-0.398,  8.00e+07),
           (-0.395, -1.20e+08),
           (-0.392,  1.25e+08),
           (-0.388, -9.63e+07),
           (-0.385, -1.03e+09),
           (-0.381,  7.46e+08),
           (-0.378,  1.19e+09),
           (-0.375, -1.89e+08),
           (-0.371, -7.51e+08),
           (-0.368, -5.44e+08),
           (-0.361,  9.56e+08),
           (-0.358, -4.39e+08),
           (-0.354, -8.23e+08),
           (-0.351,  1.58e+08),
           (-0.348,  1.77e+09),
           (-0.344, -1.01e+09),
           (-0.341, -3.37e+08),
           (-0.338, -6.47e+08),
           (-0.334, -1.34e+09),
           (-0.331, -5.50e+08),
           (-0.327, -1.34e+08),
           (-0.324, -5.15e+08),
           (-0.321, -3.13e+08),
           (-0.314, -8.35e+08),
           (-0.311,  1.83e+09),
           (-0.307, -7.86e+08),
           (-0.304, -5.07e+08),
           (-0.300,  8.48e+08),
           (-0.297,  8.46e+08),
           (-0.294, -2.61e+08),
           (-0.287,  1.01e+09),
           (-0.284,  1.41e+09),
           (-0.280,  1.35e+09),
           (-0.277,  2.80e+07),
           (-0.273,  4.81e+08),
           (-0.270,  2.18e+08),
           (-0.267,  6.27e+08),
           (-0.263,  4.95e+07),
           (-0.260,  4.01e+08),
           (-0.257, -2.36e+09),
           (-0.253,  1.24e+09),
           (-0.250, -1.01e+09),
           (-0.246,  6.70e+08),
           (-0.243, -6.23e+08),
           (-0.240, -5.76e+08),
           (-0.236,  4.84e+08),
           (-0.233,  9.94e+08),
           (-0.230,  1.85e+08),
           (-0.226, -2.35e+08),
           (-0.223,  1.11e+09),
           (-0.219, -1.62e+09),
           (-0.216, -7.34e+08),
           (-0.213, -1.31e+09),
           (-0.209, -8.73e+08),
           (-0.206,  4.79e+08),
           (-0.203, -4.31e+08),
           (-0.199, -9.48e+08),
           (-0.196, -8.04e+08),
           (-0.192, -4.96e+08),
           (-0.189, -1.09e+09),
           (-0.186, -1.68e+08),
           (-0.182,  3.40e+08),
           (-0.179, -4.62e+08),
           (-0.176, -3.01e+08),
           (-0.172, -1.88e+09),
           (-0.169,  4.18e+08),
           (-0.165,  8.83e+08),
           (-0.162,  5.99e+08),
           (-0.159, -5.47e+08),
           (-0.155,  9.95e+08),
           (-0.152, -1.03e+09),
           (-0.149,  2.61e+08),
           (-0.145,  6.40e+08),
           (-0.142,  4.86e+07),
           (-0.138, -1.17e+09),
           (-0.135, -1.07e+09),
           (-0.132,  1.54e+09),
           (-0.128,  1.90e+09),
           (-0.125, -6.24e+08),
           (-0.122, -7.29e+08),
           (-0.115,  1.13e+08),
           (-0.111,  2.45e+08),
           (-0.108, -3.64e+08),
           (-0.105, -6.50e+08),
           (-0.101, -1.45e+09),
           (-0.098, -1.25e+09),
           (-0.095,  4.49e+08),
           (-0.091, -2.75e+08),
           (-0.088, -6.84e+07),
           (-0.084,  5.98e+07),
           (-0.081,  7.68e+08),
           (-0.078, -5.00e+08),
           (-0.074, -4.88e+08),
           (-0.071, -4.95e+07),
           (-0.064, -1.73e+09),
           (-0.061,  5.13e+08),
           (-0.057,  1.35e+09),
           (-0.054, -2.60e+08),
           (-0.051, -7.96e+07),
           (-0.047,  9.38e+08),
           (-0.044,  1.61e+08),
           (-0.041,  1.81e+08),
           (-0.037,  1.80e+09),
           (-0.034,  1.11e+09),
           (-0.030,  4.31e+07),
           (-0.027,  2.06e+09),
           (-0.024,  1.70e+09),
           (-0.020,  2.27e+09),
           (-0.017,  1.70e+09),
           (-0.014,  2.40e+09),
           (-0.010,  1.82e+09),
           (-0.007,  6.82e+08),
           (-0.003,  9.43e+08),
           (-0.000,  3.99e+09),
           ( 0.003,  2.27e+09),
           ( 0.007,  2.43e+09),
           ( 0.010,  1.32e+09),
           ( 0.013,  2.19e+09),
           ( 0.017,  3.60e+09),
           ( 0.020,  3.40e+09),
           ( 0.024,  4.73e+09),
           ( 0.027,  4.40e+09),
           ( 0.030,  2.24e+09),
           ( 0.034,  3.19e+09),
           ( 0.037,  3.46e+09),
           ( 0.040,  4.20e+09),
           ( 0.044,  1.82e+09),
           ( 0.047,  3.51e+09),
           ( 0.051,  2.72e+09),
           ( 0.054,  3.24e+09),
           ( 0.057,  3.18e+09),
           ( 0.061,  1.82e+09),
           ( 0.064,  3.37e+09),
           ( 0.067,  1.44e+09),
           ( 0.071,  3.33e+09),
           ( 0.074,  8.44e+08),
           ( 0.078,  1.94e+09),
           ( 0.081,  1.89e+09),
           ( 0.084,  4.30e+08),
           ( 0.088,  1.30e+09),
           ( 0.091,  1.05e+09),
           ( 0.094,  2.28e+09),
           ( 0.098,  1.55e+09),
           ( 0.101,  5.54e+08),
           ( 0.105,  1.87e+09),
           ( 0.108,  2.22e+09),
           ( 0.111,  5.18e+07),
           ( 0.115, -4.02e+08),
           ( 0.118,  1.86e+09),
           ( 0.121, -1.18e+08),
           ( 0.125,  1.25e+09),
           ( 0.128,  1.60e+09),
           ( 0.132, -5.81e+08),
           ( 0.135,  1.23e+09),
           ( 0.138,  4.19e+07),
           ( 0.142,  1.80e+09),
           ( 0.148, -3.69e+08),
           ( 0.152,  1.62e+09),
           ( 0.155, -5.84e+08),
           ( 0.159, -2.93e+07),
           ( 0.162,  2.36e+09),
           ( 0.165,  4.70e+08),
           ( 0.169,  1.19e+09),
           ( 0.172,  3.96e+08),
           ( 0.175,  1.40e+08),
           ( 0.179,  2.37e+08),
           ( 0.182,  1.06e+09),
           ( 0.186,  3.95e+08),
           ( 0.189,  1.91e+09),
           ( 0.192, -5.82e+07),
           ( 0.196,  1.03e+09),
           ( 0.199, -6.00e+08),
           ( 0.202,  1.15e+09),
           ( 0.206,  1.36e+09),
           ( 0.209, -1.39e+08),
           ( 0.213,  7.80e+08),
           ( 0.216, -1.62e+07),
           ( 0.219,  1.46e+09),
           ( 0.226, -4.44e+07),
           ( 0.229,  4.98e+08),
           ( 0.233,  6.01e+08),
           ( 0.236,  1.34e+09),
           ( 0.240,  1.27e+09),
           ( 0.243,  2.51e+08),
           ( 0.246,  1.00e+09),
           ( 0.253,  3.03e+08),
           ( 0.256,  7.14e+08),
           ( 0.260, -1.13e+09),
           ( 0.263,  1.81e+09),
           ( 0.267,  6.28e+08),
           ( 0.270, -1.41e+09),
           ( 0.273, -1.63e+09),
           ( 0.277,  2.48e+08),
           ( 0.283, -1.12e+09),
           ( 0.287,  3.46e+08),
           ( 0.290,  6.00e+07),
           ( 0.294, -1.28e+09),
           ( 0.297, -1.88e+08),
           ( 0.300, -9.79e+08),
           ( 0.304, -2.17e+09),
           ( 0.307, -7.83e+08),
           ( 0.310, -9.06e+08),
           ( 0.314,  1.81e+06),
           ( 0.317,  6.58e+08),
           ( 0.321, -1.54e+08),
           ( 0.327,  2.10e+08),
           ( 0.331, -3.02e+08),
           ( 0.337, -9.52e+08),
           ( 0.341,  5.93e+07),
           ( 0.344, -8.92e+08),
           ( 0.348, -9.07e+08),
           ( 0.351, -8.72e+08),
           ( 0.354,  2.24e+09),
           ( 0.358, -9.47e+08),
           ( 0.361, -1.14e+09),
           ( 0.364, -1.18e+09),
           ( 0.368, -5.34e+08),
           ( 0.371, -1.40e+09),
           ( 0.375, -4.53e+08),
           ( 0.378, -7.40e+07),
           ( 0.381, -9.13e+08),
           ( 0.385,  1.30e+08),
           ( 0.388, -1.24e+09),
           ( 0.391, -8.00e+08),
           ( 0.395, -9.49e+08),
           ( 0.398,  4.96e+08),
           ( 0.402, -2.10e+09),
           ( 0.405, -1.59e+08),
           ( 0.408,  3.73e+08),
           ( 0.412, -5.00e+08),
           ( 0.415,  3.64e+07),
           ( 0.418,  3.90e+08),
           ( 0.422,  1.65e+09),
           ( 0.425, -1.22e+09),
           ( 0.429,  1.79e+08),
           ( 0.432, -4.88e+08),
           ( 0.435, -8.27e+08),
           ( 0.439,  2.20e+09),
           ( 0.442, -8.74e+08),
           ( 0.445, -4.67e+08),
           ( 0.449,  1.34e+09),
           ( 0.452,  1.39e+07),
           ( 0.456,  1.76e+08),
           ( 0.459,  2.34e+08),
           ( 0.462, -1.02e+09),
           ( 0.466, -1.95e+08),
           ( 0.469,  1.56e+09),
           ( 0.472,  3.82e+07),
           ( 0.476, -6.03e+08),
           ( 0.479,  1.17e+09),
           ( 0.483,  1.35e+09),
           ( 0.486, -6.29e+08),
           ( 0.489,  1.03e+09),
           ( 0.493,  1.84e+09),
           ( 0.496,  1.58e+09),
           ( 0.499,  2.33e+09),
           ( 0.503,  4.55e+08),
           ( 0.506,  3.47e+08),
           ( 0.510,  1.78e+09),
           ( 0.513, -1.92e+08),
           ( 0.516,  1.08e+09),
           ( 0.520,  2.03e+09),
           ( 0.523,  7.55e+08),
           ( 0.526,  2.78e+09),
           ( 0.530,  2.49e+09),
           ( 0.533,  2.60e+09),
           ( 0.537,  2.88e+09),
           ( 0.540,  1.85e+09),
           ( 0.543,  2.32e+09),
           ( 0.547,  4.01e+09),
           ( 0.550,  9.56e+08),
           ( 0.553,  1.26e+09),
           ( 0.557,  2.75e+09),
           ( 0.560,  1.96e+09),
           ( 0.564,  1.86e+09),
           ( 0.567,  2.60e+08),
           ( 0.570,  5.88e+08),
           ( 0.574,  2.00e+09),
           ( 0.577, -7.75e+08),
           ( 0.580, -2.80e+08),
           ( 0.584,  2.69e+09),
           ( 0.587, -1.08e+08),
           ( 0.591,  1.26e+09),
           ( 0.594,  1.49e+09),
           ( 0.601, -1.90e+08),
           ( 0.604, -2.18e+08),
           ( 0.607,  3.87e+08),
           ( 0.611,  7.47e+08),
           ( 0.614,  8.16e+08),
           ( 0.618,  3.61e+08),
           ( 0.621,  5.68e+08),
           ( 0.624,  5.33e+08),
           ( 0.628,  1.67e+08),
           ( 0.631,  1.65e+08),
           ( 0.638,  8.09e+08),
           ( 0.641,  9.21e+08),
           ( 0.645,  1.66e+08),
           ( 0.648,  1.79e+08),
           ( 0.651,  1.01e+09),
           ( 0.655,  4.67e+08),
           ( 0.658,  4.34e+08),
           ( 0.661, -1.63e+09),
           ( 0.665,  1.63e+08),
           ( 0.668, -8.42e+07),
           ( 0.672,  6.29e+08),
           ( 0.675,  1.33e+07),
           ( 0.678, -1.42e+09),
           ( 0.682,  6.21e+08),
           ( 0.685,  1.62e+09),
           ( 0.688,  7.94e+08),
           ( 0.692, -9.08e+08),
           ( 0.699,  7.18e+08),
           ( 0.702,  6.00e+07),
           ( 0.705, -3.37e+08),
           ( 0.709,  4.83e+06),
           ( 0.712, -4.50e+07),
           ( 0.715, -2.36e+08),
           ( 0.719, -1.61e+09),
           ( 0.722, -4.22e+08),
           ( 0.726, -4.29e+08),
           ( 0.732, -7.95e+08),
           ( 0.736, -4.09e+08),
           ( 0.739, -1.37e+09),
           ( 0.742,  1.25e+09),
           ( 0.746,  2.05e+08),
           ( 0.749, -1.61e+09),
           ( 0.753, -7.67e+08),
           ( 0.756, -3.86e+08),
           ( 0.759, -1.90e+08),
           ( 0.763, -5.87e+08),
           ( 0.766, -2.75e+08),
           ( 0.769, -1.39e+08),
           ( 0.773, -8.93e+08),
           ( 0.776, -1.06e+09),
           ( 0.780, -6.05e+08),
           ( 0.783, -4.16e+08),
           ( 0.786, -7.80e+08),
           ( 0.790, -5.72e+07),
           ( 0.793,  2.69e+08),
           ( 0.796, -1.74e+09),
           ( 0.800, -1.92e+09),
           ( 0.803, -2.77e+08),
           ( 0.807, -1.80e+08),
           ( 0.810,  8.80e+07),
           ( 0.813, -2.47e+08),
           ( 0.817, -1.53e+09),
           ( 0.820, -9.17e+08),
           ( 0.823,  1.09e+07),
           ( 0.827, -3.52e+08),
           ( 0.830,  1.78e+09),
           ( 0.834, -1.03e+09),
           ( 0.837, -9.00e+08),
           ( 0.840, -8.41e+08),
           ( 0.844, -1.10e+09),
           ( 0.847, -2.63e+08),
           ( 0.850, -4.86e+08),
           ( 0.854, -8.71e+08),
           ( 0.857, -2.11e+08),
           ( 0.861, -4.52e+08),
           ( 0.864, -1.39e+09),
           ( 0.867, -6.66e+08),
           ( 0.871, -6.58e+08),
           ( 0.874, -1.46e+09),
           ( 0.877, -3.78e+08),
           ( 0.881, -1.30e+09),
           ( 0.884, -5.05e+07),
           ( 0.888,  1.73e+08),
           ( 0.891, -1.13e+09),
           ( 0.894, -5.68e+08),
           ( 0.898, -1.11e+09),
           ( 0.901, -1.53e+08),
           ( 0.904, -1.34e+09),
           ( 0.908, -6.37e+08),
           ( 0.911, -9.51e+08),
           ( 0.915, -2.27e+09),
           ( 0.921, -1.65e+08),
           ( 0.925, -1.17e+09),
           ( 0.928, -2.36e+08),
           ( 0.931,  3.86e+08),
           ( 0.935, -8.28e+08),
           ( 0.938,  5.95e+07),
           ( 0.942, -4.31e+08),
           ( 0.945,  1.06e+08),
           ( 0.948, -2.84e+08),
           ( 0.952, -1.06e+09),
           ( 0.955, -6.25e+08),
           ( 0.958, -4.47e+08),
           ( 0.962, -1.13e+09),
           ( 0.965, -3.01e+08),
           ( 0.969, -3.87e+08),
           ( 0.972, -5.85e+08),
           ( 0.975, -2.91e+08),
           ( 0.979, -1.50e+09),
           ( 0.982, -1.56e+09),
           ( 0.985, -5.69e+08),
           ( 0.989, -1.40e+09),
           ( 0.992,  1.41e+08),
           ( 0.996, -7.01e+08),
           ( 0.999, -1.02e+09),
           ( 1.002, -8.13e+08),
           ( 1.006,  6.28e+08),
           ( 1.009, -1.02e+09),
           ( 1.012, -1.17e+09),
           ( 1.016, -6.04e+08),
           ( 1.019,  3.98e+08),
           ( 1.023, -1.01e+09),
           ( 1.026, -2.28e+08),
           ( 1.029, -5.13e+08),
           ( 1.033,  2.71e+08),
           ( 1.036, -1.12e+09),
           ( 1.039, -6.71e+08),
           ( 1.043, -4.99e+08),
           ( 1.046, -1.89e+09),
           ( 1.050,  6.82e+07),
           ( 1.053,  1.74e+07),
           ( 1.056, -1.25e+09),
           ( 1.063, -1.99e+09),
           ( 1.066, -2.72e+08),
           ( 1.070, -1.84e+08),
           ( 1.073, -7.65e+08),
           ( 1.077,  1.06e+09),
           ( 1.080, -1.97e+09),
           ( 1.083,  5.98e+08),
           ( 1.087,  7.94e+08),
           ( 1.090, -1.53e+09),
           ( 1.093, -1.21e+09),
           ( 1.097, -6.08e+08),
           ( 1.100, -3.18e+08),
           ( 1.104, -2.14e+09),
           ( 1.107, -2.91e+08),
           ( 1.110, -9.07e+06),
           ( 1.114, -1.36e+09),
           ( 1.117,  2.05e+08),
           ( 1.120,  5.82e+08),
           ( 1.124, -7.87e+08),
           ( 1.127, -9.07e+08),
           ( 1.131,  1.65e+09),
           ( 1.134,  1.27e+08),
           ( 1.137,  7.04e+08),
           ( 1.141,  5.88e+08),
           ( 1.144,  2.77e+06),
           ( 1.147,  1.32e+09),
           ( 1.151, -9.11e+08),
           ( 1.154, -2.68e+07),
           ( 1.158, -1.31e+09),
           ( 1.161, -4.09e+08),
           ( 1.164, -2.55e+08),
           ( 1.168, -3.32e+07),
           ( 1.171,  6.61e+08),
           ( 1.174,  8.52e+08),
           ( 1.178, -3.57e+08),
           ( 1.181,  1.11e+08),
           ( 1.185, -3.74e+08),
           ( 1.188, -4.17e+08),
           ( 1.191, -5.39e+08),
           ( 1.195, -1.86e+08),
           ( 1.198, -9.54e+07),
           ( 1.201, -9.23e+08),
           ( 1.205, -1.15e+09),
           ( 1.208, -1.95e+07),
           ( 1.212,  5.48e+08),
           ( 1.215, -1.64e+09),
           ( 1.218,  6.67e+08),
           ( 1.222,  3.81e+08),
           ( 1.225,  9.30e+08),
           ( 1.228, -1.75e+09),
           ( 1.232,  3.06e+08),
           ( 1.235, -8.07e+08),
           ( 1.239, -2.24e+08),
           ( 1.242, -1.32e+08),
           ( 1.245,  4.90e+08),
           ( 1.249, -7.83e+08),
           ( 1.252,  1.30e+09),
           ( 1.255,  1.80e+08),
           ( 1.259, -3.14e+08),
           ( 1.262,  1.18e+09),
           ( 1.269, -6.61e+08),
           ( 1.272, -5.77e+08),
           ( 1.276, -3.35e+08),
           ( 1.279, -2.43e+08),
           ( 1.286,  9.03e+08),
           ( 1.289,  2.10e+08),
           ( 1.293, -7.35e+08),
           ( 1.296,  5.90e+07),
           ( 1.299,  2.81e+08),
           ( 1.303, -1.18e+09),
           ( 1.306,  2.62e+08),
           ( 1.309, -1.90e+08),
           ( 1.313, -1.67e+09),
           ( 1.316, -9.40e+08),
           ( 1.320, -9.20e+08),
           ( 1.323,  3.66e+08),
           ( 1.326, -5.55e+08),
           ( 1.330, -1.25e+08),
           ( 1.333,  2.65e+09),
           ( 1.336, -1.26e+09),
           ( 1.340, -7.44e+08),
           ( 1.343, -1.82e+09),
           ( 1.347,  1.01e+09),
           ( 1.350,  4.77e+08),
           ( 1.353,  7.10e+08),
           ( 1.357, -5.92e+08),
           ( 1.360, -7.40e+07),
           ( 1.363, -2.05e+06),
           ( 1.367,  9.94e+08),
           ( 1.370,  9.87e+08),
           ( 1.374,  9.65e+08),
           ( 1.377,  4.37e+08),
           ( 1.380, -7.06e+08),
           ( 1.384,  1.69e+09),
           ( 1.387,  3.86e+08),
           ( 1.390,  7.43e+08),
           ( 1.394, -4.10e+08),
           ( 1.397,  8.34e+08),
           ( 1.401,  5.06e+08),
           ( 1.404,  6.90e+08),
           ( 1.407,  7.14e+08),
           ( 1.411, -1.22e+09),
           ( 1.417,  1.61e+09),
           ( 1.421,  7.57e+07),
           ( 1.424, -5.32e+08),
           ( 1.428,  4.34e+08),
           ( 1.431,  1.07e+09),
           ( 1.434, -5.80e+08),
           ( 1.438, -8.56e+08),
           ( 1.441,  1.96e+09),
           ( 1.444,  1.31e+07),
           ( 1.448,  2.37e+08),
           ( 1.451, -5.52e+07),
           ( 1.455, -5.94e+08),
           ( 1.458, -9.92e+08),
           ( 1.465,  2.31e+08),
           ( 1.468, -1.22e+09),
           ( 1.471, -3.37e+08),
           ( 1.475, -1.53e+09),
           ( 1.478,  1.26e+09),
           ( 1.482, -6.67e+08),
           ( 1.485, -3.96e+08),
           ( 1.488, -3.66e+08),
           ( 1.495, -2.67e+08),
           ( 1.498,  1.41e+09),
           ( 1.505, -7.68e+08),
           ( 1.509, -5.20e+08),
           ( 1.512, -6.00e+07),
           ( 1.515,  1.09e+09),
           ( 1.519, -1.06e+09),
           ( 1.522, -1.31e+09),
           ( 1.525,  1.23e+09),
           ( 1.529, -4.58e+08),
           ( 1.532, -4.63e+07),
           ( 1.536, -9.71e+08),
           ( 1.539, -1.48e+09),
           ( 1.542,  2.56e+08),
           ( 1.546, -6.18e+08),
           ( 1.549, -2.76e+09),
           ( 1.552, -1.63e+09),
           ( 1.556, -1.41e+09),
           ( 1.559, -4.48e+08),
           ( 1.563, -1.20e+09),
           ( 1.566, -6.19e+08),
           ( 1.569, -7.82e+08),
           ( 1.573, -2.24e+09),
           ( 1.576,  1.20e+09),
           ( 1.579, -1.12e+09),
           ( 1.583, -5.19e+08),
           ( 1.586,  8.69e+08),
           ( 1.590, -1.44e+08),
           ( 1.593, -8.25e+08),
           ( 1.596, -3.71e+08),
           ( 1.600,  4.59e+08),
           ( 1.603,  1.99e+08),
           ( 1.606, -6.80e+08),
           ( 1.610, -6.90e+08),
           ( 1.613, -3.16e+08),
           ( 1.617, -3.07e+08),
           ( 1.620, -1.49e+08),
           ( 1.623, -5.85e+08),
           ( 1.627, -4.97e+08),
           ( 1.630, -4.66e+08),
           ( 1.633, -4.83e+08),
           ( 1.637,  7.35e+08),
           ( 1.640, -1.32e+09),
           ( 1.644, -3.90e+08),
           ( 1.647, -3.78e+08),
           ( 1.650, -6.09e+08),
           ( 1.654,  9.65e+08),
           ( 1.657,  1.18e+09),
           ( 1.660, -1.01e+09),
           ( 1.664, -4.94e+08),
           ( 1.671,  1.43e+09),
           ( 1.674,  1.09e+09),
           ( 1.677,  3.27e+08),
           ( 1.681,  4.07e+09),
           ( 1.684,  3.67e+09),
           ( 1.687,  3.10e+09),
           ( 1.691,  5.78e+09),
           ( 1.694,  3.61e+09),
           ( 1.698,  3.98e+09),
           ( 1.701,  5.01e+09),
           ( 1.704,  4.30e+09),
           ( 1.708,  6.15e+09),
           ( 1.711,  4.62e+09),
           ( 1.714,  5.56e+09),
           ( 1.718,  6.86e+09),
           ( 1.721,  6.61e+09),
           ( 1.725,  8.19e+09),
           ( 1.728,  7.77e+09),
           ( 1.731,  9.32e+09),
           ( 1.735,  1.04e+10),
           ( 1.738,  9.80e+09),
           ( 1.741,  1.15e+10),
           ( 1.748,  9.32e+09),
           ( 1.752,  9.29e+09),
           ( 1.755,  7.37e+09),
           ( 1.758,  8.47e+09),
           ( 1.762,  9.21e+09),
           ( 1.765,  8.58e+09),
           ( 1.768,  6.97e+09),
           ( 1.772,  6.75e+09),
           ( 1.775,  7.00e+09),
           ( 1.779,  5.50e+09),
           ( 1.782,  7.00e+09),
           ( 1.785,  6.27e+09),
           ( 1.789,  4.91e+09),
           ( 1.792,  5.94e+09),
           ( 1.795,  5.34e+09),
           ( 1.799,  5.08e+09),
           ( 1.806,  3.75e+09),
           ( 1.809,  3.51e+09),
           ( 1.816,  5.00e+09),
           ( 1.822,  2.92e+09),
           ( 1.826,  3.23e+09),
           ( 1.829,  4.05e+09),
           ( 1.833,  3.49e+09),
           ( 1.839,  5.36e+09),
           ( 1.843,  3.46e+09),
           ( 1.846,  2.03e+09),
           ( 1.849,  3.33e+09),
           ( 1.853,  3.18e+09),
           ( 1.856,  4.54e+09),
           ( 1.860,  4.67e+09),
           ( 1.863,  2.85e+09),
           ( 1.866,  2.51e+09),
           ( 1.870,  3.85e+09),
           ( 1.873,  3.26e+09),
           ( 1.876,  3.89e+09),
           ( 1.880,  3.74e+09),
           ( 1.883,  2.30e+09),
           ( 1.887,  2.77e+09),
           ( 1.890,  2.80e+09),
           ( 1.893,  2.80e+09),
           ( 1.897,  1.90e+09),
           ( 1.900,  3.63e+09),
           ( 1.903,  2.80e+09),
           ( 1.907,  3.04e+09),
           ( 1.910,  2.63e+09),
           ( 1.914,  4.12e+09),
           ( 1.920,  1.45e+09),
           ( 1.924,  1.71e+09),
           ( 1.927,  2.15e+09),
           ( 1.930,  1.30e+09),
           ( 1.934,  2.80e+09),
           ( 1.937,  1.73e+09),
           ( 1.941,  2.23e+09),
           ( 1.944,  1.92e+09),
           ( 1.947,  4.77e+09),
           ( 1.951,  4.65e+09),
           ( 1.954,  4.66e+09),
           ( 1.957,  4.22e+09),
           ( 1.961,  5.31e+09),
           ( 1.964,  4.73e+09),
           ( 1.968,  4.77e+09),
           ( 1.971,  2.64e+09),
           ( 1.974,  3.49e+09),
           ( 1.978,  3.25e+09),
           ( 1.981,  4.70e+09),
           ( 1.984,  2.55e+09),
           ( 1.988,  3.72e+09),
           ( 1.991,  3.04e+09),
           ( 1.995,  3.84e+09),
           ( 2.001,  3.20e+09),
           ( 2.005,  2.26e+09),
           ( 2.008,  4.41e+09),
           ( 2.015,  1.23e+09),
           ( 2.018,  2.34e+09),
           ( 2.022,  1.47e+09),
           ( 2.025,  9.79e+08),
           ( 2.028,  7.09e+08),
           ( 2.032,  9.57e+08),
           ( 2.035,  1.14e+09),
           ( 2.038,  3.90e+09),
           ( 2.042, -1.97e+08),
           ( 2.045,  1.14e+08),
           ( 2.049,  1.40e+09),
           ( 2.052,  2.93e+08),
           ( 2.055, -4.38e+08),
           ( 2.059,  5.07e+08),
           ( 2.062, -1.14e+08),
           ( 2.065,  2.42e+09),
           ( 2.069,  6.24e+08),
           ( 2.072,  5.86e+08),
           ( 2.076,  1.55e+09),
           ( 2.079, -5.41e+08),
           ( 2.086,  1.75e+09),
           ( 2.089,  8.12e+08),
           ( 2.092,  1.39e+09),
           ( 2.096, -4.43e+07),
           ( 2.099,  1.31e+09),
           ( 2.103, -2.54e+08),
           ( 2.106,  2.50e+08),
           ( 2.109, -2.26e+08),
           ( 2.113, -9.70e+08),
           ( 2.116, -4.31e+08),
           ( 2.119, -8.06e+08),
           ( 2.123,  6.36e+07),
           ( 2.126, -1.49e+09),
           ( 2.130, -3.40e+08),
           ( 2.133, -1.67e+08),
           ( 2.136,  1.12e+08),
           ( 2.140, -9.55e+07),
           ( 2.143, -1.50e+09),
           ( 2.146,  4.33e+08),
           ( 2.150,  1.63e+09),
           ( 2.153,  7.74e+08),
           ( 2.157,  2.06e+09),
           ( 2.160,  1.36e+09),
           ( 2.163,  1.38e+09),
           ( 2.170,  1.06e+09),
           ( 2.173,  1.55e+09),
           ( 2.180,  5.04e+07),
           ( 2.184,  1.40e+09),
           ( 2.187,  1.91e+08),
           ( 2.190,  1.42e+09),
           ( 2.194,  3.08e+08),
           ( 2.197,  5.97e+08),
           ( 2.200, -8.36e+08),
           ( 2.204,  1.33e+09),
           ( 2.207,  3.46e+08),
           ( 2.211,  1.94e+09),
           ( 2.214,  2.71e+09),
           ( 2.217,  1.37e+09),
           ( 2.221,  2.17e+09),
           ( 2.224,  2.08e+09),
           ( 2.227,  1.69e+09),
           ( 2.231,  1.49e+09),
           ( 2.234,  5.42e+08),
           ( 2.238,  1.40e+09),
           ( 2.241,  1.71e+09),
           ( 2.244,  2.68e+09),
           ( 2.248,  1.88e+09),
           ( 2.251,  1.74e+09),
           ( 2.254,  2.33e+09),
           ( 2.258,  7.88e+08),
           ( 2.261,  3.46e+08),
           ( 2.265,  1.37e+09),
           ( 2.268,  9.39e+08),
           ( 2.271,  9.94e+08),
           ( 2.275,  2.28e+08),
           ( 2.278,  2.20e+08),
           ( 2.281,  1.48e+09),
           ( 2.285,  7.82e+08),
           ( 2.288,  2.66e+09),
           ( 2.295,  6.18e+08),
           ( 2.298,  1.79e+09),
           ( 2.302,  1.10e+09),
           ( 2.305,  1.92e+09),
           ( 2.308,  6.04e+06),
           ( 2.312,  2.71e+08),
           ( 2.315,  1.90e+09),
           ( 2.319, -7.01e+07),
           ( 2.322,  4.89e+08),
           ( 2.329,  7.69e+08),
           ( 2.332,  3.40e+08),
           ( 2.335,  5.62e+08),
           ( 2.339, -1.25e+08),
           ( 2.342,  3.58e+08),
           ( 2.346,  9.46e+07),
           ( 2.349,  4.10e+08),
           ( 2.356, -1.33e+09),
           ( 2.359,  9.60e+08),
           ( 2.362,  9.67e+08),
           ( 2.366,  1.75e+08),
           ( 2.369,  6.06e+08),
           ( 2.373,  4.60e+08),
           ( 2.376, -9.56e+08),
           ( 2.379, -4.07e+08),
           ( 2.383,  3.17e+08),
           ( 2.386, -7.49e+07),
           ( 2.389, -1.41e+09),
           ( 2.393,  1.34e+08),
           ( 2.396,  9.19e+08),
           ( 2.400, -8.28e+08),
           ( 2.403, -2.56e+08),
           ( 2.406,  4.94e+08),
           ( 2.410,  8.28e+08),
           ( 2.413, -1.25e+09),
           ( 2.416, -2.95e+08),
           ( 2.420, -2.48e+08),
           ( 2.423,  2.34e+08),
           ( 2.427, -1.14e+08),
           ( 2.430,  1.12e+08),
           ( 2.433,  1.29e+09),
           ( 2.437,  5.25e+08),
           ( 2.440,  1.10e+09),
           ( 2.443, -7.33e+08),
           ( 2.447,  6.58e+08),
           ( 2.450,  9.02e+08),
           ( 2.454,  6.23e+08),
           ( 2.457,  2.49e+09),
           ( 2.460,  1.74e+09),
           ( 2.464, -6.44e+08),
           ( 2.467,  1.64e+09),
           ( 2.470,  6.19e+08),
           ( 2.474,  1.35e+09),
           ( 2.477, -2.49e+08),
           ( 2.481,  8.94e+08),
           ( 2.484,  4.38e+08),
           ( 2.487, -6.65e+08),
           ( 2.491, -3.39e+08),
           ( 2.494,  5.53e+08),
           ( 2.497,  2.14e+08),
           ( 2.501, -1.37e+09),
           ( 2.504,  1.12e+09),
           ( 2.508,  2.16e+08),
           ( 2.511,  6.95e+08),
           ( 2.514,  5.03e+07),
           ( 2.518,  6.06e+07),
           ( 2.521, -1.39e+08),
           ( 2.524, -8.94e+08),
           ( 2.528, -4.84e+08),
           ( 2.531, -1.93e+08),
           ( 2.535,  1.21e+09),
           ( 2.538, -9.98e+08),
           ( 2.541,  1.15e+09),
           ( 2.545,  1.54e+09),
           ( 2.551, -1.06e+09),
           ( 2.555,  2.63e+09),
           ( 2.558, -5.86e+08),
           ( 2.562,  8.75e+08),
           ( 2.565,  6.24e+07),
           ( 2.568, -2.02e+08),
           ( 2.572, -1.62e+09),
           ( 2.575, -8.47e+08),
           ( 2.578,  2.72e+08),
           ( 2.582,  3.85e+08),
           ( 2.585,  8.69e+08),
           ( 2.589,  1.41e+07),
           ( 2.592,  1.90e+07),
           ( 2.595, -6.06e+08),
           ( 2.599, -4.88e+08),
           ( 2.599, -4.88e+08)]
