Bolide Detection Notification: 2015-163

At 17:03:35 UT on 12 Jun 2015, sensors aboard U. S. Government satellites recorded
the flash signature of a large meteoroid entry into the atmosphere. Location of the
flash was Lat 1.3 °S, Lon 32.1 °W.

Based upon the visible-light intensity-time signature, peak brightness of the flash
was determined to be approximately 3.66e+10 watts/steradian, and total radiated flash
energy 1.76e+11 joules (6000K blackbody model).

Intensity-time signature of the event and integrated intensity are depicted on the
plots below.

Columns: time, intensity (w/sr)
Intensity=[(-1.998,  1.18e+09),
           (-1.995,  3.94e+07),
           (-1.991,  3.47e+08),
           (-1.984, -3.30e+08),
           (-1.981, -1.35e+09),
           (-1.978, -3.03e+07),
           (-1.974, -1.37e+09),
           (-1.971, -1.31e+09),
           (-1.968,  1.43e+09),
           (-1.961,  6.60e+07),
           (-1.957,  1.36e+09),
           (-1.951, -1.09e+09),
           (-1.947,  4.29e+08),
           (-1.944,  1.59e+08),
           (-1.941,  2.36e+09),
           (-1.937, -4.64e+08),
           (-1.934, -1.50e+09),
           (-1.930,  6.89e+08),
           (-1.927,  9.13e+08),
           (-1.924, -1.18e+09),
           (-1.920,  5.69e+08),
           (-1.914, -3.86e+08),
           (-1.910, -1.41e+09),
           (-1.907,  1.05e+09),
           (-1.900, -2.93e+08),
           (-1.897, -2.83e+08),
           (-1.893,  1.86e+08),
           (-1.890,  1.45e+09),
           (-1.887,  5.34e+08),
           (-1.880, -4.68e+08),
           (-1.877,  5.50e+08),
           (-1.873,  4.95e+08),
           (-1.870,  3.06e+08),
           (-1.866,  5.85e+08),
           (-1.863, -5.63e+08),
           (-1.860, -4.56e+08),
           (-1.856, -2.13e+08),
           (-1.849, -3.09e+08),
           (-1.846,  1.61e+08),
           (-1.843, -1.24e+09),
           (-1.836,  5.54e+08),
           (-1.833, -3.90e+08),
           (-1.829, -4.72e+08),
           (-1.826, -1.49e+09),
           (-1.822,  6.44e+07),
           (-1.819,  4.36e+08),
           (-1.816, -4.08e+08),
           (-1.812,  4.45e+08),
           (-1.809,  3.28e+08),
           (-1.802,  1.07e+09),
           (-1.799,  4.11e+08),
           (-1.795, -1.57e+09),
           (-1.789,  1.85e+08),
           (-1.785, -1.41e+08),
           (-1.782, -9.28e+08),
           (-1.779, -7.84e+08),
           (-1.775,  8.33e+08),
           (-1.772, -2.02e+09),
           (-1.765,  8.54e+08),
           (-1.762,  1.25e+09),
           (-1.758, -1.03e+09),
           (-1.755, -8.68e+08),
           (-1.752, -1.62e+09),
           (-1.748,  7.00e+08),
           (-1.745,  4.77e+08),
           (-1.738, -4.05e+08),
           (-1.735, -7.78e+07),
           (-1.731, -6.51e+07),
           (-1.728,  2.06e+08),
           (-1.725, -1.04e+09),
           (-1.721, -6.75e+08),
           (-1.718,  6.97e+08),
           (-1.714, -5.55e+08),
           (-1.711,  1.81e+08),
           (-1.708, -5.72e+08),
           (-1.704,  4.48e+08),
           (-1.701,  6.63e+08),
           (-1.698,  1.86e+08),
           (-1.694,  1.32e+08),
           (-1.691, -4.38e+08),
           (-1.688,  2.78e+08),
           (-1.684,  2.72e+08),
           (-1.681, -1.81e+08),
           (-1.677,  1.24e+09),
           (-1.674,  5.39e+08),
           (-1.667, -4.20e+07),
           (-1.664, -1.01e+09),
           (-1.657,  6.15e+08),
           (-1.654, -2.88e+08),
           (-1.650,  1.42e+08),
           (-1.647, -2.48e+08),
           (-1.644,  2.23e+08),
           (-1.640,  3.42e+08),
           (-1.637, -1.56e+08),
           (-1.633, -3.81e+08),
           (-1.630,  3.20e+08),
           (-1.627,  4.32e+08),
           (-1.623,  6.69e+08),
           (-1.620, -4.05e+08),
           (-1.617,  1.04e+09),
           (-1.613,  9.24e+08),
           (-1.610,  1.52e+08),
           (-1.603,  7.42e+07),
           (-1.600,  1.09e+09),
           (-1.596, -1.33e+09),
           (-1.593,  8.63e+07),
           (-1.586, -8.02e+08),
           (-1.583,  2.10e+09),
           (-1.580, -4.17e+08),
           (-1.576,  4.00e+08),
           (-1.573,  6.23e+07),
           (-1.569,  1.52e+08),
           (-1.566,  9.88e+08),
           (-1.563,  5.33e+08),
           (-1.559, -1.13e+09),
           (-1.556, -8.42e+08),
           (-1.552, -1.41e+09),
           (-1.549,  1.35e+09),
           (-1.546, -6.18e+08),
           (-1.542, -1.29e+09),
           (-1.539,  7.29e+08),
           (-1.536, -1.35e+09),
           (-1.532, -9.51e+08),
           (-1.529,  1.15e+09),
           (-1.525, -9.91e+08),
           (-1.522,  4.52e+08),
           (-1.519,  9.39e+08),
           (-1.515,  9.53e+08),
           (-1.512, -1.25e+09),
           (-1.509,  1.64e+08),
           (-1.505,  6.24e+08),
           (-1.502,  4.39e+08),
           (-1.498,  1.01e+09),
           (-1.492, -4.66e+08),
           (-1.488,  4.05e+08),
           (-1.485,  8.32e+08),
           (-1.482, -9.09e+08),
           (-1.478, -1.43e+09),
           (-1.475,  1.86e+08),
           (-1.471, -9.94e+08),
           (-1.465, -2.70e+08),
           (-1.461,  5.82e+08),
           (-1.458, -2.21e+08),
           (-1.455,  4.37e+08),
           (-1.451,  1.46e+09),
           (-1.448, -6.27e+08),
           (-1.444,  4.65e+08),
           (-1.441,  8.23e+08),
           (-1.438,  9.00e+08),
           (-1.434, -7.66e+06),
           (-1.431,  1.20e+09),
           (-1.428,  1.06e+09),
           (-1.424, -2.74e+08),
           (-1.421, -2.77e+08),
           (-1.417, -6.23e+08),
           (-1.414, -5.34e+08),
           (-1.411,  1.20e+09),
           (-1.401, -1.73e+09),
           (-1.397,  5.53e+07),
           (-1.394, -1.61e+08),
           (-1.391,  1.13e+09),
           (-1.387,  2.62e+08),
           (-1.384,  4.23e+08),
           (-1.380,  1.37e+09),
           (-1.377,  6.88e+07),
           (-1.374,  4.05e+08),
           (-1.370, -3.69e+08),
           (-1.364,  1.47e+09),
           (-1.357, -8.55e+08),
           (-1.353, -1.29e+08),
           (-1.350,  9.20e+08),
           (-1.347,  4.05e+08),
           (-1.343, -7.29e+08),
           (-1.336,  7.05e+08),
           (-1.333, -5.15e+08),
           (-1.330, -5.95e+08),
           (-1.326,  1.00e+09),
           (-1.323,  4.42e+08),
           (-1.320,  7.85e+08),
           (-1.316,  2.72e+08),
           (-1.313,  2.70e+08),
           (-1.306, -9.19e+08),
           (-1.303,  1.18e+08),
           (-1.299, -1.42e+09),
           (-1.293,  4.67e+08),
           (-1.289, -1.14e+08),
           (-1.286, -1.86e+08),
           (-1.282,  1.37e+08),
           (-1.279, -4.79e+08),
           (-1.276,  4.73e+08),
           (-1.272,  9.66e+08),
           (-1.269,  2.97e+08),
           (-1.266, -9.96e+08),
           (-1.262,  5.06e+08),
           (-1.259,  8.88e+08),
           (-1.256,  1.00e+08),
           (-1.252,  9.31e+08),
           (-1.249, -8.46e+08),
           (-1.245, -2.14e+07),
           (-1.239,  5.11e+08),
           (-1.235, -3.94e+08),
           (-1.232,  3.15e+08),
           (-1.228, -5.23e+08),
           (-1.225,  9.97e+08),
           (-1.222, -1.07e+08),
           (-1.218,  1.24e+09),
           (-1.215,  1.53e+09),
           (-1.212, -9.39e+08),
           (-1.208,  1.73e+09),
           (-1.205, -1.47e+09),
           (-1.201, -9.40e+08),
           (-1.198,  8.96e+08),
           (-1.195,  5.05e+08),
           (-1.191,  7.93e+08),
           (-1.188,  8.90e+07),
           (-1.185, -2.52e+08),
           (-1.181,  5.39e+08),
           (-1.178, -4.68e+08),
           (-1.175,  8.43e+08),
           (-1.171,  4.39e+08),
           (-1.168,  8.55e+08),
           (-1.164, -2.24e+08),
           (-1.161,  5.98e+08),
           (-1.158, -1.58e+09),
           (-1.151,  2.00e+09),
           (-1.147, -7.72e+07),
           (-1.144, -1.63e+08),
           (-1.141,  4.28e+08),
           (-1.137,  4.10e+08),
           (-1.134, -5.73e+07),
           (-1.131, -1.18e+08),
           (-1.127,  8.73e+08),
           (-1.120, -1.00e+09),
           (-1.117,  8.53e+08),
           (-1.114, -1.76e+08),
           (-1.110,  2.35e+08),
           (-1.107, -4.60e+08),
           (-1.104, -2.81e+07),
           (-1.100,  1.43e+09),
           (-1.097, -3.68e+08),
           (-1.093, -9.39e+07),
           (-1.090, -4.75e+08),
           (-1.087,  3.93e+08),
           (-1.083,  6.16e+08),
           (-1.080,  4.60e+08),
           (-1.077,  1.03e+08),
           (-1.073,  2.09e+08),
           (-1.070, -4.75e+07),
           (-1.067,  2.18e+08),
           (-1.063,  7.72e+08),
           (-1.056, -1.60e+08),
           (-1.053, -8.45e+07),
           (-1.050,  3.95e+08),
           (-1.046, -4.40e+08),
           (-1.043,  4.13e+08),
           (-1.039,  5.98e+08),
           (-1.036,  1.21e+09),
           (-1.033, -1.72e+09),
           (-1.029,  4.89e+08),
           (-1.026, -5.27e+06),
           (-1.023,  9.00e+07),
           (-1.019,  8.13e+08),
           (-1.016, -1.81e+08),
           (-1.012,  2.23e+08),
           (-1.009,  8.09e+08),
           (-1.006, -3.59e+07),
           (-1.002,  6.43e+08),
           (-0.999, -7.43e+08),
           (-0.996, -7.12e+08),
           (-0.992,  7.31e+08),
           (-0.989,  7.12e+08),
           (-0.986, -1.24e+09),
           (-0.982,  2.30e+09),
           (-0.979, -1.31e+08),
           (-0.975,  1.12e+09),
           (-0.972,  6.56e+08),
           (-0.969, -3.04e+08),
           (-0.965, -2.43e+08),
           (-0.962, -8.00e+08),
           (-0.958, -7.76e+08),
           (-0.955,  4.34e+08),
           (-0.952, -2.29e+08),
           (-0.948, -1.82e+07),
           (-0.945,  1.12e+09),
           (-0.942,  9.46e+08),
           (-0.938,  5.04e+07),
           (-0.935,  3.33e+08),
           (-0.931, -9.27e+08),
           (-0.928,  3.58e+08),
           (-0.925, -1.68e+08),
           (-0.921, -2.46e+08),
           (-0.918,  7.58e+08),
           (-0.915, -1.44e+08),
           (-0.911,  4.90e+08),
           (-0.908,  1.48e+08),
           (-0.905, -5.96e+08),
           (-0.901,  6.47e+08),
           (-0.898,  1.02e+09),
           (-0.894, -9.20e+08),
           (-0.891, -5.88e+08),
           (-0.888,  1.41e+09),
           (-0.884,  2.41e+08),
           (-0.881,  9.30e+08),
           (-0.877,  7.61e+08),
           (-0.874,  4.19e+08),
           (-0.871,  1.24e+09),
           (-0.867, -9.07e+07),
           (-0.864,  1.87e+09),
           (-0.861,  1.92e+09),
           (-0.857, -2.53e+08),
           (-0.854,  1.37e+09),
           (-0.850, -1.24e+08),
           (-0.847,  8.19e+07),
           (-0.844,  1.96e+09),
           (-0.840,  1.08e+08),
           (-0.837,  9.74e+08),
           (-0.834, -2.04e+08),
           (-0.830,  7.96e+08),
           (-0.827,  1.82e+08),
           (-0.823,  1.83e+08),
           (-0.820,  3.66e+08),
           (-0.817,  6.68e+08),
           (-0.813, -4.99e+08),
           (-0.810,  1.18e+09),
           (-0.807, -1.91e+09),
           (-0.803,  4.90e+08),
           (-0.800, -3.14e+08),
           (-0.796, -6.16e+08),
           (-0.793,  1.19e+09),
           (-0.790,  1.14e+09),
           (-0.786, -1.51e+09),
           (-0.783, -1.90e+09),
           (-0.780, -7.91e+07),
           (-0.776, -2.40e+08),
           (-0.773,  8.81e+08),
           (-0.769, -2.96e+08),
           (-0.766, -1.75e+08),
           (-0.763,  3.44e+07),
           (-0.759,  4.87e+08),
           (-0.756,  6.43e+08),
           (-0.753, -8.43e+08),
           (-0.742,  1.76e+09),
           (-0.739,  7.05e+07),
           (-0.736, -7.85e+08),
           (-0.732,  3.61e+08),
           (-0.726,  1.17e+09),
           (-0.722,  1.03e+08),
           (-0.716,  4.25e+08),
           (-0.712, -2.76e+08),
           (-0.709, -1.18e+07),
           (-0.705,  1.32e+09),
           (-0.702,  7.28e+08),
           (-0.699, -1.82e+09),
           (-0.695,  8.16e+08),
           (-0.692,  9.29e+08),
           (-0.685, -1.10e+09),
           (-0.682,  6.87e+08),
           (-0.675,  5.20e+08),
           (-0.665, -1.59e+09),
           (-0.661,  1.47e+09),
           (-0.658, -1.69e+08),
           (-0.655, -1.71e+08),
           (-0.651, -1.36e+08),
           (-0.645, -2.68e+08),
           (-0.641, -3.02e+08),
           (-0.634,  1.26e+09),
           (-0.631, -3.12e+08),
           (-0.628,  1.14e+09),
           (-0.624,  7.69e+08),
           (-0.621, -3.25e+08),
           (-0.614,  1.15e+09),
           (-0.611,  8.87e+08),
           (-0.607, -9.87e+08),
           (-0.604, -2.73e+08),
           (-0.601,  7.92e+08),
           (-0.597, -1.39e+08),
           (-0.594,  1.99e+08),
           (-0.591, -3.50e+08),
           (-0.587, -1.50e+08),
           (-0.584,  1.68e+08),
           (-0.580,  1.55e+09),
           (-0.577,  4.19e+08),
           (-0.574,  6.37e+08),
           (-0.567, -2.28e+08),
           (-0.564, -2.33e+07),
           (-0.560,  1.36e+09),
           (-0.557, -4.95e+07),
           (-0.553,  1.02e+09),
           (-0.550, -8.47e+08),
           (-0.547,  6.47e+08),
           (-0.543,  1.35e+09),
           (-0.540, -1.32e+08),
           (-0.537,  7.18e+07),
           (-0.533, -3.03e+08),
           (-0.526,  9.21e+08),
           (-0.523, -4.24e+08),
           (-0.520, -1.08e+09),
           (-0.516,  9.93e+08),
           (-0.513,  1.26e+09),
           (-0.510,  7.53e+08),
           (-0.506, -1.67e+08),
           (-0.503,  1.13e+09),
           (-0.499,  2.05e+08),
           (-0.496, -1.10e+08),
           (-0.493, -4.44e+07),
           (-0.489, -5.00e+08),
           (-0.486,  1.20e+09),
           (-0.483,  1.24e+09),
           (-0.479,  4.35e+08),
           (-0.476, -1.62e+09),
           (-0.473,  1.20e+09),
           (-0.469,  1.01e+09),
           (-0.466, -1.18e+09),
           (-0.462,  7.33e+08),
           (-0.456, -5.92e+08),
           (-0.452,  1.80e+08),
           (-0.449,  1.71e+09),
           (-0.445, -1.92e+07),
           (-0.442, -5.90e+08),
           (-0.439, -4.39e+08),
           (-0.432,  1.10e+09),
           (-0.429,  9.52e+07),
           (-0.425,  2.74e+08),
           (-0.422,  7.66e+08),
           (-0.418,  1.74e+09),
           (-0.415, -5.68e+08),
           (-0.412, -3.17e+08),
           (-0.408,  1.07e+09),
           (-0.405,  1.61e+09),
           (-0.402,  1.61e+09),
           (-0.398, -8.65e+08),
           (-0.395,  8.95e+08),
           (-0.391,  1.15e+09),
           (-0.388, -4.80e+08),
           (-0.385,  8.41e+08),
           (-0.381,  1.36e+09),
           (-0.378, -2.58e+07),
           (-0.375,  7.02e+08),
           (-0.371,  2.60e+08),
           (-0.364,  9.00e+08),
           (-0.361, -8.05e+07),
           (-0.358,  5.15e+08),
           (-0.354,  1.84e+09),
           (-0.351, -2.57e+08),
           (-0.348,  6.08e+08),
           (-0.344,  1.38e+07),
           (-0.341, -1.02e+08),
           (-0.337,  6.91e+08),
           (-0.334, -2.00e+08),
           (-0.331, -1.05e+08),
           (-0.327,  4.13e+08),
           (-0.324,  1.80e+08),
           (-0.321,  1.16e+09),
           (-0.317,  1.06e+09),
           (-0.314, -6.72e+08),
           (-0.310, -8.05e+08),
           (-0.307,  7.01e+08),
           (-0.304,  6.62e+08),
           (-0.300,  5.79e+08),
           (-0.297,  1.34e+09),
           (-0.294, -1.12e+09),
           (-0.290, -4.62e+08),
           (-0.287,  1.06e+09),
           (-0.284,  5.91e+07),
           (-0.280,  2.00e+09),
           (-0.277,  1.30e+08),
           (-0.273, -1.94e+08),
           (-0.270,  1.59e+09),
           (-0.267,  1.27e+09),
           (-0.263, -4.03e+08),
           (-0.260,  1.29e+08),
           (-0.256,  9.02e+08),
           (-0.253, -1.38e+07),
           (-0.250, -1.70e+09),
           (-0.246,  5.24e+07),
           (-0.243,  5.03e+08),
           (-0.240,  1.13e+08),
           (-0.236,  1.70e+08),
           (-0.233,  2.09e+09),
           (-0.229, -8.32e+08),
           (-0.226,  1.31e+09),
           (-0.223,  4.91e+08),
           (-0.219,  4.95e+08),
           (-0.213,  2.92e+09),
           (-0.209,  8.21e+08),
           (-0.206,  8.55e+08),
           (-0.199,  1.93e+09),
           (-0.196,  1.56e+09),
           (-0.192,  2.17e+08),
           (-0.189, -1.70e+09),
           (-0.186,  1.21e+09),
           (-0.182,  1.19e+09),
           (-0.179,  9.98e+08),
           (-0.175,  1.24e+09),
           (-0.172,  1.68e+09),
           (-0.169, -1.41e+08),
           (-0.165,  4.15e+07),
           (-0.162,  7.13e+08),
           (-0.159,  1.85e+09),
           (-0.155, -5.29e+08),
           (-0.152,  7.11e+08),
           (-0.148,  1.01e+09),
           (-0.145,  1.47e+09),
           (-0.142,  4.26e+08),
           (-0.138,  2.23e+09),
           (-0.135,  1.28e+09),
           (-0.132, -3.45e+08),
           (-0.128,  2.09e+09),
           (-0.125,  9.45e+08),
           (-0.122,  1.51e+09),
           (-0.118,  6.88e+08),
           (-0.115,  1.19e+09),
           (-0.111,  1.42e+09),
           (-0.108,  1.30e+08),
           (-0.105,  2.35e+09),
           (-0.101,  2.55e+09),
           (-0.098,  9.75e+08),
           (-0.095,  4.95e+08),
           (-0.091,  2.14e+09),
           (-0.088,  2.09e+09),
           (-0.084,  5.98e+08),
           (-0.081,  1.48e+09),
           (-0.078,  1.07e+09),
           (-0.074,  1.78e+09),
           (-0.071,  1.14e+08),
           (-0.067,  2.70e+09),
           (-0.064,  2.97e+09),
           (-0.061,  1.85e+09),
           (-0.057,  1.20e+09),
           (-0.054,  2.35e+09),
           (-0.051,  3.42e+08),
           (-0.047,  3.72e+08),
           (-0.044,  2.24e+09),
           (-0.040,  2.00e+09),
           (-0.037,  1.99e+09),
           (-0.034,  2.73e+09),
           (-0.030,  2.80e+09),
           (-0.027,  3.17e+09),
           (-0.024,  3.79e+09),
           (-0.020,  2.81e+09),
           (-0.017,  2.88e+09),
           (-0.013,  3.02e+09),
           (-0.010,  3.85e+09),
           (-0.007,  3.89e+09),
           (-0.003,  4.29e+09),
           ( 0.000,  2.42e+09),
           ( 0.003,  3.36e+09),
           ( 0.010,  1.72e+09),
           ( 0.014,  3.67e+09),
           ( 0.020,  2.61e+09),
           ( 0.024,  2.39e+09),
           ( 0.027,  2.99e+09),
           ( 0.030,  4.13e+09),
           ( 0.034,  2.99e+09),
           ( 0.037,  3.64e+09),
           ( 0.041,  3.13e+09),
           ( 0.044,  3.46e+09),
           ( 0.051,  1.09e+09),
           ( 0.054,  3.47e+09),
           ( 0.057,  3.34e+09),
           ( 0.064,  1.96e+09),
           ( 0.067,  4.79e+09),
           ( 0.074,  2.76e+09),
           ( 0.078,  4.06e+09),
           ( 0.081,  2.28e+09),
           ( 0.084,  2.27e+09),
           ( 0.088,  3.29e+09),
           ( 0.091,  2.52e+09),
           ( 0.095,  3.67e+09),
           ( 0.098,  2.72e+09),
           ( 0.101,  2.49e+09),
           ( 0.105,  3.55e+09),
           ( 0.108,  1.53e+09),
           ( 0.111,  3.04e+09),
           ( 0.115,  3.21e+09),
           ( 0.118,  1.76e+09),
           ( 0.122,  3.99e+09),
           ( 0.125,  3.71e+09),
           ( 0.128,  2.84e+09),
           ( 0.132,  3.59e+09),
           ( 0.135,  3.69e+09),
           ( 0.142,  2.87e+09),
           ( 0.145,  2.81e+09),
           ( 0.149,  4.36e+09),
           ( 0.152,  3.25e+09),
           ( 0.155,  4.34e+09),
           ( 0.159,  4.42e+09),
           ( 0.162,  1.98e+09),
           ( 0.165,  4.74e+09),
           ( 0.169,  4.28e+09),
           ( 0.172,  2.63e+09),
           ( 0.176,  3.39e+09),
           ( 0.179,  3.15e+09),
           ( 0.182,  5.36e+09),
           ( 0.186,  3.77e+09),
           ( 0.189,  4.50e+09),
           ( 0.192,  4.81e+09),
           ( 0.196,  1.82e+09),
           ( 0.199,  4.66e+09),
           ( 0.203,  2.87e+09),
           ( 0.206,  3.76e+09),
           ( 0.209,  3.85e+09),
           ( 0.213,  3.68e+09),
           ( 0.216,  4.91e+09),
           ( 0.219,  3.11e+09),
           ( 0.223,  3.36e+09),
           ( 0.226,  4.21e+09),
           ( 0.230,  4.14e+09),
           ( 0.233,  5.33e+09),
           ( 0.236,  4.50e+09),
           ( 0.243,  5.52e+09),
           ( 0.246,  3.49e+09),
           ( 0.250,  4.74e+09),
           ( 0.253,  4.72e+09),
           ( 0.256,  4.32e+09),
           ( 0.260,  5.11e+09),
           ( 0.267,  3.25e+09),
           ( 0.270,  5.68e+09),
           ( 0.273,  5.17e+09),
           ( 0.277,  5.98e+09),
           ( 0.280,  4.40e+09),
           ( 0.284,  5.39e+09),
           ( 0.287,  4.54e+09),
           ( 0.290,  6.42e+09),
           ( 0.294,  5.29e+09),
           ( 0.297,  4.79e+09),
           ( 0.300,  6.26e+09),
           ( 0.307,  5.32e+09),
           ( 0.310,  6.25e+09),
           ( 0.314,  3.91e+09),
           ( 0.321,  4.86e+09),
           ( 0.324,  7.81e+09),
           ( 0.327,  4.09e+09),
           ( 0.331,  5.52e+09),
           ( 0.334,  6.12e+09),
           ( 0.338,  7.00e+09),
           ( 0.341,  4.68e+09),
           ( 0.344,  4.66e+09),
           ( 0.348,  5.51e+09),
           ( 0.351,  7.72e+09),
           ( 0.354,  6.19e+09),
           ( 0.358,  7.15e+09),
           ( 0.361,  6.18e+09),
           ( 0.365,  6.09e+09),
           ( 0.368,  6.63e+09),
           ( 0.371,  8.07e+09),
           ( 0.375,  5.97e+09),
           ( 0.378,  6.80e+09),
           ( 0.381,  6.17e+09),
           ( 0.385,  6.52e+09),
           ( 0.388,  5.68e+09),
           ( 0.392,  5.95e+09),
           ( 0.395,  5.30e+09),
           ( 0.398,  6.07e+09),
           ( 0.402,  7.60e+09),
           ( 0.405,  7.80e+09),
           ( 0.408,  6.73e+09),
           ( 0.412,  6.43e+09),
           ( 0.415,  7.77e+09),
           ( 0.419,  5.79e+09),
           ( 0.422,  6.77e+09),
           ( 0.425,  5.51e+09),
           ( 0.429,  5.94e+09),
           ( 0.432,  4.58e+09),
           ( 0.439,  6.63e+09),
           ( 0.442,  6.76e+09),
           ( 0.446,  5.60e+09),
           ( 0.449,  5.43e+09),
           ( 0.452,  6.81e+09),
           ( 0.456,  6.74e+09),
           ( 0.459,  8.35e+09),
           ( 0.462,  8.31e+09),
           ( 0.466,  8.48e+09),
           ( 0.469,  7.96e+09),
           ( 0.476,  6.30e+09),
           ( 0.483,  8.04e+09),
           ( 0.486,  7.46e+09),
           ( 0.489,  9.49e+09),
           ( 0.493,  9.26e+09),
           ( 0.496,  7.47e+09),
           ( 0.499,  8.15e+09),
           ( 0.503,  7.23e+09),
           ( 0.506,  7.12e+09),
           ( 0.510,  8.28e+09),
           ( 0.513,  5.41e+09),
           ( 0.516,  7.55e+09),
           ( 0.520,  8.16e+09),
           ( 0.523,  7.10e+09),
           ( 0.527,  6.62e+09),
           ( 0.530,  8.61e+09),
           ( 0.533,  8.23e+09),
           ( 0.537,  8.14e+09),
           ( 0.540,  6.83e+09),
           ( 0.543,  7.63e+09),
           ( 0.547,  7.21e+09),
           ( 0.550,  8.11e+09),
           ( 0.553,  8.41e+09),
           ( 0.557,  8.45e+09),
           ( 0.560,  8.54e+09),
           ( 0.567,  9.78e+09),
           ( 0.570,  9.13e+09),
           ( 0.574,  9.64e+09),
           ( 0.577,  1.09e+10),
           ( 0.581,  1.09e+10),
           ( 0.584,  1.21e+10),
           ( 0.591,  8.18e+09),
           ( 0.594,  9.92e+09),
           ( 0.597,  8.61e+09),
           ( 0.601,  9.36e+09),
           ( 0.604,  8.53e+09),
           ( 0.608,  8.47e+09),
           ( 0.611,  7.96e+09),
           ( 0.614,  8.06e+09),
           ( 0.618,  7.53e+09),
           ( 0.621,  7.42e+09),
           ( 0.624,  7.75e+09),
           ( 0.628,  7.76e+09),
           ( 0.635,  7.17e+09),
           ( 0.638,  6.00e+09),
           ( 0.641,  8.18e+09),
           ( 0.645,  7.12e+09),
           ( 0.648,  7.57e+09),
           ( 0.658,  6.73e+09),
           ( 0.662,  6.81e+09),
           ( 0.665,  7.09e+09),
           ( 0.668,  7.64e+09),
           ( 0.672,  7.09e+09),
           ( 0.675,  7.48e+09),
           ( 0.678,  6.55e+09),
           ( 0.682,  7.10e+09),
           ( 0.689,  7.22e+09),
           ( 0.692,  6.79e+09),
           ( 0.702,  7.16e+09),
           ( 0.705,  8.28e+09),
           ( 0.709,  8.29e+09),
           ( 0.716,  7.28e+09),
           ( 0.719,  7.63e+09),
           ( 0.722,  7.65e+09),
           ( 0.726,  8.00e+09),
           ( 0.729,  7.56e+09),
           ( 0.732,  7.77e+09),
           ( 0.736,  8.53e+09),
           ( 0.739,  7.86e+09),
           ( 0.746,  6.02e+09),
           ( 0.749,  7.17e+09),
           ( 0.753,  7.49e+09),
           ( 0.756,  6.19e+09),
           ( 0.759,  7.97e+09),
           ( 0.763,  8.20e+09),
           ( 0.766,  6.34e+09),
           ( 0.769,  8.45e+09),
           ( 0.773,  6.36e+09),
           ( 0.776,  6.11e+09),
           ( 0.780,  7.17e+09),
           ( 0.783,  6.42e+09),
           ( 0.786,  7.40e+09),
           ( 0.790,  6.16e+09),
           ( 0.793,  6.83e+09),
           ( 0.797,  6.07e+09),
           ( 0.800,  7.06e+09),
           ( 0.803,  6.63e+09),
           ( 0.807,  6.53e+09),
           ( 0.810,  7.04e+09),
           ( 0.813,  6.22e+09),
           ( 0.817,  6.96e+09),
           ( 0.820,  8.26e+09),
           ( 0.824,  7.25e+09),
           ( 0.827,  8.33e+09),
           ( 0.830,  7.41e+09),
           ( 0.834,  8.91e+09),
           ( 0.837,  9.64e+09),
           ( 0.840,  8.50e+09),
           ( 0.844,  8.17e+09),
           ( 0.847,  8.70e+09),
           ( 0.851,  7.54e+09),
           ( 0.854,  8.35e+09),
           ( 0.857,  7.71e+09),
           ( 0.861,  6.33e+09),
           ( 0.864,  6.71e+09),
           ( 0.867,  6.85e+09),
           ( 0.871,  6.04e+09),
           ( 0.874,  8.67e+09),
           ( 0.878,  6.40e+09),
           ( 0.881,  6.40e+09),
           ( 0.884,  7.95e+09),
           ( 0.888,  6.06e+09),
           ( 0.891,  6.63e+09),
           ( 0.894,  6.80e+09),
           ( 0.898,  6.73e+09),
           ( 0.901,  7.95e+09),
           ( 0.905,  7.61e+09),
           ( 0.908,  6.08e+09),
           ( 0.911,  7.19e+09),
           ( 0.915,  6.83e+09),
           ( 0.918,  6.89e+09),
           ( 0.921,  9.25e+09),
           ( 0.925,  9.71e+09),
           ( 0.928,  1.16e+10),
           ( 0.931,  1.14e+10),
           ( 0.935,  1.13e+10),
           ( 0.938,  1.13e+10),
           ( 0.942,  1.02e+10),
           ( 0.945,  9.89e+09),
           ( 0.948,  9.79e+09),
           ( 0.952,  1.12e+10),
           ( 0.955,  1.11e+10),
           ( 0.962,  1.07e+10),
           ( 0.965,  1.17e+10),
           ( 0.969,  1.15e+10),
           ( 0.972,  9.19e+09),
           ( 0.975,  1.00e+10),
           ( 0.979,  1.03e+10),
           ( 0.982,  1.09e+10),
           ( 0.986,  1.08e+10),
           ( 0.989,  8.53e+09),
           ( 0.992,  1.08e+10),
           ( 0.996,  1.12e+10),
           ( 0.999,  1.03e+10),
           ( 1.002,  8.12e+09),
           ( 1.006,  1.10e+10),
           ( 1.016,  1.20e+10),
           ( 1.019,  1.15e+10),
           ( 1.023,  1.13e+10),
           ( 1.029,  1.35e+10),
           ( 1.033,  1.30e+10),
           ( 1.036,  1.52e+10),
           ( 1.040,  1.65e+10),
           ( 1.043,  1.49e+10),
           ( 1.046,  1.49e+10),
           ( 1.050,  1.29e+10),
           ( 1.053,  1.27e+10),
           ( 1.056,  1.14e+10),
           ( 1.060,  1.24e+10),
           ( 1.063,  1.21e+10),
           ( 1.070,  1.59e+10),
           ( 1.073,  1.70e+10),
           ( 1.077,  1.43e+10),
           ( 1.080,  1.62e+10),
           ( 1.083,  1.92e+10),
           ( 1.087,  1.81e+10),
           ( 1.090,  2.07e+10),
           ( 1.094,  2.21e+10),
           ( 1.097,  2.22e+10),
           ( 1.100,  2.35e+10),
           ( 1.104,  2.42e+10),
           ( 1.107,  2.38e+10),
           ( 1.110,  2.37e+10),
           ( 1.114,  2.60e+10),
           ( 1.117,  2.57e+10),
           ( 1.120,  3.05e+10),
           ( 1.124,  3.25e+10),
           ( 1.127,  3.65e+10),
           ( 1.131,  3.66e+10),
           ( 1.134,  3.32e+10),
           ( 1.137,  3.17e+10),
           ( 1.141,  3.18e+10),
           ( 1.144,  3.44e+10),
           ( 1.147,  3.12e+10),
           ( 1.151,  3.06e+10),
           ( 1.154,  2.97e+10),
           ( 1.158,  2.98e+10),
           ( 1.161,  2.86e+10),
           ( 1.164,  2.60e+10),
           ( 1.168,  2.50e+10),
           ( 1.171,  2.44e+10),
           ( 1.175,  2.19e+10),
           ( 1.181,  2.01e+10),
           ( 1.188,  1.83e+10),
           ( 1.191,  2.06e+10),
           ( 1.195,  1.85e+10),
           ( 1.198,  1.99e+10),
           ( 1.202,  2.07e+10),
           ( 1.205,  1.84e+10),
           ( 1.208,  1.80e+10),
           ( 1.212,  1.82e+10),
           ( 1.215,  1.60e+10),
           ( 1.218,  1.80e+10),
           ( 1.222,  1.55e+10),
           ( 1.225,  1.56e+10),
           ( 1.228,  1.63e+10),
           ( 1.232,  1.47e+10),
           ( 1.235,  1.58e+10),
           ( 1.239,  1.64e+10),
           ( 1.242,  1.81e+10),
           ( 1.245,  1.41e+10),
           ( 1.249,  1.54e+10),
           ( 1.252,  1.44e+10),
           ( 1.256,  1.50e+10),
           ( 1.259,  1.37e+10),
           ( 1.262,  1.36e+10),
           ( 1.266,  1.34e+10),
           ( 1.269,  1.26e+10),
           ( 1.272,  1.27e+10),
           ( 1.276,  1.19e+10),
           ( 1.279,  1.22e+10),
           ( 1.286,  1.10e+10),
           ( 1.289,  1.08e+10),
           ( 1.293,  9.84e+09),
           ( 1.299,  1.28e+10),
           ( 1.306,  1.00e+10),
           ( 1.309,  9.44e+09),
           ( 1.313,  1.13e+10),
           ( 1.316,  1.11e+10),
           ( 1.320,  9.28e+09),
           ( 1.323,  9.32e+09),
           ( 1.326,  8.92e+09),
           ( 1.330,  7.89e+09),
           ( 1.333,  7.66e+09),
           ( 1.337,  8.24e+09),
           ( 1.340,  7.80e+09),
           ( 1.343,  5.68e+09),
           ( 1.347,  5.65e+09),
           ( 1.350,  6.29e+09),
           ( 1.353,  6.12e+09),
           ( 1.357,  6.87e+09),
           ( 1.360,  5.49e+09),
           ( 1.364,  4.89e+09),
           ( 1.367,  3.56e+09),
           ( 1.370,  4.21e+09),
           ( 1.374,  6.01e+09),
           ( 1.377,  4.39e+09),
           ( 1.380,  4.16e+09),
           ( 1.384,  4.48e+09),
           ( 1.387,  5.22e+09),
           ( 1.391,  3.64e+09),
           ( 1.394,  3.40e+09),
           ( 1.397,  3.29e+09),
           ( 1.401,  3.35e+09),
           ( 1.404,  1.64e+09),
           ( 1.407,  3.96e+09),
           ( 1.411,  4.41e+09),
           ( 1.414,  5.22e+09),
           ( 1.417,  5.32e+09),
           ( 1.421,  4.79e+09),
           ( 1.424,  6.63e+09),
           ( 1.428,  5.97e+09),
           ( 1.431,  8.62e+09),
           ( 1.434,  8.11e+09),
           ( 1.438,  8.72e+09),
           ( 1.441,  7.20e+09),
           ( 1.445,  1.00e+10),
           ( 1.451,  7.96e+09),
           ( 1.455,  6.27e+09),
           ( 1.458,  6.84e+09),
           ( 1.461,  5.07e+09),
           ( 1.465,  5.70e+09),
           ( 1.468,  5.91e+09),
           ( 1.472,  4.57e+09),
           ( 1.475,  5.95e+09),
           ( 1.478,  4.29e+09),
           ( 1.482,  3.74e+09),
           ( 1.485,  5.00e+09),
           ( 1.488,  2.77e+09),
           ( 1.495,  4.58e+09),
           ( 1.498,  1.37e+09),
           ( 1.502,  1.64e+09),
           ( 1.505,  2.96e+09),
           ( 1.509,  1.44e+09),
           ( 1.512,  2.50e+09),
           ( 1.519,  8.51e+08),
           ( 1.522,  1.62e+09),
           ( 1.526,  4.35e+08),
           ( 1.529,  2.00e+09),
           ( 1.532,  2.23e+09),
           ( 1.536,  1.48e+09),
           ( 1.539,  1.52e+09),
           ( 1.542,  3.16e+08),
           ( 1.549,  2.18e+09),
           ( 1.553, -3.96e+08),
           ( 1.556,  6.09e+08),
           ( 1.559, -1.07e+09),
           ( 1.563,  1.30e+09),
           ( 1.566,  5.80e+08),
           ( 1.569,  7.28e+08),
           ( 1.573,  9.61e+08),
           ( 1.576,  3.39e+08),
           ( 1.580,  4.00e+08),
           ( 1.583, -1.70e+09),
           ( 1.586, -2.30e+09),
           ( 1.590, -4.88e+08),
           ( 1.593,  5.00e+08),
           ( 1.596, -2.81e+08),
           ( 1.600,  1.87e+08),
           ( 1.603, -3.55e+08),
           ( 1.607, -3.41e+08),
           ( 1.610, -6.93e+08),
           ( 1.613, -2.39e+09),
           ( 1.617, -1.96e+09),
           ( 1.620, -2.08e+09),
           ( 1.623, -2.62e+09),
           ( 1.627, -8.84e+08),
           ( 1.630, -1.11e+09),
           ( 1.634,  1.10e+08),
           ( 1.637, -1.36e+09),
           ( 1.640, -2.19e+07),
           ( 1.644, -2.51e+09),
           ( 1.647,  8.57e+08),
           ( 1.650,  6.45e+08),
           ( 1.654,  1.05e+09),
           ( 1.657, -8.08e+06),
           ( 1.660, -4.63e+08),
           ( 1.664, -2.53e+08),
           ( 1.667,  6.92e+08),
           ( 1.671, -1.40e+09),
           ( 1.674, -4.63e+08),
           ( 1.677, -1.83e+09),
           ( 1.681, -1.94e+09),
           ( 1.684, -4.87e+08),
           ( 1.688, -9.51e+08),
           ( 1.691, -6.58e+08),
           ( 1.694, -8.51e+08),
           ( 1.698, -1.30e+09),
           ( 1.701, -7.73e+08),
           ( 1.704,  3.78e+08),
           ( 1.708, -1.37e+09),
           ( 1.711,  2.58e+08),
           ( 1.715, -1.20e+09),
           ( 1.718, -2.80e+08),
           ( 1.721, -1.41e+09),
           ( 1.725, -9.48e+08),
           ( 1.728, -1.76e+09),
           ( 1.731, -1.54e+09),
           ( 1.735, -1.77e+09),
           ( 1.738, -1.42e+08),
           ( 1.742, -1.31e+09),
           ( 1.745, -7.21e+08),
           ( 1.748, -1.41e+09),
           ( 1.752, -3.32e+07),
           ( 1.755, -7.87e+08),
           ( 1.758, -1.02e+09),
           ( 1.762, -3.57e+08),
           ( 1.765, -1.36e+09),
           ( 1.769,  1.20e+08),
           ( 1.772, -6.84e+08),
           ( 1.775,  1.17e+08),
           ( 1.779,  2.66e+08),
           ( 1.782,  6.17e+08),
           ( 1.785,  1.19e+09),
           ( 1.789,  3.39e+08),
           ( 1.792, -8.66e+07),
           ( 1.796, -3.12e+08),
           ( 1.799,  6.91e+08),
           ( 1.802,  4.78e+08),
           ( 1.809, -1.08e+09),
           ( 1.812, -3.90e+08),
           ( 1.816, -1.66e+09),
           ( 1.819,  9.82e+08),
           ( 1.823,  1.45e+09),
           ( 1.826, -6.78e+08),
           ( 1.829,  4.79e+08),
           ( 1.833,  2.18e+09),
           ( 1.836,  1.55e+09),
           ( 1.839, -1.57e+09),
           ( 1.843, -8.39e+08),
           ( 1.846,  3.02e+08),
           ( 1.849, -2.54e+08),
           ( 1.853,  1.13e+09),
           ( 1.856,  8.43e+06),
           ( 1.860,  1.48e+09),
           ( 1.863, -3.93e+08),
           ( 1.866, -1.19e+09),
           ( 1.870,  2.36e+08),
           ( 1.873,  1.49e+08),
           ( 1.877, -9.94e+08),
           ( 1.880, -3.86e+08),
           ( 1.883, -2.61e+08),
           ( 1.887, -1.19e+09),
           ( 1.890,  5.37e+08),
           ( 1.893, -4.67e+08),
           ( 1.897, -3.12e+08),
           ( 1.900,  7.83e+07),
           ( 1.904,  2.41e+08),
           ( 1.907, -1.29e+09),
           ( 1.910, -7.47e+08),
           ( 1.914, -1.78e+09),
           ( 1.917, -3.75e+08),
           ( 1.920, -3.71e+08),
           ( 1.924, -1.84e+08),
           ( 1.927, -9.09e+08),
           ( 1.931,  1.19e+09),
           ( 1.934,  3.42e+08),
           ( 1.937,  2.53e+08),
           ( 1.941, -2.40e+08),
           ( 1.944,  5.71e+08),
           ( 1.947, -5.67e+08),
           ( 1.954, -1.17e+09),
           ( 1.958,  4.09e+08),
           ( 1.961, -8.73e+07),
           ( 1.964, -2.79e+08),
           ( 1.971, -1.22e+09),
           ( 1.974, -1.06e+09),
           ( 1.978, -2.05e+09),
           ( 1.981, -1.78e+09),
           ( 1.985, -1.91e+08),
           ( 1.988, -3.89e+08),
           ( 1.991,  1.70e+08),
           ( 1.995,  2.72e+08),
           ( 1.998, -2.05e+08),
           ( 2.001, -1.49e+09),
           ( 2.005, -4.04e+08),
           ( 2.012, -2.14e+09),
           ( 2.015,  7.82e+07),
           ( 2.018, -1.77e+09),
           ( 2.022, -4.98e+08),
           ( 2.025, -1.42e+09),
           ( 2.028,  4.02e+08),
           ( 2.035,  8.31e+07),
           ( 2.038,  5.40e+08),
           ( 2.042, -1.45e+09),
           ( 2.045, -1.21e+09),
           ( 2.049,  1.06e+09),
           ( 2.052, -8.41e+08),
           ( 2.055, -9.78e+08),
           ( 2.059, -2.59e+08),
           ( 2.062, -9.31e+08),
           ( 2.066,  1.18e+08),
           ( 2.069,  5.57e+07),
           ( 2.072,  3.99e+08),
           ( 2.076, -2.42e+08),
           ( 2.079, -1.91e+09),
           ( 2.082, -5.27e+08),
           ( 2.086, -1.72e+09),
           ( 2.093, -7.93e+08),
           ( 2.096, -8.47e+07),
           ( 2.099, -1.40e+09),
           ( 2.103, -1.87e+08),
           ( 2.106, -4.85e+08),
           ( 2.109, -2.44e+09),
           ( 2.116, -5.35e+08),
           ( 2.120, -4.00e+08),
           ( 2.123, -8.64e+08),
           ( 2.126,  7.55e+08),
           ( 2.130, -7.97e+08),
           ( 2.133, -1.12e+09),
           ( 2.136, -1.88e+08),
           ( 2.140, -4.24e+08),
           ( 2.143, -4.72e+08),
           ( 2.147, -8.54e+08),
           ( 2.150,  1.14e+09),
           ( 2.153, -1.07e+09),
           ( 2.157, -1.63e+09),
           ( 2.160, -8.28e+07),
           ( 2.163, -6.82e+08),
           ( 2.167,  2.14e+08),
           ( 2.170, -4.21e+08),
           ( 2.174, -4.27e+08),
           ( 2.177, -1.06e+08),
           ( 2.180,  4.21e+08),
           ( 2.184, -8.87e+08),
           ( 2.187, -8.12e+08),
           ( 2.190, -1.95e+09),
           ( 2.194,  2.20e+08),
           ( 2.197, -1.01e+07),
           ( 2.201, -4.17e+08),
           ( 2.204, -5.13e+08),
           ( 2.207, -9.26e+08),
           ( 2.211, -9.64e+08),
           ( 2.214, -8.07e+08),
           ( 2.217,  1.23e+09),
           ( 2.221,  2.70e+08),
           ( 2.224, -1.60e+08),
           ( 2.228, -2.33e+08),
           ( 2.231, -9.96e+08),
           ( 2.234, -1.06e+09),
           ( 2.241, -4.33e+06),
           ( 2.244, -1.24e+09),
           ( 2.248,  4.43e+08),
           ( 2.251, -9.87e+08),
           ( 2.255, -1.19e+09),
           ( 2.261,  6.18e+08),
           ( 2.268, -1.42e+09),
           ( 2.271, -7.01e+08),
           ( 2.275, -7.89e+08),
           ( 2.278,  3.82e+08),
           ( 2.282, -6.62e+08),
           ( 2.285,  4.32e+08),
           ( 2.292, -1.11e+09),
           ( 2.298, -1.34e+09),
           ( 2.302, -1.68e+08),
           ( 2.305, -1.15e+09),
           ( 2.312, -7.58e+08),
           ( 2.315, -2.67e+08),
           ( 2.322, -1.27e+09),
           ( 2.325, -1.16e+09),
           ( 2.329, -5.79e+08),
           ( 2.332, -8.91e+08),
           ( 2.335,  1.19e+06),
           ( 2.339,  5.90e+07),
           ( 2.342, -1.33e+09),
           ( 2.346, -1.27e+09),
           ( 2.349,  2.43e+08),
           ( 2.352,  3.42e+08),
           ( 2.356, -1.38e+09),
           ( 2.359,  9.02e+08),
           ( 2.363,  1.68e+07),
           ( 2.366,  7.88e+07),
           ( 2.369, -8.70e+08),
           ( 2.373,  4.94e+07),
           ( 2.376, -7.45e+08),
           ( 2.379, -4.88e+08),
           ( 2.383,  1.04e+09),
           ( 2.386, -3.83e+08),
           ( 2.393, -6.95e+08),
           ( 2.396,  1.78e+08),
           ( 2.400, -4.05e+07),
           ( 2.403, -9.09e+08),
           ( 2.406,  8.19e+08),
           ( 2.410, -5.24e+08),
           ( 2.413, -1.04e+08),
           ( 2.417, -1.55e+09),
           ( 2.420,  3.64e+08),
           ( 2.423, -1.81e+08),
           ( 2.427, -2.54e+08),
           ( 2.430,  8.06e+08),
           ( 2.433,  4.18e+08),
           ( 2.437, -9.98e+08),
           ( 2.440, -2.44e+08),
           ( 2.447, -1.83e+09),
           ( 2.450, -7.28e+08),
           ( 2.454, -7.13e+08),
           ( 2.457, -7.45e+08),
           ( 2.460, -1.98e+08),
           ( 2.464, -1.17e+09),
           ( 2.467,  7.62e+08),
           ( 2.474, -2.06e+09),
           ( 2.477, -1.31e+09),
           ( 2.481,  3.31e+08),
           ( 2.487, -8.31e+08),
           ( 2.491, -4.24e+08),
           ( 2.494, -7.37e+08),
           ( 2.498, -4.38e+08),
           ( 2.501, -1.18e+09),
           ( 2.504, -1.08e+09),
           ( 2.508, -1.19e+09),
           ( 2.511, -1.21e+09),
           ( 2.518,  7.78e+08),
           ( 2.521, -8.80e+07),
           ( 2.524, -7.29e+07),
           ( 2.528, -6.12e+08),
           ( 2.535, -5.91e+07),
           ( 2.538, -1.01e+09),
           ( 2.541, -3.07e+08),
           ( 2.545, -2.47e+09),
           ( 2.548, -5.56e+07),
           ( 2.552, -4.37e+08),
           ( 2.555,  7.13e+07),
           ( 2.558, -1.68e+09),
           ( 2.562, -7.19e+08),
           ( 2.565, -1.36e+09),
           ( 2.568, -8.74e+08),
           ( 2.572,  2.66e+08),
           ( 2.575, -1.57e+09),
           ( 2.579, -8.76e+07),
           ( 2.582, -1.82e+09),
           ( 2.585, -1.22e+08),
           ( 2.589,  8.59e+08),
           ( 2.595, -2.10e+09),
           ( 2.599,  1.17e+08),
           ( 2.602, -8.05e+08),
           ( 2.606,  5.08e+08),
           ( 2.612, -1.30e+09),
           ( 2.616,  7.93e+08),
           ( 2.619, -1.10e+08),
           ( 2.622,  4.07e+08),
           ( 2.626, -1.11e+08),
           ( 2.629, -1.33e+09),
           ( 2.633, -5.24e+08),
           ( 2.636, -6.16e+08),
           ( 2.639, -5.97e+08),
           ( 2.646,  1.22e+08),
           ( 2.649,  1.97e+08),
           ( 2.653,  8.90e+07),
           ( 2.656, -9.43e+08),
           ( 2.660,  5.61e+08),
           ( 2.663,  4.98e+07),
           ( 2.666, -7.07e+08),
           ( 2.670,  9.66e+08),
           ( 2.673, -5.95e+08),
           ( 2.676, -7.18e+08),
           ( 2.683,  1.13e+08),
           ( 2.687, -4.81e+08),
           ( 2.690, -1.46e+09),
           ( 2.693, -8.52e+08),
           ( 2.697,  5.06e+08),
           ( 2.700,  5.84e+08),
           ( 2.703, -3.97e+08),
           ( 2.707, -8.22e+08),
           ( 2.710, -1.52e+09),
           ( 2.713, -7.03e+08),
           ( 2.717, -1.07e+09),
           ( 2.720,  7.31e+08),
           ( 2.724,  6.59e+08),
           ( 2.730, -1.95e+09),
           ( 2.734, -2.32e+08),
           ( 2.737, -1.37e+09),
           ( 2.741, -4.24e+08),
           ( 2.744, -1.85e+09),
           ( 2.747, -5.32e+08),
           ( 2.751, -6.83e+08),
           ( 2.754,  1.33e+08),
           ( 2.757, -3.02e+08),
           ( 2.761,  2.79e+08),
           ( 2.764, -1.06e+09),
           ( 2.768,  8.09e+08),
           ( 2.771, -5.18e+08),
           ( 2.774,  1.52e+09),
           ( 2.778,  1.10e+08),
           ( 2.781,  1.97e+06),
           ( 2.788,  7.75e+08),
           ( 2.791, -1.54e+08),
           ( 2.795,  7.70e+08),
           ( 2.798,  4.06e+08),
           ( 2.801, -2.73e+08),
           ( 2.808,  1.16e+09),
           ( 2.811, -1.19e+09),
           ( 2.815, -1.55e+09),
           ( 2.822,  6.60e+08),
           ( 2.825, -3.42e+08),
           ( 2.828,  7.65e+07),
           ( 2.832,  2.51e+08),
           ( 2.838, -3.75e+08),
           ( 2.842, -3.01e+08),
           ( 2.845,  2.62e+07),
           ( 2.849, -4.55e+08),
           ( 2.852,  3.79e+08),
           ( 2.855, -5.73e+08),
           ( 2.859,  3.97e+08),
           ( 2.862, -1.36e+08),
           ( 2.865,  1.04e+09),
           ( 2.869, -4.25e+08),
           ( 2.876,  5.58e+08),
           ( 2.879,  1.13e+09),
           ( 2.882,  2.52e+08),
           ( 2.886,  6.11e+08),
           ( 2.889, -1.84e+09),
           ( 2.896,  1.37e+09),
           ( 2.902, -4.63e+08),
           ( 2.906, -1.48e+08),
           ( 2.909,  1.80e+09),
           ( 2.913,  5.04e+08),
           ( 2.916,  4.43e+07),
           ( 2.919,  8.13e+08),
           ( 2.926, -4.30e+08),
           ( 2.930, -1.11e+08),
           ( 2.933,  1.33e+09),
           ( 2.936, -1.18e+09),
           ( 2.940, -1.09e+09),
           ( 2.943,  1.27e+09),
           ( 2.946,  4.52e+08),
           ( 2.950,  8.37e+07),
           ( 2.953,  8.25e+08),
           ( 2.957, -2.60e+08),
           ( 2.960, -4.18e+08),
           ( 2.963, -1.53e+08),
           ( 2.967, -8.32e+08),
           ( 2.970,  1.31e+09),
           ( 2.973, -4.10e+08),
           ( 2.977, -1.23e+09),
           ( 2.980,  6.50e+08),
           ( 2.984, -7.81e+07),
           ( 2.987,  4.38e+08),
           ( 2.990, -3.95e+08),
           ( 2.994, -2.76e+07),
           ( 2.997,  8.61e+08),
           ( 2.997,  8.61e+08)]
