Bolide Detection Notification: 2015-364

At 13:07:50 UT on 30 Dec 2015, sensors aboard U. S. Government satellites recorded
the flash signature of a large meteoroid entry into the atmosphere. Location of the
flash was Lat 33.8 °N, Lon 160.7 °W.

Based upon the visible-light intensity-time signature, peak brightness of the flash
was determined to be approximately 9.61e+09 watts/steradian, and total radiated flash
energy 2.09e+10 joules (6000K blackbody model).

Intensity-time signature of the event and integrated intensity are depicted on the
plots below.

Columns: time, intensity (w/sr)
Intensity=[(-0.597,  2.00e+08),
           (-0.594,  4.55e+08),
           (-0.591,  6.63e+08),
           (-0.587,  1.04e+09),
           (-0.580, -3.28e+08),
           (-0.577,  7.06e+08),
           (-0.574,  1.20e+09),
           (-0.570,  1.05e+09),
           (-0.564,  3.01e+08),
           (-0.560,  1.27e+09),
           (-0.557, -8.27e+07),
           (-0.553,  6.83e+08),
           (-0.550,  7.86e+08),
           (-0.547,  1.40e+09),
           (-0.543,  3.27e+08),
           (-0.540,  9.13e+08),
           (-0.537,  1.16e+09),
           (-0.530,  9.52e+08),
           (-0.526, -1.40e+08),
           (-0.523,  6.94e+08),
           (-0.520, -5.62e+08),
           (-0.516,  9.89e+08),
           (-0.513, -5.56e+08),
           (-0.510, -3.70e+07),
           (-0.506,  1.58e+09),
           (-0.503, -6.65e+08),
           (-0.499,  5.86e+08),
           (-0.496, -2.32e+08),
           (-0.493, -1.18e+08),
           (-0.489,  9.64e+08),
           (-0.486,  6.32e+08),
           (-0.483,  4.90e+08),
           (-0.479,  6.01e+08),
           (-0.476, -2.75e+08),
           (-0.472, -4.36e+08),
           (-0.469, -2.10e+08),
           (-0.466,  1.93e+08),
           (-0.462,  9.88e+07),
           (-0.459, -7.44e+08),
           (-0.456,  9.28e+08),
           (-0.452, -6.48e+07),
           (-0.449, -5.21e+08),
           (-0.445,  2.45e+08),
           (-0.442, -4.57e+07),
           (-0.439,  5.86e+08),
           (-0.435,  5.90e+08),
           (-0.432,  1.03e+09),
           (-0.429,  8.01e+08),
           (-0.425,  6.20e+08),
           (-0.422, -4.56e+06),
           (-0.415,  9.77e+08),
           (-0.412,  5.35e+08),
           (-0.408,  6.08e+08),
           (-0.405,  2.81e+08),
           (-0.402,  8.69e+08),
           (-0.398, -4.97e+08),
           (-0.395,  4.90e+08),
           (-0.391,  4.84e+08),
           (-0.388,  2.69e+08),
           (-0.385, -5.41e+07),
           (-0.381, -7.55e+07),
           (-0.378, -8.36e+08),
           (-0.375, -1.20e+09),
           (-0.371, -5.81e+08),
           (-0.368,  2.71e+08),
           (-0.364,  5.64e+08),
           (-0.361, -6.52e+08),
           (-0.358, -1.20e+09),
           (-0.354, -2.20e+08),
           (-0.351, -1.18e+09),
           (-0.348, -1.73e+09),
           (-0.344,  2.66e+07),
           (-0.341,  2.57e+08),
           (-0.337,  1.10e+09),
           (-0.334,  3.24e+08),
           (-0.331, -1.26e+08),
           (-0.327, -2.29e+08),
           (-0.321, -6.80e+08),
           (-0.317, -7.64e+08),
           (-0.314, -1.47e+08),
           (-0.310, -1.86e+09),
           (-0.307,  5.69e+08),
           (-0.304,  6.69e+08),
           (-0.300,  2.75e+08),
           (-0.297,  8.15e+06),
           (-0.294,  6.85e+08),
           (-0.290,  6.51e+08),
           (-0.287, -4.98e+08),
           (-0.283, -2.71e+08),
           (-0.280, -5.36e+08),
           (-0.277, -3.35e+08),
           (-0.273, -2.06e+08),
           (-0.270,  1.53e+08),
           (-0.267, -5.69e+08),
           (-0.263, -2.30e+08),
           (-0.260, -3.07e+08),
           (-0.256, -7.84e+08),
           (-0.253, -2.76e+08),
           (-0.250, -2.72e+08),
           (-0.246,  4.42e+08),
           (-0.243, -3.97e+08),
           (-0.240,  2.56e+08),
           (-0.236, -1.90e+08),
           (-0.233,  5.26e+08),
           (-0.229,  1.92e+08),
           (-0.226, -6.57e+08),
           (-0.223,  4.47e+08),
           (-0.216, -6.34e+08),
           (-0.213, -4.70e+08),
           (-0.209,  2.78e+08),
           (-0.206,  5.89e+08),
           (-0.202, -5.24e+08),
           (-0.199,  1.16e+06),
           (-0.196, -2.68e+08),
           (-0.192,  5.01e+08),
           (-0.189,  1.62e+08),
           (-0.186,  6.47e+08),
           (-0.182, -1.79e+08),
           (-0.179, -7.67e+08),
           (-0.175, -1.05e+09),
           (-0.172, -4.88e+08),
           (-0.169, -2.08e+09),
           (-0.165,  2.40e+07),
           (-0.162, -1.36e+09),
           (-0.159, -1.31e+09),
           (-0.155, -1.90e+08),
           (-0.152, -6.93e+08),
           (-0.148,  6.96e+08),
           (-0.145, -2.40e+08),
           (-0.142,  1.83e+07),
           (-0.138,  5.73e+08),
           (-0.135,  7.36e+08),
           (-0.132, -2.59e+08),
           (-0.128, -5.19e+08),
           (-0.125, -4.56e+07),
           (-0.121, -6.58e+08),
           (-0.118, -1.11e+09),
           (-0.115,  5.33e+08),
           (-0.111, -6.64e+08),
           (-0.108, -1.07e+09),
           (-0.105,  3.28e+08),
           (-0.101, -8.92e+08),
           (-0.098, -1.12e+09),
           (-0.095, -7.64e+08),
           (-0.091, -6.19e+08),
           (-0.088,  1.46e+08),
           (-0.084, -6.57e+08),
           (-0.081, -1.06e+09),
           (-0.078,  6.09e+07),
           (-0.074, -3.27e+08),
           (-0.067,  7.58e+08),
           (-0.061, -5.64e+08),
           (-0.057, -7.57e+08),
           (-0.054, -1.13e+08),
           (-0.047,  5.84e+08),
           (-0.044,  5.24e+08),
           (-0.040,  1.07e+09),
           (-0.037,  3.86e+08),
           (-0.034,  1.11e+09),
           (-0.030,  3.25e+08),
           (-0.027,  9.39e+08),
           (-0.024,  8.28e+08),
           (-0.020,  1.40e+09),
           (-0.017,  1.40e+09),
           (-0.013,  3.52e+09),
           (-0.010,  3.28e+09),
           (-0.007,  2.73e+09),
           (-0.003,  2.80e+09),
           ( 0.000,  1.85e+09),
           ( 0.003,  3.22e+09),
           ( 0.007,  6.96e+08),
           ( 0.010,  2.44e+09),
           ( 0.014,  3.05e+09),
           ( 0.017,  3.41e+09),
           ( 0.020,  2.81e+09),
           ( 0.024,  1.27e+09),
           ( 0.027,  1.99e+09),
           ( 0.030,  1.69e+09),
           ( 0.034,  1.14e+09),
           ( 0.037,  1.13e+09),
           ( 0.040,  5.37e+07),
           ( 0.044,  1.32e+09),
           ( 0.047,  1.38e+09),
           ( 0.051,  9.36e+08),
           ( 0.054,  2.28e+08),
           ( 0.057,  1.40e+09),
           ( 0.064,  1.93e+09),
           ( 0.068,  1.42e+09),
           ( 0.071,  1.94e+09),
           ( 0.074,  1.51e+09),
           ( 0.078,  1.35e+09),
           ( 0.081,  2.64e+09),
           ( 0.084,  2.51e+09),
           ( 0.088,  3.15e+09),
           ( 0.091,  3.42e+09),
           ( 0.095,  2.23e+09),
           ( 0.098,  2.66e+09),
           ( 0.101,  3.29e+09),
           ( 0.105,  3.30e+09),
           ( 0.108,  1.71e+09),
           ( 0.111,  1.82e+09),
           ( 0.115,  4.30e+09),
           ( 0.118,  3.06e+09),
           ( 0.122,  3.25e+09),
           ( 0.125,  3.69e+09),
           ( 0.128,  3.92e+09),
           ( 0.132,  4.57e+09),
           ( 0.135,  4.40e+09),
           ( 0.138,  4.52e+09),
           ( 0.142,  4.54e+09),
           ( 0.145,  4.83e+09),
           ( 0.149,  6.28e+09),
           ( 0.152,  4.42e+09),
           ( 0.159,  5.39e+09),
           ( 0.162,  5.22e+09),
           ( 0.165,  4.57e+09),
           ( 0.169,  4.59e+09),
           ( 0.172,  4.24e+09),
           ( 0.176,  4.26e+09),
           ( 0.179,  4.50e+09),
           ( 0.182,  4.68e+09),
           ( 0.186,  4.53e+09),
           ( 0.189,  6.07e+09),
           ( 0.192,  7.88e+09),
           ( 0.196,  8.26e+09),
           ( 0.199,  7.43e+09),
           ( 0.206,  9.23e+09),
           ( 0.209,  9.61e+09),
           ( 0.213,  8.31e+09),
           ( 0.216,  7.85e+09),
           ( 0.219,  8.30e+09),
           ( 0.233,  5.14e+09),
           ( 0.236,  5.01e+09),
           ( 0.240,  5.01e+09),
           ( 0.243,  5.47e+09),
           ( 0.246,  3.83e+09),
           ( 0.250,  4.82e+09),
           ( 0.253,  3.47e+09),
           ( 0.257,  3.71e+09),
           ( 0.260,  3.52e+09),
           ( 0.263,  3.01e+09),
           ( 0.267,  2.77e+09),
           ( 0.270,  3.92e+09),
           ( 0.273,  4.06e+09),
           ( 0.277,  2.46e+09),
           ( 0.280,  4.43e+09),
           ( 0.284,  2.30e+09),
           ( 0.287,  3.84e+09),
           ( 0.290,  3.12e+09),
           ( 0.294,  5.32e+09),
           ( 0.297,  4.49e+09),
           ( 0.300,  4.29e+09),
           ( 0.304,  4.25e+09),
           ( 0.307,  2.49e+09),
           ( 0.311,  1.77e+09),
           ( 0.314,  1.95e+09),
           ( 0.317,  2.82e+09),
           ( 0.321,  1.57e+09),
           ( 0.327,  3.89e+09),
           ( 0.331,  4.06e+09),
           ( 0.334,  4.81e+09),
           ( 0.338,  4.24e+09),
           ( 0.341,  4.17e+09),
           ( 0.344,  2.85e+09),
           ( 0.348,  3.22e+09),
           ( 0.351,  3.47e+09),
           ( 0.358,  1.37e+09),
           ( 0.361,  1.90e+09),
           ( 0.365,  2.09e+09),
           ( 0.368,  2.04e+09),
           ( 0.371,  1.54e+09),
           ( 0.375,  1.73e+09),
           ( 0.378,  1.76e+09),
           ( 0.381,  8.40e+08),
           ( 0.385,  1.69e+09),
           ( 0.388,  1.29e+09),
           ( 0.392,  1.70e+09),
           ( 0.395,  1.81e+09),
           ( 0.398,  1.98e+09),
           ( 0.402,  1.27e+09),
           ( 0.405,  2.45e+09),
           ( 0.408,  2.34e+09),
           ( 0.412,  7.95e+08),
           ( 0.415,  4.40e+08),
           ( 0.419,  1.14e+09),
           ( 0.422,  5.14e+08),
           ( 0.425,  4.74e+08),
           ( 0.429, -1.00e+09),
           ( 0.432,  1.71e+08),
           ( 0.435,  1.02e+09),
           ( 0.439,  6.28e+08),
           ( 0.442,  1.83e+09),
           ( 0.446,  1.70e+09),
           ( 0.449,  2.74e+09),
           ( 0.452,  1.86e+09),
           ( 0.456,  1.75e+09),
           ( 0.459,  1.72e+09),
           ( 0.462,  8.41e+08),
           ( 0.466,  8.84e+08),
           ( 0.469,  1.37e+09),
           ( 0.476, -3.28e+08),
           ( 0.483,  8.47e+08),
           ( 0.486, -1.10e+08),
           ( 0.489,  2.94e+08),
           ( 0.493,  5.57e+08),
           ( 0.496, -6.49e+08),
           ( 0.500, -4.60e+08),
           ( 0.506, -8.37e+08),
           ( 0.510, -8.18e+08),
           ( 0.513, -1.59e+09),
           ( 0.516, -3.09e+08),
           ( 0.520,  6.43e+08),
           ( 0.523, -3.04e+08),
           ( 0.527,  8.47e+08),
           ( 0.530,  3.14e+08),
           ( 0.533, -4.97e+08),
           ( 0.537,  5.71e+08),
           ( 0.540,  4.13e+08),
           ( 0.543, -2.37e+07),
           ( 0.547,  2.43e+08),
           ( 0.550, -7.20e+08),
           ( 0.554, -2.61e+08),
           ( 0.560,  1.83e+09),
           ( 0.564,  6.83e+08),
           ( 0.567,  4.37e+08),
           ( 0.570,  9.30e+07),
           ( 0.574,  1.40e+06),
           ( 0.577,  1.79e+07),
           ( 0.581,  1.35e+08),
           ( 0.584, -2.75e+08),
           ( 0.587,  6.03e+08),
           ( 0.591,  2.20e+08),
           ( 0.594,  7.65e+08),
           ( 0.597, -4.39e+08),
           ( 0.601, -7.64e+07),
           ( 0.604, -1.35e+08),
           ( 0.608,  1.57e+09),
           ( 0.614, -1.15e+09),
           ( 0.618, -1.68e+09),
           ( 0.621, -1.64e+09),
           ( 0.624, -1.69e+08),
           ( 0.628,  5.17e+08),
           ( 0.635, -1.61e+09),
           ( 0.638, -2.66e+09),
           ( 0.641, -7.77e+08),
           ( 0.645, -5.34e+08),
           ( 0.648, -3.97e+08),
           ( 0.651, -3.65e+08),
           ( 0.655,  3.70e+07),
           ( 0.658, -1.24e+09),
           ( 0.662,  1.45e+08),
           ( 0.665,  6.67e+08),
           ( 0.672, -1.25e+09),
           ( 0.675, -5.44e+08),
           ( 0.678,  3.87e+07),
           ( 0.682,  3.88e+08),
           ( 0.685,  3.58e+08),
           ( 0.689,  2.46e+08),
           ( 0.692,  6.84e+08),
           ( 0.695,  6.40e+08),
           ( 0.699, -1.85e+08),
           ( 0.702, -3.41e+08),
           ( 0.705,  1.79e+07),
           ( 0.709, -2.27e+08),
           ( 0.712,  1.01e+08),
           ( 0.716,  3.57e+08),
           ( 0.719, -7.68e+08),
           ( 0.722, -5.19e+08),
           ( 0.726,  2.10e+08),
           ( 0.729,  5.43e+07),
           ( 0.732,  4.15e+08),
           ( 0.736, -1.03e+09),
           ( 0.739,  6.79e+08),
           ( 0.743,  1.15e+09),
           ( 0.746, -1.36e+08),
           ( 0.749,  1.39e+09),
           ( 0.753, -3.59e+08),
           ( 0.756,  3.18e+08),
           ( 0.759,  3.93e+08),
           ( 0.763,  5.82e+07),
           ( 0.766,  2.25e+08),
           ( 0.770, -1.23e+08),
           ( 0.773, -6.53e+08),
           ( 0.776, -2.71e+08),
           ( 0.780, -5.69e+08),
           ( 0.783,  5.25e+07),
           ( 0.786,  5.68e+08),
           ( 0.790,  2.31e+08),
           ( 0.793,  3.80e+08),
           ( 0.797,  1.22e+09),
           ( 0.800, -1.15e+08),
           ( 0.803, -4.68e+08),
           ( 0.807, -7.02e+08),
           ( 0.810, -6.24e+08),
           ( 0.813, -1.49e+09),
           ( 0.817, -6.33e+08),
           ( 0.820, -7.48e+08),
           ( 0.824, -1.23e+09),
           ( 0.827, -8.76e+08),
           ( 0.830, -4.35e+08),
           ( 0.834,  1.21e+09),
           ( 0.837, -4.85e+08),
           ( 0.840,  1.31e+08),
           ( 0.844,  2.27e+08),
           ( 0.847, -1.01e+08),
           ( 0.851,  5.73e+08),
           ( 0.854,  5.13e+08),
           ( 0.857, -4.70e+08),
           ( 0.861,  7.08e+08),
           ( 0.864,  4.14e+08),
           ( 0.867, -2.28e+08),
           ( 0.871,  8.23e+08),
           ( 0.874,  6.49e+08),
           ( 0.877, -3.17e+08),
           ( 0.881,  6.55e+07),
           ( 0.884, -2.75e+08),
           ( 0.888,  1.85e+09),
           ( 0.891,  6.37e+08),
           ( 0.894,  2.15e+08),
           ( 0.898,  9.22e+07),
           ( 0.901,  3.38e+08),
           ( 0.905, -5.11e+08),
           ( 0.908,  3.73e+08),
           ( 0.911,  5.49e+08),
           ( 0.915,  7.75e+08),
           ( 0.918,  6.21e+08),
           ( 0.921,  3.66e+07),
           ( 0.925,  1.00e+08),
           ( 0.928,  4.92e+08),
           ( 0.932,  7.17e+07),
           ( 0.935,  4.64e+08),
           ( 0.938,  2.36e+08),
           ( 0.942,  1.30e+09),
           ( 0.945,  6.24e+08),
           ( 0.948,  5.43e+08),
           ( 0.952,  1.62e+09),
           ( 0.955,  1.64e+09),
           ( 0.958,  8.09e+08),
           ( 0.962,  3.27e+08),
           ( 0.965,  7.50e+08),
           ( 0.969,  4.97e+08),
           ( 0.972,  7.62e+08),
           ( 0.975,  8.08e+08),
           ( 0.979,  8.36e+08),
           ( 0.982,  8.46e+08),
           ( 0.986,  8.05e+08),
           ( 0.989,  9.43e+08),
           ( 0.992,  1.00e+09),
           ( 0.996,  1.63e+09),
           ( 0.999,  1.24e+09),
           ( 1.002, -3.00e+08),
           ( 1.006,  9.07e+08),
           ( 1.009,  1.18e+09),
           ( 1.016, -3.55e+08),
           ( 1.019,  1.05e+09),
           ( 1.023,  8.26e+08),
           ( 1.026,  1.73e+08),
           ( 1.029, -2.51e+08),
           ( 1.033, -2.53e+08),
           ( 1.036,  1.14e+09),
           ( 1.039,  1.08e+08),
           ( 1.043,  9.45e+08),
           ( 1.046, -2.10e+08),
           ( 1.050, -6.64e+07),
           ( 1.053,  4.93e+08),
           ( 1.056,  6.23e+08),
           ( 1.060, -4.74e+07),
           ( 1.063,  5.45e+08),
           ( 1.067, -5.41e+08),
           ( 1.070, -1.87e+09),
           ( 1.073,  4.20e+08),
           ( 1.077, -7.05e+08),
           ( 1.080, -9.12e+08),
           ( 1.083, -2.56e+08),
           ( 1.087, -3.33e+06),
           ( 1.090, -6.41e+08),
           ( 1.094, -1.02e+07),
           ( 1.097, -4.62e+08),
           ( 1.100, -1.66e+08),
           ( 1.104,  8.13e+08),
           ( 1.107,  7.62e+08),
           ( 1.110, -1.35e+09),
           ( 1.114,  8.37e+06),
           ( 1.117,  1.60e+07),
           ( 1.121,  1.04e+09),
           ( 1.124,  4.21e+08),
           ( 1.127,  3.97e+08),
           ( 1.131,  3.25e+08),
           ( 1.134, -9.00e+08),
           ( 1.137, -1.07e+09),
           ( 1.144,  4.40e+08),
           ( 1.147, -8.71e+08),
           ( 1.151, -7.91e+08),
           ( 1.154, -2.66e+08),
           ( 1.158, -4.23e+08),
           ( 1.161,  1.19e+08),
           ( 1.164,  1.05e+08),
           ( 1.168,  1.12e+09),
           ( 1.171, -6.35e+08),
           ( 1.175,  3.17e+08),
           ( 1.178,  9.99e+07),
           ( 1.181,  4.31e+08),
           ( 1.185,  1.35e+08),
           ( 1.188,  3.39e+08),
           ( 1.191, -8.46e+08),
           ( 1.195,  1.85e+08),
           ( 1.198, -6.98e+08),
           ( 1.202,  1.45e+09),
           ( 1.205, -2.08e+08),
           ( 1.208, -4.52e+08),
           ( 1.212, -5.39e+08),
           ( 1.215,  6.71e+08),
           ( 1.218, -1.79e+08),
           ( 1.222, -4.88e+08),
           ( 1.225, -1.53e+08),
           ( 1.228, -3.25e+08),
           ( 1.232, -1.56e+09),
           ( 1.235, -9.49e+08),
           ( 1.239,  1.16e+08),
           ( 1.242,  5.01e+08),
           ( 1.245, -3.50e+08),
           ( 1.249, -9.35e+07),
           ( 1.252, -9.81e+07),
           ( 1.256,  1.18e+08),
           ( 1.259,  4.07e+08),
           ( 1.262, -2.22e+08),
           ( 1.266, -2.43e+07),
           ( 1.269,  9.53e+06),
           ( 1.272, -1.16e+09),
           ( 1.276, -3.52e+07),
           ( 1.279, -3.59e+08),
           ( 1.283,  4.56e+08),
           ( 1.286,  1.00e+09),
           ( 1.289,  1.24e+09),
           ( 1.293, -1.39e+08),
           ( 1.296, -8.71e+08),
           ( 1.299, -2.13e+07),
           ( 1.303, -2.22e+07),
           ( 1.306, -7.99e+08),
           ( 1.309, -2.33e+08),
           ( 1.313, -8.59e+08),
           ( 1.316, -8.86e+07),
           ( 1.320, -5.09e+08),
           ( 1.323, -6.69e+08),
           ( 1.326, -1.84e+08),
           ( 1.330, -6.07e+08),
           ( 1.333, -4.62e+08),
           ( 1.337,  6.06e+08),
           ( 1.340, -1.49e+08),
           ( 1.343, -5.44e+08),
           ( 1.347, -5.84e+08),
           ( 1.350, -7.19e+08),
           ( 1.353, -5.53e+08),
           ( 1.357,  6.39e+08),
           ( 1.360,  1.16e+09),
           ( 1.364,  3.10e+08),
           ( 1.367,  2.56e+08),
           ( 1.370,  4.85e+08),
           ( 1.374,  6.60e+08),
           ( 1.377,  6.07e+08),
           ( 1.380,  3.16e+08),
           ( 1.384, -7.12e+08),
           ( 1.387,  1.03e+09),
           ( 1.391,  3.15e+08),
           ( 1.394, -8.98e+08),
           ( 1.397,  5.64e+08),
           ( 1.397,  5.64e+08)]
