Bolide Detection Notification: 2019-181

At 16:52:47 UT on 30 Jun 2019, sensors aboard U. S. Government satellites recorded
the flash signature of a large meteoroid entry into the atmosphere. Location of the
flash was Lat 21.2 °N, Lon 129.5 °W.

Based upon the visible-light intensity-time signature, peak brightness of the flash
was determined to be approximately 9.63e+09 watts/steradian, and total radiated flash
energy 3.28e+10 joules (6000K blackbody model).

Intensity-time signature of the event and integrated intensity are depicted on the
plots below.

Columns: time, intensity (w/sr)
Intensity=[(-0.500,  2.15e+08),
           (-0.496,  9.66e+08),
           (-0.493,  3.79e+08),
           (-0.489, -3.76e+08),
           (-0.486,  4.55e+08),
           (-0.483,  1.00e+09),
           (-0.479,  1.30e+09),
           (-0.476, -1.01e+08),
           (-0.473, -2.87e+08),
           (-0.469, -6.42e+08),
           (-0.466,  1.46e+07),
           (-0.462,  1.72e+09),
           (-0.459,  4.87e+07),
           (-0.456, -2.04e+09),
           (-0.452,  2.24e+08),
           (-0.449, -1.82e+09),
           (-0.446,  8.88e+08),
           (-0.442, -5.62e+08),
           (-0.439,  3.64e+08),
           (-0.435,  1.77e+08),
           (-0.432, -1.37e+09),
           (-0.429,  1.46e+08),
           (-0.425,  4.20e+08),
           (-0.422,  1.66e+08),
           (-0.419, -5.07e+08),
           (-0.415, -3.46e+07),
           (-0.412,  1.29e+09),
           (-0.408,  3.69e+08),
           (-0.405, -3.20e+08),
           (-0.402,  5.39e+08),
           (-0.398,  3.50e+08),
           (-0.395, -3.90e+08),
           (-0.392,  1.48e+08),
           (-0.388, -5.16e+08),
           (-0.385, -6.74e+07),
           (-0.381, -8.49e+08),
           (-0.378, -6.50e+07),
           (-0.375, -1.35e+08),
           (-0.371, -2.99e+07),
           (-0.368, -9.54e+08),
           (-0.365, -5.02e+08),
           (-0.361, -1.05e+09),
           (-0.358,  2.09e+08),
           (-0.354, -9.43e+08),
           (-0.351,  7.92e+08),
           (-0.348,  2.95e+08),
           (-0.344, -8.92e+08),
           (-0.341, -9.61e+08),
           (-0.338,  3.64e+08),
           (-0.334,  5.35e+08),
           (-0.331,  3.65e+08),
           (-0.327, -2.54e+08),
           (-0.324, -1.07e+09),
           (-0.321, -7.12e+08),
           (-0.317, -1.32e+09),
           (-0.314, -9.05e+07),
           (-0.311, -1.20e+09),
           (-0.307, -1.78e+09),
           (-0.304, -2.43e+08),
           (-0.300,  2.57e+08),
           (-0.297, -1.64e+09),
           (-0.294, -2.33e+09),
           (-0.290,  2.87e+08),
           (-0.287, -6.59e+08),
           (-0.284, -7.32e+08),
           (-0.280,  3.20e+08),
           (-0.277,  9.78e+08),
           (-0.273,  1.43e+09),
           (-0.270,  7.95e+08),
           (-0.267, -7.16e+08),
           (-0.263,  2.72e+08),
           (-0.260, -8.17e+08),
           (-0.257, -9.04e+08),
           (-0.253,  1.44e+09),
           (-0.250, -4.96e+08),
           (-0.246, -7.53e+08),
           (-0.243, -5.43e+08),
           (-0.240, -7.94e+08),
           (-0.236,  1.39e+09),
           (-0.233, -9.76e+08),
           (-0.230, -1.01e+09),
           (-0.226, -5.55e+08),
           (-0.223,  3.20e+08),
           (-0.219,  7.11e+08),
           (-0.216, -1.14e+09),
           (-0.213, -1.69e+09),
           (-0.209, -1.18e+09),
           (-0.206, -1.66e+09),
           (-0.203, -3.67e+08),
           (-0.199, -6.93e+08),
           (-0.196,  1.00e+09),
           (-0.192,  6.85e+08),
           (-0.189,  6.82e+06),
           (-0.186, -1.04e+08),
           (-0.182,  1.33e+09),
           (-0.179, -1.07e+09),
           (-0.176, -5.17e+08),
           (-0.172, -1.00e+09),
           (-0.169,  1.92e+08),
           (-0.165,  7.07e+08),
           (-0.162, -2.92e+08),
           (-0.159,  1.26e+08),
           (-0.155, -9.35e+08),
           (-0.152,  9.58e+08),
           (-0.145, -1.31e+09),
           (-0.142,  1.16e+08),
           (-0.138, -7.78e+07),
           (-0.135, -2.99e+08),
           (-0.132,  1.98e+08),
           (-0.128,  1.20e+09),
           (-0.125,  6.03e+08),
           (-0.122,  1.19e+08),
           (-0.118,  4.57e+08),
           (-0.115,  5.68e+08),
           (-0.111,  1.21e+09),
           (-0.108, -6.73e+07),
           (-0.105, -5.86e+08),
           (-0.101,  3.59e+08),
           (-0.098,  9.09e+08),
           (-0.095,  1.09e+09),
           (-0.091,  5.88e+08),
           (-0.088, -1.19e+09),
           (-0.084,  6.77e+08),
           (-0.081, -1.28e+09),
           (-0.078,  4.33e+08),
           (-0.074, -1.07e+08),
           (-0.071,  5.34e+08),
           (-0.068, -2.43e+08),
           (-0.064,  1.95e+09),
           (-0.061,  1.42e+09),
           (-0.057,  1.87e+09),
           (-0.054,  2.89e+09),
           (-0.051,  1.93e+09),
           (-0.047,  2.34e+09),
           (-0.044,  1.92e+09),
           (-0.041,  1.27e+09),
           (-0.037,  1.28e+09),
           (-0.034, -1.25e+08),
           (-0.030,  1.31e+09),
           (-0.027,  7.57e+08),
           (-0.024,  1.47e+09),
           (-0.020,  1.78e+09),
           (-0.017,  1.30e+09),
           (-0.014,  1.10e+09),
           (-0.010,  3.48e+09),
           (-0.007,  2.32e+09),
           (-0.003,  4.19e+09),
           (-0.000,  4.70e+09),
           ( 0.003,  1.89e+09),
           ( 0.007,  2.52e+09),
           ( 0.010,  4.22e+09),
           ( 0.013,  4.33e+09),
           ( 0.017,  3.70e+09),
           ( 0.020,  5.25e+09),
           ( 0.024,  3.52e+09),
           ( 0.027,  3.21e+09),
           ( 0.030,  4.17e+09),
           ( 0.034,  4.28e+09),
           ( 0.037,  4.18e+09),
           ( 0.040,  3.30e+09),
           ( 0.044,  4.45e+09),
           ( 0.047,  2.94e+09),
           ( 0.051,  3.81e+09),
           ( 0.054,  4.99e+09),
           ( 0.057,  4.68e+09),
           ( 0.061,  6.21e+09),
           ( 0.064,  5.22e+09),
           ( 0.067,  5.40e+09),
           ( 0.071,  6.76e+09),
           ( 0.074,  6.57e+09),
           ( 0.078,  6.00e+09),
           ( 0.081,  6.11e+09),
           ( 0.084,  5.99e+09),
           ( 0.088,  3.73e+09),
           ( 0.091,  6.70e+09),
           ( 0.094,  5.28e+09),
           ( 0.098,  5.83e+09),
           ( 0.101,  6.57e+09),
           ( 0.105,  6.78e+09),
           ( 0.108,  5.70e+09),
           ( 0.111,  6.35e+09),
           ( 0.115,  5.88e+09),
           ( 0.118,  8.14e+09),
           ( 0.121,  8.00e+09),
           ( 0.125,  6.36e+09),
           ( 0.128,  7.85e+09),
           ( 0.132,  8.01e+09),
           ( 0.135,  6.88e+09),
           ( 0.138,  6.53e+09),
           ( 0.142,  5.94e+09),
           ( 0.145,  6.56e+09),
           ( 0.148,  6.91e+09),
           ( 0.152,  6.38e+09),
           ( 0.155,  9.30e+09),
           ( 0.159,  7.48e+09),
           ( 0.162,  8.09e+09),
           ( 0.165,  7.72e+09),
           ( 0.169,  7.84e+09),
           ( 0.172,  7.89e+09),
           ( 0.175,  6.88e+09),
           ( 0.179,  7.69e+09),
           ( 0.182,  7.74e+09),
           ( 0.186,  6.20e+09),
           ( 0.189,  6.90e+09),
           ( 0.192,  6.65e+09),
           ( 0.196,  5.62e+09),
           ( 0.199,  6.61e+09),
           ( 0.202,  6.89e+09),
           ( 0.206,  6.67e+09),
           ( 0.209,  8.71e+09),
           ( 0.213,  9.05e+09),
           ( 0.216,  8.25e+09),
           ( 0.219,  9.54e+09),
           ( 0.223,  9.63e+09),
           ( 0.226,  7.15e+09),
           ( 0.229,  6.81e+09),
           ( 0.233,  7.10e+09),
           ( 0.236,  6.47e+09),
           ( 0.240,  6.06e+09),
           ( 0.243,  6.97e+09),
           ( 0.246,  7.49e+09),
           ( 0.250,  4.71e+09),
           ( 0.253,  5.47e+09),
           ( 0.260,  4.79e+09),
           ( 0.263,  5.24e+09),
           ( 0.267,  4.77e+09),
           ( 0.270,  5.95e+09),
           ( 0.273,  6.27e+09),
           ( 0.277,  5.04e+09),
           ( 0.280,  6.75e+09),
           ( 0.283,  5.61e+09),
           ( 0.287,  5.99e+09),
           ( 0.290,  3.26e+09),
           ( 0.294,  4.66e+09),
           ( 0.297,  4.20e+09),
           ( 0.300,  4.30e+09),
           ( 0.307,  5.47e+09),
           ( 0.310,  4.07e+09),
           ( 0.314,  4.98e+09),
           ( 0.317,  3.98e+09),
           ( 0.321,  5.34e+09),
           ( 0.324,  4.13e+09),
           ( 0.327,  3.42e+09),
           ( 0.331,  2.90e+09),
           ( 0.334,  3.10e+09),
           ( 0.337,  4.79e+09),
           ( 0.341,  5.22e+09),
           ( 0.344,  4.81e+09),
           ( 0.348,  3.32e+09),
           ( 0.351,  3.28e+09),
           ( 0.354,  5.44e+09),
           ( 0.358,  3.93e+09),
           ( 0.361,  4.19e+09),
           ( 0.364,  5.22e+09),
           ( 0.368,  2.92e+09),
           ( 0.371,  4.27e+09),
           ( 0.375,  3.14e+09),
           ( 0.378,  3.82e+09),
           ( 0.381,  2.44e+09),
           ( 0.385,  3.11e+09),
           ( 0.388,  1.38e+09),
           ( 0.391,  3.44e+09),
           ( 0.395,  1.61e+09),
           ( 0.398,  2.94e+09),
           ( 0.402,  1.24e+09),
           ( 0.405,  1.69e+09),
           ( 0.408,  1.60e+09),
           ( 0.412,  2.14e+09),
           ( 0.418,  1.33e+09),
           ( 0.422,  1.17e+09),
           ( 0.425,  3.17e+09),
           ( 0.429,  2.25e+09),
           ( 0.432,  2.55e+09),
           ( 0.435,  3.21e+09),
           ( 0.439,  3.03e+09),
           ( 0.442,  3.10e+09),
           ( 0.445,  8.75e+08),
           ( 0.449,  8.66e+08),
           ( 0.452,  1.62e+09),
           ( 0.456,  1.84e+09),
           ( 0.459, -2.54e+07),
           ( 0.462, -7.39e+08),
           ( 0.469,  6.63e+08),
           ( 0.472,  7.69e+08),
           ( 0.476,  1.69e+09),
           ( 0.479, -6.16e+08),
           ( 0.483, -1.95e+09),
           ( 0.486,  6.92e+08),
           ( 0.489,  1.65e+09),
           ( 0.493, -5.45e+08),
           ( 0.496,  2.75e+08),
           ( 0.499,  2.28e+09),
           ( 0.503,  1.42e+09),
           ( 0.506,  1.49e+09),
           ( 0.510,  7.30e+08),
           ( 0.513,  8.38e+08),
           ( 0.516,  1.93e+09),
           ( 0.520,  5.50e+08),
           ( 0.523, -4.19e+07),
           ( 0.526,  2.17e+08),
           ( 0.530,  6.27e+08),
           ( 0.533, -9.32e+08),
           ( 0.537, -4.23e+08),
           ( 0.540,  3.38e+08),
           ( 0.543, -4.63e+08),
           ( 0.547,  1.41e+09),
           ( 0.550,  6.68e+08),
           ( 0.553,  1.15e+09),
           ( 0.557,  3.93e+07),
           ( 0.560, -2.04e+07),
           ( 0.564,  1.17e+09),
           ( 0.567,  5.80e+08),
           ( 0.570,  1.86e+09),
           ( 0.574, -6.03e+08),
           ( 0.577, -5.50e+08),
           ( 0.580, -9.96e+08),
           ( 0.584,  3.17e+08),
           ( 0.587,  2.13e+09),
           ( 0.591,  1.19e+09),
           ( 0.594,  3.71e+08),
           ( 0.597,  5.52e+08),
           ( 0.601,  1.54e+08),
           ( 0.604, -6.17e+08),
           ( 0.607, -4.54e+08),
           ( 0.611,  6.64e+07),
           ( 0.614,  5.11e+08),
           ( 0.618,  8.22e+08),
           ( 0.621,  1.61e+09),
           ( 0.624,  1.65e+08),
           ( 0.628,  1.71e+09),
           ( 0.631,  8.41e+08),
           ( 0.634,  1.73e+09),
           ( 0.638,  1.66e+09),
           ( 0.641, -6.46e+08),
           ( 0.645,  8.52e+08),
           ( 0.648,  1.82e+09),
           ( 0.651, -9.28e+08),
           ( 0.655,  2.28e+09),
           ( 0.658,  2.98e+09),
           ( 0.661,  1.15e+09),
           ( 0.665,  3.25e+08),
           ( 0.668,  5.63e+08),
           ( 0.672,  1.76e+09),
           ( 0.675,  7.31e+08),
           ( 0.678,  5.18e+08),
           ( 0.682, -7.30e+08),
           ( 0.685,  1.34e+09),
           ( 0.688,  1.83e+09),
           ( 0.692,  1.09e+09),
           ( 0.695,  1.53e+08),
           ( 0.699,  1.29e+09),
           ( 0.702, -7.13e+08),
           ( 0.709,  8.79e+08),
           ( 0.712,  8.81e+08),
           ( 0.715, -1.76e+09),
           ( 0.719,  4.51e+08),
           ( 0.722,  8.00e+08),
           ( 0.726, -2.23e+08),
           ( 0.729,  9.40e+08),
           ( 0.732,  7.67e+08),
           ( 0.736,  6.87e+08),
           ( 0.739,  2.18e+08),
           ( 0.742, -4.07e+08),
           ( 0.746,  1.83e+08),
           ( 0.749,  2.77e+08),
           ( 0.753, -6.70e+08),
           ( 0.756, -1.57e+08),
           ( 0.759,  5.63e+08),
           ( 0.763,  6.48e+08),
           ( 0.766, -1.45e+08),
           ( 0.769, -1.34e+09),
           ( 0.773, -5.15e+08),
           ( 0.776, -1.09e+09),
           ( 0.780,  4.72e+08),
           ( 0.783,  6.55e+08),
           ( 0.786, -1.13e+09),
           ( 0.790, -5.12e+08),
           ( 0.793,  6.57e+08),
           ( 0.796,  4.93e+08),
           ( 0.800, -2.19e+08),
           ( 0.803, -1.39e+09),
           ( 0.807,  6.95e+08),
           ( 0.810, -3.53e+08),
           ( 0.813, -5.52e+08),
           ( 0.817,  4.12e+08),
           ( 0.820, -9.40e+08),
           ( 0.823, -1.37e+09),
           ( 0.827, -2.85e+08),
           ( 0.830, -6.98e+08),
           ( 0.834, -1.35e+09),
           ( 0.837, -9.99e+08),
           ( 0.840, -1.12e+09),
           ( 0.844, -1.10e+09),
           ( 0.847, -9.29e+08),
           ( 0.850,  2.97e+08),
           ( 0.854,  6.69e+08),
           ( 0.857, -1.11e+09),
           ( 0.861, -1.28e+09),
           ( 0.864, -8.74e+08),
           ( 0.867, -1.97e+08),
           ( 0.871,  3.30e+08),
           ( 0.877, -6.91e+08),
           ( 0.881,  3.05e+08),
           ( 0.884, -3.38e+08),
           ( 0.888, -1.32e+09),
           ( 0.891,  4.60e+08),
           ( 0.894, -1.46e+09),
           ( 0.898,  5.35e+08),
           ( 0.901,  4.34e+08),
           ( 0.904, -1.58e+09),
           ( 0.908,  9.02e+07),
           ( 0.911, -8.91e+08),
           ( 0.915,  7.73e+08),
           ( 0.918, -6.09e+08),
           ( 0.921, -1.45e+09),
           ( 0.925,  1.74e+09),
           ( 0.928,  2.73e+08),
           ( 0.931,  6.93e+07),
           ( 0.935, -7.66e+08),
           ( 0.938,  7.27e+07),
           ( 0.942,  3.95e+08),
           ( 0.945, -5.05e+08),
           ( 0.948, -1.85e+08),
           ( 0.952, -1.07e+08),
           ( 0.955,  7.16e+08),
           ( 0.962, -1.80e+08),
           ( 0.965, -7.03e+08),
           ( 0.969,  2.76e+08),
           ( 0.972,  1.91e+09),
           ( 0.975,  1.43e+09),
           ( 0.979,  2.63e+08),
           ( 0.982,  8.65e+08),
           ( 0.985, -6.50e+08),
           ( 0.989,  1.09e+09),
           ( 0.992,  3.80e+08),
           ( 0.996, -1.11e+09),
           ( 0.999,  3.90e+08),
           ( 0.999,  3.90e+08)]
