Bolide Detection Notification: 2019-171

At 06:07:32 UT on 20 Jun 2019, sensors aboard U. S. Government satellites recorded
the flash signature of a large meteoroid entry into the atmosphere. Location of the
flash was Lat 7.3 °N, Lon 67.6 °W.

Based upon the visible-light intensity-time signature, peak brightness of the flash
was determined to be approximately 1.10e+10 watts/steradian, and total radiated flash
energy 2.25e+10 joules (6000K blackbody model).

Intensity-time signature of the event and integrated intensity are depicted on the
plots below.

Columns: time, intensity (w/sr)
Intensity=[(-0.348,  1.19e+08),
           (-0.344, -6.82e+07),
           (-0.341, -7.47e+08),
           (-0.338, -2.33e+08),
           (-0.334, -4.82e+08),
           (-0.331, -1.21e+08),
           (-0.327, -1.41e+08),
           (-0.324,  4.37e+08),
           (-0.321,  2.61e+08),
           (-0.317, -1.35e+09),
           (-0.314,  1.94e+07),
           (-0.311,  4.74e+08),
           (-0.307, -3.74e+08),
           (-0.304,  1.58e+08),
           (-0.300, -7.80e+08),
           (-0.297, -9.88e+08),
           (-0.294,  1.02e+09),
           (-0.290, -4.17e+08),
           (-0.284, -8.64e+08),
           (-0.280,  3.21e+08),
           (-0.277,  6.28e+08),
           (-0.273,  2.67e+08),
           (-0.270, -1.43e+08),
           (-0.267, -1.41e+09),
           (-0.263,  7.64e+08),
           (-0.260,  3.85e+08),
           (-0.257,  1.11e+09),
           (-0.253,  2.06e+08),
           (-0.250, -3.64e+08),
           (-0.246, -1.92e+08),
           (-0.243,  3.50e+08),
           (-0.240, -1.03e+09),
           (-0.236, -7.65e+07),
           (-0.233,  4.22e+08),
           (-0.230, -4.46e+07),
           (-0.226,  6.89e+08),
           (-0.223, -5.16e+08),
           (-0.219,  6.86e+08),
           (-0.216, -4.57e+08),
           (-0.213, -5.30e+06),
           (-0.209,  1.89e+08),
           (-0.206, -1.13e+08),
           (-0.203,  2.57e+08),
           (-0.199,  3.03e+08),
           (-0.196, -5.38e+08),
           (-0.192,  3.00e+08),
           (-0.189,  1.22e+08),
           (-0.186, -7.85e+08),
           (-0.182, -4.47e+08),
           (-0.179,  1.31e+08),
           (-0.176, -6.13e+08),
           (-0.172, -1.52e+08),
           (-0.169, -1.08e+09),
           (-0.165, -1.41e+08),
           (-0.162,  2.43e+07),
           (-0.159, -2.53e+08),
           (-0.155,  8.08e+08),
           (-0.152, -3.35e+08),
           (-0.149, -1.03e+08),
           (-0.145,  1.11e+09),
           (-0.142, -1.04e+08),
           (-0.138,  8.49e+08),
           (-0.135,  6.14e+08),
           (-0.132, -3.67e+08),
           (-0.128, -4.29e+08),
           (-0.125,  9.05e+08),
           (-0.122,  7.11e+08),
           (-0.118, -4.66e+07),
           (-0.115, -3.05e+08),
           (-0.111,  2.46e+08),
           (-0.108, -1.85e+08),
           (-0.105,  4.00e+07),
           (-0.101,  7.21e+07),
           (-0.098,  5.82e+08),
           (-0.095, -1.03e+08),
           (-0.091,  6.83e+08),
           (-0.088, -1.47e+07),
           (-0.084, -9.75e+08),
           (-0.081,  2.68e+08),
           (-0.078, -1.09e+07),
           (-0.074, -6.45e+08),
           (-0.071, -8.44e+08),
           (-0.068, -2.66e+08),
           (-0.064, -8.31e+08),
           (-0.061, -1.50e+08),
           (-0.057,  3.09e+08),
           (-0.054, -8.31e+08),
           (-0.051, -9.87e+08),
           (-0.047, -1.83e+08),
           (-0.044, -6.07e+08),
           (-0.041, -9.56e+08),
           (-0.037,  4.18e+08),
           (-0.034,  1.04e+08),
           (-0.030,  2.73e+07),
           (-0.027, -1.98e+08),
           (-0.024,  8.85e+08),
           (-0.020,  1.17e+09),
           (-0.017,  2.31e+09),
           (-0.014,  2.83e+09),
           (-0.010,  1.84e+09),
           (-0.007,  3.65e+09),
           (-0.000,  4.62e+09),
           ( 0.003,  5.85e+09),
           ( 0.007,  6.62e+09),
           ( 0.010,  6.64e+09),
           ( 0.013,  7.65e+09),
           ( 0.017,  8.18e+09),
           ( 0.020,  6.71e+09),
           ( 0.024,  6.61e+09),
           ( 0.027,  6.08e+09),
           ( 0.030,  5.82e+09),
           ( 0.034,  6.28e+09),
           ( 0.037,  6.32e+09),
           ( 0.040,  7.22e+09),
           ( 0.044,  7.88e+09),
           ( 0.047,  9.63e+09),
           ( 0.051,  1.10e+10),
           ( 0.054,  1.03e+10),
           ( 0.057,  1.06e+10),
           ( 0.061,  1.07e+10),
           ( 0.064,  1.06e+10),
           ( 0.067,  1.08e+10),
           ( 0.071,  9.76e+09),
           ( 0.074,  8.56e+09),
           ( 0.078,  7.97e+09),
           ( 0.081,  8.56e+09),
           ( 0.084,  8.08e+09),
           ( 0.088,  8.98e+09),
           ( 0.094,  1.02e+10),
           ( 0.098,  8.46e+09),
           ( 0.101,  8.28e+09),
           ( 0.105,  7.22e+09),
           ( 0.108,  7.01e+09),
           ( 0.111,  6.62e+09),
           ( 0.115,  5.71e+09),
           ( 0.118,  6.47e+09),
           ( 0.121,  6.40e+09),
           ( 0.125,  7.28e+09),
           ( 0.128,  6.19e+09),
           ( 0.132,  6.20e+09),
           ( 0.135,  5.67e+09),
           ( 0.138,  5.26e+09),
           ( 0.142,  4.79e+09),
           ( 0.145,  4.45e+09),
           ( 0.148,  5.97e+09),
           ( 0.152,  4.95e+09),
           ( 0.155,  4.43e+09),
           ( 0.159,  4.36e+09),
           ( 0.162,  4.18e+09),
           ( 0.165,  4.18e+09),
           ( 0.175,  4.84e+09),
           ( 0.179,  4.14e+09),
           ( 0.182,  4.89e+09),
           ( 0.186,  3.58e+09),
           ( 0.192,  5.52e+09),
           ( 0.196,  4.62e+09),
           ( 0.202,  3.86e+09),
           ( 0.206,  5.10e+09),
           ( 0.209,  4.76e+09),
           ( 0.213,  5.11e+09),
           ( 0.216,  3.68e+09),
           ( 0.219,  3.12e+09),
           ( 0.223,  3.25e+09),
           ( 0.226,  3.27e+09),
           ( 0.229,  4.05e+09),
           ( 0.233,  3.38e+09),
           ( 0.236,  2.89e+09),
           ( 0.240,  2.15e+09),
           ( 0.243,  2.58e+09),
           ( 0.246,  1.98e+09),
           ( 0.250,  2.30e+09),
           ( 0.253,  2.56e+09),
           ( 0.256,  2.20e+09),
           ( 0.260,  3.00e+09),
           ( 0.263,  2.78e+09),
           ( 0.267,  2.80e+09),
           ( 0.270,  2.35e+09),
           ( 0.273,  3.09e+09),
           ( 0.277,  2.29e+09),
           ( 0.280,  1.04e+09),
           ( 0.283,  2.22e+09),
           ( 0.287,  2.64e+09),
           ( 0.290,  2.79e+09),
           ( 0.294,  1.52e+09),
           ( 0.297,  2.02e+09),
           ( 0.300,  2.14e+09),
           ( 0.304,  8.45e+08),
           ( 0.307,  2.27e+09),
           ( 0.310,  8.84e+08),
           ( 0.314,  2.44e+09),
           ( 0.317,  1.42e+09),
           ( 0.321,  1.17e+09),
           ( 0.324,  1.77e+09),
           ( 0.327,  1.13e+09),
           ( 0.331,  2.99e+08),
           ( 0.334,  1.44e+09),
           ( 0.337,  3.81e+08),
           ( 0.341,  1.08e+09),
           ( 0.344,  5.42e+08),
           ( 0.351,  8.11e+08),
           ( 0.354,  5.20e+08),
           ( 0.358,  1.86e+07),
           ( 0.361, -7.42e+08),
           ( 0.364,  4.82e+08),
           ( 0.368, -4.72e+08),
           ( 0.371, -2.70e+07),
           ( 0.375, -2.11e+08),
           ( 0.378,  6.34e+08),
           ( 0.381,  7.23e+08),
           ( 0.385,  3.56e+08),
           ( 0.388,  2.76e+08),
           ( 0.391,  6.94e+08),
           ( 0.395,  2.82e+07),
           ( 0.398,  3.44e+08),
           ( 0.402, -9.30e+08),
           ( 0.405, -1.91e+08),
           ( 0.408, -1.33e+08),
           ( 0.412, -4.41e+08),
           ( 0.415, -6.61e+08),
           ( 0.418, -1.89e+08),
           ( 0.422, -1.20e+09),
           ( 0.425, -5.63e+08),
           ( 0.429,  7.93e+08),
           ( 0.432, -3.41e+08),
           ( 0.435, -1.23e+09),
           ( 0.439, -5.93e+08),
           ( 0.442, -1.10e+09),
           ( 0.445, -6.47e+08),
           ( 0.449, -4.57e+08),
           ( 0.452, -1.00e+09),
           ( 0.456, -1.44e+09),
           ( 0.459, -3.07e+08),
           ( 0.462, -1.36e+08),
           ( 0.466, -4.58e+08),
           ( 0.469, -1.08e+09),
           ( 0.472, -1.05e+09),
           ( 0.476, -1.93e+09),
           ( 0.479, -7.92e+08),
           ( 0.483, -5.72e+08),
           ( 0.486, -1.96e+09),
           ( 0.489, -4.56e+08),
           ( 0.493, -7.50e+08),
           ( 0.496, -8.56e+08),
           ( 0.499,  1.63e+08),
           ( 0.503, -6.02e+08),
           ( 0.506, -3.77e+08),
           ( 0.510, -7.16e+08),
           ( 0.513, -5.49e+08),
           ( 0.516,  3.67e+08),
           ( 0.520,  4.95e+08),
           ( 0.523, -1.51e+09),
           ( 0.526, -9.75e+08),
           ( 0.530, -1.13e+09),
           ( 0.533, -7.95e+08),
           ( 0.537, -7.21e+08),
           ( 0.540, -1.35e+09),
           ( 0.543, -1.40e+09),
           ( 0.547, -1.61e+09),
           ( 0.550, -5.47e+08),
           ( 0.553, -4.95e+08),
           ( 0.557, -7.40e+08),
           ( 0.560, -1.47e+09),
           ( 0.567, -5.25e+08),
           ( 0.570, -1.06e+09),
           ( 0.574, -9.31e+08),
           ( 0.577, -1.96e+09),
           ( 0.580, -9.86e+08),
           ( 0.584, -4.69e+08),
           ( 0.587, -1.20e+09),
           ( 0.591, -9.72e+08),
           ( 0.594, -3.04e+08),
           ( 0.597, -5.74e+08),
           ( 0.601,  1.21e+08),
           ( 0.604,  5.82e+07),
           ( 0.607, -5.04e+08),
           ( 0.611, -1.99e+08),
           ( 0.618, -1.19e+09),
           ( 0.621, -8.89e+08),
           ( 0.624, -1.08e+09),
           ( 0.628, -3.68e+08),
           ( 0.631, -5.91e+08),
           ( 0.634, -2.24e+08),
           ( 0.638, -4.40e+08),
           ( 0.641, -7.57e+08),
           ( 0.645, -1.62e+08),
           ( 0.648, -9.79e+08),
           ( 0.651, -1.95e+09),
           ( 0.655, -1.00e+09),
           ( 0.658, -1.30e+09),
           ( 0.661, -1.12e+09),
           ( 0.665, -1.19e+09),
           ( 0.668, -5.34e+08),
           ( 0.672, -6.01e+08),
           ( 0.675, -1.13e+09),
           ( 0.678, -1.17e+09),
           ( 0.682, -1.20e+09),
           ( 0.685, -4.13e+08),
           ( 0.688, -3.20e+08),
           ( 0.692, -4.65e+08),
           ( 0.695, -8.31e+08),
           ( 0.699, -2.08e+08),
           ( 0.702, -9.17e+08),
           ( 0.705, -1.26e+09),
           ( 0.709, -2.23e+08),
           ( 0.712, -2.15e+08),
           ( 0.715, -4.26e+08),
           ( 0.719, -2.64e+08),
           ( 0.722,  9.31e+06),
           ( 0.726, -5.15e+08),
           ( 0.729, -9.55e+08),
           ( 0.732,  3.46e+08),
           ( 0.736, -4.12e+07),
           ( 0.739,  3.87e+07),
           ( 0.742, -6.06e+08),
           ( 0.746, -1.02e+08),
           ( 0.749, -5.69e+08),
           ( 0.753,  1.17e+08),
           ( 0.756, -4.57e+08),
           ( 0.759, -2.93e+08),
           ( 0.766,  6.47e+08),
           ( 0.769, -7.13e+08),
           ( 0.773, -1.00e+09),
           ( 0.776, -2.65e+08),
           ( 0.780,  7.46e+08),
           ( 0.783,  2.31e+08),
           ( 0.786, -6.08e+08),
           ( 0.790, -7.42e+08),
           ( 0.793, -8.83e+07),
           ( 0.796, -1.73e+08),
           ( 0.800,  2.66e+08),
           ( 0.803, -5.14e+08),
           ( 0.807, -3.27e+08),
           ( 0.810, -2.98e+07),
           ( 0.813,  7.30e+08),
           ( 0.817, -3.88e+08),
           ( 0.820,  1.74e+08),
           ( 0.823,  1.79e+08),
           ( 0.827,  3.55e+08),
           ( 0.834,  1.67e+08),
           ( 0.837,  1.27e+08),
           ( 0.840, -2.14e+08),
           ( 0.844, -2.79e+08),
           ( 0.847, -5.94e+08),
           ( 0.854, -3.62e+08),
           ( 0.857,  2.93e+08),
           ( 0.861, -2.02e+08),
           ( 0.864, -6.11e+08),
           ( 0.867, -7.66e+08),
           ( 0.871,  3.24e+07),
           ( 0.874,  7.49e+07),
           ( 0.877,  6.09e+07),
           ( 0.881, -2.26e+08),
           ( 0.884, -2.86e+07),
           ( 0.888, -9.23e+07),
           ( 0.891,  9.00e+07),
           ( 0.894, -1.58e+08),
           ( 0.898,  4.01e+08),
           ( 0.901,  2.68e+08),
           ( 0.904,  9.95e+07),
           ( 0.908,  1.76e+08),
           ( 0.911,  5.90e+08),
           ( 0.915, -2.09e+08),
           ( 0.918,  6.79e+08),
           ( 0.921,  2.04e+07),
           ( 0.925,  2.54e+08),
           ( 0.928,  8.44e+07),
           ( 0.931, -1.67e+08),
           ( 0.935, -6.57e+08),
           ( 0.938, -1.63e+08),
           ( 0.942,  6.65e+07),
           ( 0.945, -2.62e+08),
           ( 0.948,  1.90e+08),
           ( 0.952, -9.15e+07),
           ( 0.955,  6.12e+08),
           ( 0.958, -8.11e+07),
           ( 0.962, -8.55e+06),
           ( 0.965, -6.78e+08),
           ( 0.969,  2.52e+08),
           ( 0.972, -7.08e+08),
           ( 0.975, -3.35e+08),
           ( 0.979,  1.13e+08),
           ( 0.982,  1.47e+08),
           ( 0.985, -7.19e+08),
           ( 0.989,  1.95e+08),
           ( 0.992, -4.44e+08),
           ( 0.996, -1.76e+08),
           ( 0.999,  3.45e+07),
           ( 1.002, -5.61e+08),
           ( 1.006,  3.24e+08),
           ( 1.009, -6.78e+08),
           ( 1.012, -6.86e+07),
           ( 1.016, -3.47e+08),
           ( 1.019,  1.36e+08),
           ( 1.023,  4.03e+08),
           ( 1.026, -7.79e+08),
           ( 1.029, -5.27e+08),
           ( 1.033, -7.97e+08),
           ( 1.036,  6.39e+07),
           ( 1.039,  4.82e+07),
           ( 1.043,  2.86e+08),
           ( 1.046,  1.56e+06),
           ( 1.050, -9.88e+08),
           ( 1.053,  2.43e+08),
           ( 1.056,  4.32e+06),
           ( 1.060,  4.27e+08),
           ( 1.063,  5.44e+07),
           ( 1.066,  7.13e+07),
           ( 1.070, -9.04e+08),
           ( 1.073,  3.23e+08),
           ( 1.077,  9.43e+07),
           ( 1.083, -6.56e+07),
           ( 1.087, -2.24e+08),
           ( 1.090, -1.80e+08),
           ( 1.093, -1.86e+08),
           ( 1.097, -2.49e+08),
           ( 1.100,  1.44e+08),
           ( 1.104,  1.06e+08),
           ( 1.107,  1.00e+08),
           ( 1.110, -3.89e+08),
           ( 1.114,  3.74e+08),
           ( 1.117,  1.37e+08),
           ( 1.120,  8.36e+07),
           ( 1.124,  2.97e+08),
           ( 1.127,  1.09e+09),
           ( 1.131,  1.58e+08),
           ( 1.134,  9.37e+08),
           ( 1.137,  9.14e+08),
           ( 1.141,  1.83e+09),
           ( 1.144,  5.78e+08),
           ( 1.147,  9.88e+08),
           ( 1.147,  9.88e+08)]
