Bolide Detection Notification: 2020-243

At 16:08:21 UT on 30 Aug 2020, sensors aboard U. S. Government satellites recorded
the flash signature of a large meteoroid entry into the atmosphere. Location of the
flash was Lat 26.0 °N, Lon 133.5 °E.

Based upon the visible-light intensity-time signature, peak brightness of the flash
was determined to be approximately 4.91e+10 watts/steradian, and total radiated flash
energy 6.11e+10 joules (6000K blackbody model).

Intensity-time signature of the event and integrated intensity are depicted on the
plots below.

Columns: time, intensity (w/sr)
Intensity=[(-0.297, -1.83e+08),
           (-0.294, -4.57e+08),
           (-0.290,  1.33e+07),
           (-0.287, -1.54e+07),
           (-0.283,  5.75e+08),
           (-0.280, -6.36e+08),
           (-0.277,  5.45e+08),
           (-0.273,  7.97e+08),
           (-0.270,  1.41e+09),
           (-0.267,  3.07e+08),
           (-0.263,  2.84e+07),
           (-0.260, -3.49e+08),
           (-0.257, -7.97e+08),
           (-0.253,  7.89e+08),
           (-0.250,  9.62e+08),
           (-0.246,  1.94e+09),
           (-0.243,  6.25e+08),
           (-0.240, -3.26e+08),
           (-0.236,  1.43e+09),
           (-0.233,  1.32e+09),
           (-0.230,  8.78e+08),
           (-0.226,  2.43e+08),
           (-0.223,  4.18e+08),
           (-0.219,  2.47e+09),
           (-0.216, -1.31e+08),
           (-0.213,  1.35e+09),
           (-0.209,  5.02e+08),
           (-0.206,  3.80e+08),
           (-0.202, -2.97e+07),
           (-0.199,  2.02e+08),
           (-0.196,  7.36e+08),
           (-0.192,  3.07e+08),
           (-0.189,  1.66e+08),
           (-0.186,  3.85e+08),
           (-0.182,  1.17e+09),
           (-0.179, -6.47e+07),
           (-0.176,  5.72e+07),
           (-0.172,  1.26e+08),
           (-0.169, -2.43e+07),
           (-0.165, -1.37e+09),
           (-0.162, -8.87e+08),
           (-0.159, -5.07e+08),
           (-0.155,  6.13e+08),
           (-0.152, -1.04e+09),
           (-0.149, -1.90e+09),
           (-0.145,  1.31e+09),
           (-0.142,  2.35e+09),
           (-0.138,  3.53e+08),
           (-0.135,  1.37e+09),
           (-0.132,  2.75e+09),
           (-0.128,  3.72e+09),
           (-0.125,  2.91e+09),
           (-0.121,  5.55e+08),
           (-0.118,  4.25e+08),
           (-0.115,  1.15e+09),
           (-0.111,  1.80e+09),
           (-0.108,  1.79e+09),
           (-0.105,  2.64e+07),
           (-0.101,  9.34e+08),
           (-0.098,  3.00e+09),
           (-0.094,  1.74e+09),
           (-0.091,  5.02e+09),
           (-0.088,  7.80e+08),
           (-0.084,  1.04e+09),
           (-0.078,  1.78e+09),
           (-0.074,  1.78e+09),
           (-0.071,  2.84e+09),
           (-0.068,  6.30e+08),
           (-0.064, -1.37e+09),
           (-0.061,  9.81e+08),
           (-0.057,  9.35e+08),
           (-0.054,  5.14e+08),
           (-0.051,  8.11e+08),
           (-0.047,  1.51e+09),
           (-0.044,  1.57e+08),
           (-0.040, -5.99e+07),
           (-0.037,  1.89e+09),
           (-0.034,  8.60e+08),
           (-0.030,  3.53e+08),
           (-0.027, -4.49e+08),
           (-0.024,  8.47e+08),
           (-0.020,  1.39e+09),
           (-0.017, -6.20e+06),
           (-0.013,  1.08e+09),
           (-0.010,  2.92e+09),
           (-0.007,  4.59e+09),
           (-0.003,  8.56e+09),
           (-0.000,  1.05e+10),
           ( 0.003,  1.29e+10),
           ( 0.007,  1.56e+10),
           ( 0.010,  1.54e+10),
           ( 0.013,  1.70e+10),
           ( 0.017,  1.68e+10),
           ( 0.020,  1.90e+10),
           ( 0.024,  2.26e+10),
           ( 0.027,  2.48e+10),
           ( 0.034,  1.58e+10),
           ( 0.037,  1.51e+10),
           ( 0.040,  1.47e+10),
           ( 0.044,  1.51e+10),
           ( 0.047,  1.27e+10),
           ( 0.051,  1.01e+10),
           ( 0.054,  1.03e+10),
           ( 0.057,  8.47e+09),
           ( 0.061,  8.78e+09),
           ( 0.064,  1.22e+10),
           ( 0.074,  3.69e+10),
           ( 0.078,  4.73e+10),
           ( 0.081,  4.91e+10),
           ( 0.084,  4.42e+10),
           ( 0.088,  4.13e+10),
           ( 0.091,  3.74e+10),
           ( 0.094,  3.15e+10),
           ( 0.098,  2.50e+10),
           ( 0.105,  1.98e+10),
           ( 0.108,  1.77e+10),
           ( 0.111,  1.76e+10),
           ( 0.115,  1.81e+10),
           ( 0.118,  1.83e+10),
           ( 0.121,  1.83e+10),
           ( 0.125,  1.80e+10),
           ( 0.128,  1.93e+10),
           ( 0.132,  1.98e+10),
           ( 0.135,  1.87e+10),
           ( 0.138,  1.66e+10),
           ( 0.142,  1.40e+10),
           ( 0.145,  1.58e+10),
           ( 0.149,  1.73e+10),
           ( 0.152,  1.95e+10),
           ( 0.155,  1.84e+10),
           ( 0.159,  1.61e+10),
           ( 0.165,  1.59e+10),
           ( 0.169,  1.46e+10),
           ( 0.172,  1.37e+10),
           ( 0.176,  1.32e+10),
           ( 0.179,  1.34e+10),
           ( 0.182,  1.33e+10),
           ( 0.186,  1.39e+10),
           ( 0.189,  1.24e+10),
           ( 0.192,  1.35e+10),
           ( 0.196,  1.38e+10),
           ( 0.199,  1.02e+10),
           ( 0.202,  1.05e+10),
           ( 0.206,  1.07e+10),
           ( 0.209,  9.17e+09),
           ( 0.213,  9.99e+09),
           ( 0.216,  9.63e+09),
           ( 0.219,  1.12e+10),
           ( 0.223,  9.61e+09),
           ( 0.226,  7.75e+09),
           ( 0.230,  8.39e+09),
           ( 0.233,  1.03e+10),
           ( 0.236,  8.52e+09),
           ( 0.240,  6.54e+09),
           ( 0.243,  5.79e+09),
           ( 0.246,  7.16e+09),
           ( 0.250,  5.59e+09),
           ( 0.253,  4.75e+09),
           ( 0.257,  5.04e+09),
           ( 0.260,  5.13e+09),
           ( 0.263,  2.22e+09),
           ( 0.267,  2.15e+09),
           ( 0.270,  4.36e+09),
           ( 0.273,  4.18e+09),
           ( 0.277,  6.28e+09),
           ( 0.280,  4.64e+09),
           ( 0.283,  5.52e+09),
           ( 0.287,  2.02e+09),
           ( 0.290,  2.09e+09),
           ( 0.294,  3.26e+09),
           ( 0.297,  3.65e+09),
           ( 0.300,  1.94e+09),
           ( 0.304,  1.47e+09),
           ( 0.307, -1.47e+08),
           ( 0.310,  4.83e+08),
           ( 0.314,  2.60e+09),
           ( 0.317,  1.74e+09),
           ( 0.321,  2.17e+09),
           ( 0.324,  1.87e+09),
           ( 0.327,  5.25e+08),
           ( 0.331,  7.51e+08),
           ( 0.334,  2.07e+08),
           ( 0.338,  1.47e+09),
           ( 0.341,  3.80e+06),
           ( 0.344,  9.41e+08),
           ( 0.348,  1.41e+09),
           ( 0.351,  7.04e+08),
           ( 0.354,  4.25e+08),
           ( 0.358,  2.50e+09),
           ( 0.361, -3.29e+08),
           ( 0.364,  1.14e+09),
           ( 0.368,  7.72e+08),
           ( 0.371,  4.85e+08),
           ( 0.375,  1.03e+09),
           ( 0.378,  6.86e+08),
           ( 0.381, -1.93e+07),
           ( 0.385, -8.52e+08),
           ( 0.388, -1.87e+09),
           ( 0.391, -1.80e+09),
           ( 0.395, -3.54e+08),
           ( 0.398, -2.10e+08),
           ( 0.402, -1.03e+09),
           ( 0.405, -1.11e+09),
           ( 0.408, -2.40e+09),
           ( 0.412, -4.71e+08),
           ( 0.415, -7.89e+08),
           ( 0.419, -1.81e+09),
           ( 0.422, -1.95e+09),
           ( 0.425, -1.79e+09),
           ( 0.429, -1.82e+09),
           ( 0.432, -1.21e+09),
           ( 0.435,  6.18e+08),
           ( 0.439, -2.12e+08),
           ( 0.442, -7.76e+08),
           ( 0.446, -7.72e+08),
           ( 0.449, -1.04e+09),
           ( 0.452,  2.18e+08),
           ( 0.456, -1.90e+09),
           ( 0.459, -1.46e+09),
           ( 0.462, -1.46e+08),
           ( 0.466, -3.32e+08),
           ( 0.469, -8.70e+08),
           ( 0.472, -6.14e+08),
           ( 0.476,  1.98e+08),
           ( 0.479,  1.15e+09),
           ( 0.483,  7.43e+08),
           ( 0.486, -6.66e+08),
           ( 0.489, -5.05e+08),
           ( 0.493,  5.11e+08),
           ( 0.496, -2.65e+08),
           ( 0.500, -1.51e+09),
           ( 0.503, -1.21e+09),
           ( 0.506, -2.31e+08),
           ( 0.510, -9.08e+08),
           ( 0.513, -1.17e+09),
           ( 0.516, -1.50e+08),
           ( 0.520, -7.56e+08),
           ( 0.523,  6.94e+08),
           ( 0.527, -1.20e+09),
           ( 0.530, -1.34e+09),
           ( 0.533, -1.27e+09),
           ( 0.537, -2.27e+09),
           ( 0.540, -1.06e+09),
           ( 0.543, -1.01e+09),
           ( 0.547, -1.72e+09),
           ( 0.550, -2.87e+09),
           ( 0.553, -2.24e+09),
           ( 0.557, -3.49e+09),
           ( 0.560, -5.81e+08),
           ( 0.564, -1.59e+09),
           ( 0.567, -1.65e+09),
           ( 0.570, -8.44e+08),
           ( 0.574, -2.39e+09),
           ( 0.577, -3.16e+09),
           ( 0.580, -3.54e+09),
           ( 0.587, -1.42e+08),
           ( 0.591, -1.18e+09),
           ( 0.594,  1.91e+08),
           ( 0.597, -5.74e+08),
           ( 0.601, -3.64e+08),
           ( 0.604,  1.68e+08),
           ( 0.608, -6.02e+08),
           ( 0.611, -1.98e+09),
           ( 0.614, -6.68e+08),
           ( 0.618, -7.08e+08),
           ( 0.621, -3.11e+09),
           ( 0.624, -9.26e+08),
           ( 0.628, -3.03e+07),
           ( 0.631,  2.44e+08),
           ( 0.634, -1.10e+09),
           ( 0.638, -2.01e+09),
           ( 0.638, -2.01e+09)]
