Bolide Detection Notification: 2020-086

At 23:27:56 UT on 26 Mar 2020, sensors aboard U. S. Government satellites recorded
the flash signature of a large meteoroid entry into the atmosphere. Location of the
flash was Lat 38.3 °S, Lon 23.5 °E.

Based upon the visible-light intensity-time signature, peak brightness of the flash
was determined to be approximately 3.08e+10 watts/steradian, and total radiated flash
energy 1.17e+11 joules (6000K blackbody model).

Intensity-time signature of the event and integrated intensity are depicted on the
plots below.

Columns: time, intensity (w/sr)
Intensity=[(-0.553,  4.55e+08),
           (-0.550,  1.06e+09),
           (-0.543, -3.41e+08),
           (-0.540, -6.71e+07),
           (-0.537, -3.93e+08),
           (-0.533, -4.46e+08),
           (-0.530,  1.52e+08),
           (-0.527, -1.17e+09),
           (-0.523,  1.05e+09),
           (-0.516,  1.39e+09),
           (-0.513, -1.15e+09),
           (-0.510, -8.56e+08),
           (-0.506,  7.83e+08),
           (-0.503,  1.83e+09),
           (-0.499, -1.25e+08),
           (-0.496, -9.62e+08),
           (-0.493,  1.24e+09),
           (-0.489,  1.78e+08),
           (-0.486, -3.04e+08),
           (-0.483,  9.20e+08),
           (-0.479, -1.35e+08),
           (-0.476,  8.04e+07),
           (-0.473,  8.83e+07),
           (-0.469,  1.12e+09),
           (-0.466,  1.15e+09),
           (-0.462,  1.31e+09),
           (-0.459,  5.78e+08),
           (-0.456,  8.92e+08),
           (-0.452,  1.49e+09),
           (-0.449,  6.73e+08),
           (-0.445, -7.99e+08),
           (-0.442,  1.35e+09),
           (-0.439,  6.97e+08),
           (-0.435, -7.67e+08),
           (-0.432,  1.07e+09),
           (-0.429,  9.36e+08),
           (-0.425,  2.53e+09),
           (-0.422,  3.28e+08),
           (-0.419, -1.72e+08),
           (-0.415,  6.10e+08),
           (-0.412, -7.23e+08),
           (-0.408,  1.80e+08),
           (-0.405,  6.29e+08),
           (-0.402,  9.14e+08),
           (-0.398, -1.82e+08),
           (-0.395,  2.12e+08),
           (-0.391, -4.15e+08),
           (-0.388,  1.49e+08),
           (-0.385, -6.27e+08),
           (-0.378,  1.03e+09),
           (-0.375,  8.13e+08),
           (-0.371, -8.35e+08),
           (-0.368,  6.30e+08),
           (-0.365, -7.40e+08),
           (-0.361,  1.87e+09),
           (-0.358,  1.68e+09),
           (-0.354, -7.32e+08),
           (-0.351, -8.21e+08),
           (-0.348,  3.48e+08),
           (-0.344, -6.51e+08),
           (-0.341,  8.13e+08),
           (-0.337, -4.43e+07),
           (-0.334, -9.82e+07),
           (-0.331,  1.19e+09),
           (-0.327,  2.84e+09),
           (-0.324, -1.32e+08),
           (-0.321, -8.95e+07),
           (-0.317,  1.57e+09),
           (-0.314,  4.21e+08),
           (-0.311,  1.58e+09),
           (-0.307,  7.80e+08),
           (-0.304,  1.52e+09),
           (-0.300,  1.41e+09),
           (-0.297,  1.25e+09),
           (-0.294,  1.56e+09),
           (-0.290,  3.28e+09),
           (-0.283,  1.04e+06),
           (-0.280,  1.17e+09),
           (-0.277,  2.09e+09),
           (-0.273,  2.16e+09),
           (-0.270,  6.06e+08),
           (-0.267, -1.38e+09),
           (-0.263,  2.13e+09),
           (-0.260,  3.20e+09),
           (-0.257,  8.60e+08),
           (-0.253,  6.41e+08),
           (-0.250,  5.47e+08),
           (-0.246,  1.03e+09),
           (-0.243,  7.40e+08),
           (-0.240,  1.51e+09),
           (-0.236,  1.18e+09),
           (-0.229,  9.68e+08),
           (-0.226,  1.29e+09),
           (-0.223,  5.92e+08),
           (-0.219,  1.82e+08),
           (-0.216,  9.25e+08),
           (-0.213,  1.25e+09),
           (-0.209, -1.01e+08),
           (-0.206,  2.16e+08),
           (-0.202,  3.73e+08),
           (-0.199,  1.07e+09),
           (-0.196,  9.86e+08),
           (-0.192,  8.68e+08),
           (-0.189, -9.98e+08),
           (-0.186,  2.46e+09),
           (-0.182,  2.66e+09),
           (-0.179,  8.63e+08),
           (-0.176,  5.99e+08),
           (-0.172, -2.72e+08),
           (-0.169,  1.92e+09),
           (-0.165,  3.68e+08),
           (-0.162,  1.20e+09),
           (-0.159,  1.41e+09),
           (-0.155,  1.82e+09),
           (-0.152, -1.59e+09),
           (-0.148,  1.08e+09),
           (-0.145,  1.54e+09),
           (-0.142,  9.83e+08),
           (-0.138, -6.75e+08),
           (-0.135,  1.63e+09),
           (-0.132,  1.24e+09),
           (-0.128,  1.09e+08),
           (-0.125,  5.10e+08),
           (-0.122, -2.33e+07),
           (-0.115,  1.14e+09),
           (-0.108,  3.56e+08),
           (-0.105,  2.64e+09),
           (-0.101,  4.89e+08),
           (-0.098,  9.71e+08),
           (-0.094,  2.07e+08),
           (-0.091,  1.11e+09),
           (-0.084,  9.82e+08),
           (-0.081,  1.14e+09),
           (-0.078, -9.50e+08),
           (-0.074,  8.50e+08),
           (-0.071,  6.86e+07),
           (-0.068,  1.26e+09),
           (-0.064,  1.97e+09),
           (-0.061,  2.69e+07),
           (-0.057,  2.09e+09),
           (-0.051,  2.51e+09),
           (-0.047,  3.19e+09),
           (-0.044,  5.11e+09),
           (-0.040,  3.23e+09),
           (-0.037,  5.13e+09),
           (-0.034,  5.58e+09),
           (-0.027,  2.80e+09),
           (-0.024,  5.01e+09),
           (-0.020,  5.97e+09),
           (-0.017,  5.03e+09),
           (-0.014,  3.81e+09),
           (-0.010,  2.86e+09),
           (-0.007,  3.49e+09),
           (-0.003,  6.52e+09),
           ( 0.000,  4.86e+09),
           ( 0.003,  4.67e+09),
           ( 0.007,  5.75e+09),
           ( 0.010,  5.56e+09),
           ( 0.014,  5.23e+09),
           ( 0.017,  8.42e+09),
           ( 0.020,  5.79e+09),
           ( 0.024,  4.98e+09),
           ( 0.027,  5.33e+09),
           ( 0.030,  4.69e+09),
           ( 0.034,  3.56e+09),
           ( 0.037,  5.91e+09),
           ( 0.040,  6.29e+09),
           ( 0.044,  3.37e+09),
           ( 0.047,  3.67e+09),
           ( 0.051,  5.21e+09),
           ( 0.057,  3.55e+09),
           ( 0.064,  4.17e+09),
           ( 0.068,  3.97e+09),
           ( 0.071,  4.61e+09),
           ( 0.074,  4.00e+09),
           ( 0.078,  4.26e+09),
           ( 0.081,  3.28e+09),
           ( 0.084,  3.01e+09),
           ( 0.088,  4.58e+09),
           ( 0.091,  3.45e+09),
           ( 0.094,  3.69e+09),
           ( 0.098,  2.91e+09),
           ( 0.101,  3.44e+09),
           ( 0.105,  3.49e+09),
           ( 0.108,  2.83e+09),
           ( 0.111,  3.49e+09),
           ( 0.115,  2.37e+09),
           ( 0.118,  4.23e+09),
           ( 0.122,  5.30e+09),
           ( 0.125,  9.16e+09),
           ( 0.132,  1.03e+10),
           ( 0.135,  1.22e+10),
           ( 0.138,  1.25e+10),
           ( 0.142,  9.24e+09),
           ( 0.145,  1.05e+10),
           ( 0.148,  9.66e+09),
           ( 0.152,  6.80e+09),
           ( 0.159,  8.00e+09),
           ( 0.162,  9.57e+09),
           ( 0.165,  9.53e+09),
           ( 0.169,  6.99e+09),
           ( 0.172,  6.12e+09),
           ( 0.175,  8.21e+09),
           ( 0.179,  5.35e+09),
           ( 0.182,  6.85e+09),
           ( 0.186,  5.69e+09),
           ( 0.189,  5.99e+09),
           ( 0.192,  6.85e+09),
           ( 0.196,  9.27e+09),
           ( 0.199,  1.04e+10),
           ( 0.203,  1.12e+10),
           ( 0.206,  1.06e+10),
           ( 0.209,  1.15e+10),
           ( 0.213,  1.30e+10),
           ( 0.216,  1.22e+10),
           ( 0.219,  1.07e+10),
           ( 0.223,  1.04e+10),
           ( 0.226,  1.03e+10),
           ( 0.229,  1.15e+10),
           ( 0.233,  1.14e+10),
           ( 0.236,  1.07e+10),
           ( 0.240,  1.06e+10),
           ( 0.243,  1.03e+10),
           ( 0.246,  1.32e+10),
           ( 0.253,  9.80e+09),
           ( 0.257,  9.49e+09),
           ( 0.260,  1.05e+10),
           ( 0.263,  9.05e+09),
           ( 0.267,  8.90e+09),
           ( 0.270,  1.01e+10),
           ( 0.273,  9.51e+09),
           ( 0.277,  8.81e+09),
           ( 0.280,  9.25e+09),
           ( 0.283,  8.47e+09),
           ( 0.287,  9.56e+09),
           ( 0.290,  9.73e+09),
           ( 0.294,  8.06e+09),
           ( 0.297,  8.55e+09),
           ( 0.300,  8.49e+09),
           ( 0.304,  7.76e+09),
           ( 0.311,  9.67e+09),
           ( 0.314,  6.81e+09),
           ( 0.317,  6.78e+09),
           ( 0.324,  9.74e+09),
           ( 0.327,  1.17e+10),
           ( 0.331,  1.17e+10),
           ( 0.334,  8.71e+09),
           ( 0.337,  6.88e+09),
           ( 0.341,  8.77e+09),
           ( 0.344,  8.70e+09),
           ( 0.348,  1.17e+10),
           ( 0.351,  1.06e+10),
           ( 0.354,  9.18e+09),
           ( 0.358,  1.33e+10),
           ( 0.361,  1.18e+10),
           ( 0.365,  9.44e+09),
           ( 0.368,  7.65e+09),
           ( 0.371,  8.25e+09),
           ( 0.375,  8.54e+09),
           ( 0.378,  6.57e+09),
           ( 0.381,  8.53e+09),
           ( 0.385,  6.95e+09),
           ( 0.388,  6.69e+09),
           ( 0.391,  7.04e+09),
           ( 0.395,  8.14e+09),
           ( 0.398,  6.65e+09),
           ( 0.402,  7.48e+09),
           ( 0.405,  5.74e+09),
           ( 0.408,  8.09e+09),
           ( 0.412,  7.94e+09),
           ( 0.415,  5.88e+09),
           ( 0.419,  5.25e+09),
           ( 0.422,  3.59e+09),
           ( 0.425,  3.83e+09),
           ( 0.429,  4.83e+09),
           ( 0.432,  2.95e+09),
           ( 0.435,  5.33e+09),
           ( 0.439,  3.91e+09),
           ( 0.442,  4.50e+09),
           ( 0.445,  5.57e+09),
           ( 0.449,  3.95e+09),
           ( 0.452,  6.68e+09),
           ( 0.456,  6.32e+09),
           ( 0.459,  4.78e+09),
           ( 0.462,  5.07e+09),
           ( 0.466,  9.80e+09),
           ( 0.469,  7.38e+09),
           ( 0.473,  9.86e+09),
           ( 0.476,  1.31e+10),
           ( 0.479,  1.56e+10),
           ( 0.483,  1.61e+10),
           ( 0.486,  1.01e+10),
           ( 0.489,  9.25e+09),
           ( 0.493,  6.90e+09),
           ( 0.496,  6.79e+09),
           ( 0.499,  4.52e+09),
           ( 0.503,  6.28e+09),
           ( 0.506,  5.07e+09),
           ( 0.510,  4.84e+09),
           ( 0.513,  4.56e+09),
           ( 0.516,  4.62e+09),
           ( 0.520,  6.07e+09),
           ( 0.523,  4.12e+09),
           ( 0.527,  4.66e+09),
           ( 0.530,  4.83e+09),
           ( 0.533,  5.75e+09),
           ( 0.537,  5.01e+09),
           ( 0.540,  5.26e+09),
           ( 0.543,  4.26e+09),
           ( 0.547,  3.77e+09),
           ( 0.550,  1.61e+09),
           ( 0.554,  3.20e+09),
           ( 0.557,  4.08e+09),
           ( 0.560,  3.27e+09),
           ( 0.564,  2.69e+09),
           ( 0.567,  6.72e+09),
           ( 0.570,  4.85e+09),
           ( 0.574,  6.03e+09),
           ( 0.577,  6.49e+09),
           ( 0.580,  6.83e+09),
           ( 0.584,  5.06e+09),
           ( 0.587,  5.08e+09),
           ( 0.591,  6.40e+09),
           ( 0.594,  6.41e+09),
           ( 0.597,  8.06e+09),
           ( 0.601,  7.07e+09),
           ( 0.604,  7.26e+09),
           ( 0.608,  7.89e+09),
           ( 0.611,  9.22e+09),
           ( 0.614,  1.12e+10),
           ( 0.618,  1.21e+10),
           ( 0.621,  1.26e+10),
           ( 0.624,  1.50e+10),
           ( 0.628,  1.99e+10),
           ( 0.634,  2.19e+10),
           ( 0.638,  2.40e+10),
           ( 0.641,  2.46e+10),
           ( 0.645,  2.77e+10),
           ( 0.648,  2.64e+10),
           ( 0.651,  2.60e+10),
           ( 0.655,  2.54e+10),
           ( 0.658,  2.11e+10),
           ( 0.662,  1.95e+10),
           ( 0.665,  2.09e+10),
           ( 0.668,  2.52e+10),
           ( 0.672,  2.51e+10),
           ( 0.675,  2.55e+10),
           ( 0.678,  2.37e+10),
           ( 0.682,  2.43e+10),
           ( 0.685,  2.71e+10),
           ( 0.688,  3.08e+10),
           ( 0.692,  3.07e+10),
           ( 0.695,  2.91e+10),
           ( 0.699,  2.56e+10),
           ( 0.702,  2.63e+10),
           ( 0.705,  2.65e+10),
           ( 0.709,  2.48e+10),
           ( 0.712,  2.24e+10),
           ( 0.716,  2.47e+10),
           ( 0.719,  2.55e+10),
           ( 0.722,  2.27e+10),
           ( 0.726,  2.17e+10),
           ( 0.729,  1.95e+10),
           ( 0.732,  2.05e+10),
           ( 0.736,  1.95e+10),
           ( 0.739,  1.80e+10),
           ( 0.742,  1.62e+10),
           ( 0.746,  1.65e+10),
           ( 0.749,  1.57e+10),
           ( 0.753,  1.63e+10),
           ( 0.756,  1.56e+10),
           ( 0.759,  1.57e+10),
           ( 0.763,  1.57e+10),
           ( 0.766,  1.46e+10),
           ( 0.770,  1.23e+10),
           ( 0.773,  1.23e+10),
           ( 0.776,  1.26e+10),
           ( 0.780,  1.11e+10),
           ( 0.783,  1.00e+10),
           ( 0.786,  1.13e+10),
           ( 0.790,  1.19e+10),
           ( 0.793,  1.02e+10),
           ( 0.796,  9.36e+09),
           ( 0.800,  7.63e+09),
           ( 0.803,  7.23e+09),
           ( 0.807,  8.75e+09),
           ( 0.810,  7.62e+09),
           ( 0.813,  8.72e+09),
           ( 0.817,  7.88e+09),
           ( 0.820,  8.06e+09),
           ( 0.824,  6.26e+09),
           ( 0.827,  5.90e+09),
           ( 0.830,  4.83e+09),
           ( 0.834,  4.67e+09),
           ( 0.837,  4.67e+09),
           ( 0.840,  3.90e+09),
           ( 0.844,  5.06e+09),
           ( 0.847,  4.52e+09),
           ( 0.854,  2.81e+09),
           ( 0.857,  2.74e+09),
           ( 0.861,  3.81e+09),
           ( 0.864,  3.69e+09),
           ( 0.867,  2.37e+09),
           ( 0.871,  2.18e+09),
           ( 0.874,  3.83e+09),
           ( 0.878,  1.12e+09),
           ( 0.881,  4.21e+09),
           ( 0.888,  1.02e+09),
           ( 0.891,  9.46e+08),
           ( 0.894,  1.24e+09),
           ( 0.898,  1.08e+09),
           ( 0.901,  1.49e+09),
           ( 0.904,  2.63e+07),
           ( 0.908,  1.75e+09),
           ( 0.911,  1.25e+08),
           ( 0.915,  7.91e+08),
           ( 0.918,  1.16e+09),
           ( 0.921,  1.63e+09),
           ( 0.925,  1.46e+09),
           ( 0.928,  4.04e+08),
           ( 0.931,  2.44e+09),
           ( 0.935,  9.00e+08),
           ( 0.938,  2.64e+09),
           ( 0.945,  9.22e+08),
           ( 0.948,  2.20e+09),
           ( 0.952,  1.54e+09),
           ( 0.955,  5.89e+08),
           ( 0.959,  4.36e+08),
           ( 0.962,  1.11e+09),
           ( 0.965,  1.19e+09),
           ( 0.969,  1.31e+09),
           ( 0.972,  3.51e+09),
           ( 0.975,  1.14e+09),
           ( 0.979,  1.05e+09),
           ( 0.982,  7.77e+08),
           ( 0.985,  1.12e+09),
           ( 0.989,  2.36e+09),
           ( 0.992, -1.12e+09),
           ( 0.996, -2.70e+08),
           ( 0.999,  9.65e+08),
           ( 1.002,  1.35e+09),
           ( 1.006,  1.20e+09),
           ( 1.009,  5.07e+08),
           ( 1.013,  2.86e+08),
           ( 1.016, -7.13e+08),
           ( 1.019,  7.51e+08),
           ( 1.023,  1.03e+09),
           ( 1.026,  4.24e+08),
           ( 1.029,  2.39e+09),
           ( 1.033,  1.62e+09),
           ( 1.036,  1.27e+07),
           ( 1.039,  3.31e+08),
           ( 1.043, -6.11e+08),
           ( 1.046, -7.55e+08),
           ( 1.050, -1.56e+09),
           ( 1.053, -2.04e+08),
           ( 1.056, -1.73e+09),
           ( 1.060,  8.50e+08),
           ( 1.063,  9.95e+08),
           ( 1.067,  9.63e+08),
           ( 1.073, -2.91e+09),
           ( 1.077, -1.05e+09),
           ( 1.080, -8.30e+08),
           ( 1.083, -5.22e+08),
           ( 1.087, -1.35e+09),
           ( 1.090, -1.83e+09),
           ( 1.093, -1.78e+09),
           ( 1.097, -2.40e+09),
           ( 1.100, -3.69e+08),
           ( 1.104, -2.14e+09),
           ( 1.107, -1.92e+09),
           ( 1.110, -6.45e+08),
           ( 1.114, -2.44e+09),
           ( 1.117,  2.58e+08),
           ( 1.121,  2.28e+09),
           ( 1.124,  1.85e+09),
           ( 1.127, -1.52e+09),
           ( 1.134, -4.03e+08),
           ( 1.137, -1.55e+09),
           ( 1.141, -1.27e+09),
           ( 1.144, -1.47e+09),
           ( 1.147,  5.39e+08),
           ( 1.151, -1.72e+09),
           ( 1.154, -2.04e+09),
           ( 1.158, -9.81e+08),
           ( 1.161, -1.51e+09),
           ( 1.164, -1.37e+09),
           ( 1.168,  1.53e+08),
           ( 1.171,  1.20e+09),
           ( 1.175, -1.08e+09),
           ( 1.178,  3.22e+08),
           ( 1.181, -2.13e+08),
           ( 1.185, -1.06e+09),
           ( 1.188, -9.16e+08),
           ( 1.191,  9.34e+08),
           ( 1.198,  8.20e+08),
           ( 1.201,  6.48e+08),
           ( 1.205,  5.82e+08),
           ( 1.208,  6.72e+08),
           ( 1.212,  8.16e+08),
           ( 1.215, -9.47e+08),
           ( 1.218, -1.64e+09),
           ( 1.222, -2.33e+07),
           ( 1.225,  5.99e+08),
           ( 1.229,  2.03e+09),
           ( 1.232,  1.66e+09),
           ( 1.235, -1.10e+08),
           ( 1.239,  9.45e+08),
           ( 1.242, -4.20e+08),
           ( 1.245, -9.56e+08),
           ( 1.249,  1.27e+09),
           ( 1.252, -3.83e+07),
           ( 1.255, -8.01e+08),
           ( 1.259,  4.91e+07),
           ( 1.262,  1.82e+09),
           ( 1.266,  9.05e+08),
           ( 1.269,  5.59e+08),
           ( 1.272,  1.39e+08),
           ( 1.279, -1.33e+09),
           ( 1.283, -3.80e+08),
           ( 1.286,  1.53e+07),
           ( 1.289,  1.79e+08),
           ( 1.293, -9.03e+08),
           ( 1.296, -1.08e+09),
           ( 1.299, -2.28e+09),
           ( 1.303, -1.36e+09),
           ( 1.306, -1.65e+09),
           ( 1.309, -7.46e+08),
           ( 1.320, -3.48e+08),
           ( 1.323,  3.91e+08),
           ( 1.326, -9.84e+08),
           ( 1.330, -1.97e+08),
           ( 1.333, -6.11e+08),
           ( 1.336, -6.96e+08),
           ( 1.340, -2.17e+09),
           ( 1.343,  4.73e+08),
           ( 1.347,  2.24e+08),
           ( 1.350, -4.03e+08),
           ( 1.353,  3.96e+08),
           ( 1.357,  4.39e+08),
           ( 1.360,  1.07e+09),
           ( 1.364,  1.02e+09),
           ( 1.367, -3.55e+08),
           ( 1.370,  5.35e+08),
           ( 1.374,  1.09e+09),
           ( 1.377,  1.02e+09),
           ( 1.380,  3.64e+08),
           ( 1.384, -2.67e+09),
           ( 1.387, -1.76e+09),
           ( 1.390, -1.32e+09),
           ( 1.394, -1.06e+09),
           ( 1.397, -3.35e+08),
           ( 1.401, -7.68e+08),
           ( 1.404, -5.92e+08),
           ( 1.407, -1.43e+08),
           ( 1.411, -1.12e+09),
           ( 1.418, -1.53e+08),
           ( 1.421, -4.11e+08),
           ( 1.424, -2.21e+09),
           ( 1.431, -3.70e+08),
           ( 1.434, -1.31e+09),
           ( 1.438, -2.83e+09),
           ( 1.441,  1.45e+09),
           ( 1.444, -3.24e+08),
           ( 1.448, -3.53e+08),
           ( 1.451, -1.07e+09),
           ( 1.455,  4.83e+08),
           ( 1.458, -6.28e+08),
           ( 1.461, -1.30e+09),
           ( 1.465,  6.86e+08),
           ( 1.468,  1.56e+09),
           ( 1.472, -4.82e+08),
           ( 1.475,  1.66e+07),
           ( 1.478, -1.59e+08),
           ( 1.482, -7.80e+07),
           ( 1.485, -7.13e+08),
           ( 1.488,  7.38e+08),
           ( 1.492,  1.44e+08),
           ( 1.495,  1.71e+09),
           ( 1.498, -7.61e+07),
           ( 1.502,  7.42e+08),
           ( 1.505,  4.73e+08),
           ( 1.509, -1.58e+08),
           ( 1.515,  1.85e+09),
           ( 1.519, -1.16e+09),
           ( 1.522, -1.40e+09),
           ( 1.526, -1.94e+09),
           ( 1.532, -5.40e+08),
           ( 1.536, -1.88e+08),
           ( 1.539, -3.42e+08),
           ( 1.542,  1.33e+07),
           ( 1.546, -1.47e+09),
           ( 1.552,  2.47e+09),
           ( 1.556, -6.19e+08),
           ( 1.559,  1.01e+09),
           ( 1.563,  5.51e+08),
           ( 1.566, -1.25e+09),
           ( 1.569,  2.18e+06),
           ( 1.573, -8.44e+07),
           ( 1.573, -8.44e+07)]
