# USG input file for WMPL MetSim
# The code reads this as a Python module, so make sure there are no syntax errors

### ###

# Event name: ATLAS fireball

# Reference point:
# ----------------

# UT time ("YYYY-MM-DD HH:MM:SS.sss")
time = "2010-12-25 23:24:00"

# Latitude (+N, deg)
lat = 38.0

# Longitude (+E, deg)
lon = 158.0

# Height (km)
ht = 26.0


# Radiant (ground-fixed):
# ----------------

# Azimuth (+E of due N, deg)
azimuth = 147.20

# Entry angle (from horizon, deg)
entry_angle = 60.89

# Velocity (km/s)
v = 18.55


# USG/CNEOS light curve:
# ----------------

# Bolometric power of a zero magnitude meteor (W):
P_0m_bolo = 3030

# - Rel. Time (s), Intensity (W/ster)
usg_intensity_data = [
( 0.000, 2.11e+10),
( 0.003, 2.51e+10),
( 0.007, 3.14e+10),
( 0.010, 2.33e+10),
( 0.014, 2.59e+10),
( 0.017, 3.23e+10),
( 0.020, 2.63e+10),
( 0.024, 3.39e+10),
( 0.027, 4.19e+10),
( 0.030, 3.90e+10),
( 0.034, 3.75e+10),
( 0.037, 4.68e+10),
( 0.041, 4.96e+10),
( 0.044, 3.82e+10),
( 0.047, 4.82e+10),
( 0.051, 5.92e+10),
( 0.054, 4.49e+10),
( 0.057, 5.38e+10),
( 0.061, 5.92e+10),
( 0.064, 6.26e+10),
( 0.068, 6.33e+10),
( 0.071, 5.08e+10),
( 0.074, 4.49e+10),
( 0.078, 6.06e+10),
( 0.081, 5.57e+10),
( 0.084, 4.63e+10),
( 0.088, 4.46e+10),
( 0.091, 5.53e+10),
( 0.094, 5.26e+10),
( 0.098, 6.36e+10),
( 0.101, 6.85e+10),
( 0.105, 6.87e+10),
( 0.108, 7.28e+10),
( 0.111, 6.66e+10),
( 0.115, 6.53e+10),
( 0.118, 6.19e+10),
( 0.121, 7.02e+10),
( 0.125, 7.22e+10),
( 0.128, 6.75e+10),
( 0.132, 7.78e+10),
( 0.135, 8.53e+10),
( 0.138, 7.15e+10),
( 0.142, 8.72e+10),
( 0.145, 8.72e+10),
( 0.149, 8.10e+10),
( 0.152, 7.69e+10),
( 0.155, 9.53e+10),
( 0.159, 9.52e+10),
( 0.162, 8.95e+10),
( 0.165, 1.21e+11),
( 0.169, 1.24e+11),
( 0.172, 1.13e+11),
( 0.176, 1.04e+11),
( 0.179, 9.21e+10),
( 0.182, 9.17e+10),
( 0.186, 9.59e+10),
( 0.189, 9.99e+10),
( 0.192, 1.01e+11),
( 0.196, 9.31e+10),
( 0.199, 1.07e+11),
( 0.203, 9.29e+10),
( 0.206, 9.66e+10),
( 0.209, 1.05e+11),
( 0.213, 1.03e+11),
( 0.216, 1.15e+11),
( 0.219, 1.07e+11),
( 0.223, 9.81e+10),
( 0.226, 1.00e+11),
( 0.229, 1.02e+11),
( 0.233, 1.07e+11),
( 0.236, 9.94e+10),
( 0.240, 9.07e+10),
( 0.243, 1.00e+11),
( 0.246, 1.09e+11),
( 0.250, 1.31e+11),
( 0.253, 1.37e+11),
( 0.256, 1.32e+11),
( 0.260, 1.27e+11),
( 0.263, 1.33e+11),
( 0.267, 1.38e+11),
( 0.270, 1.45e+11),
( 0.273, 1.35e+11),
( 0.277, 1.31e+11),
( 0.280, 1.30e+11),
( 0.284, 1.56e+11),
( 0.287, 1.56e+11),
( 0.290, 1.65e+11),
( 0.294, 1.36e+11),
( 0.297, 1.77e+11),
( 0.300, 1.74e+11),
( 0.304, 1.50e+11),
( 0.307, 1.43e+11),
( 0.311, 1.62e+11),
( 0.314, 1.51e+11),
( 0.317, 1.81e+11),
( 0.321, 1.57e+11),
( 0.324, 1.50e+11),
( 0.327, 1.39e+11),
( 0.331, 1.33e+11),
( 0.334, 1.25e+11),
( 0.338, 1.43e+11),
( 0.341, 1.56e+11),
( 0.344, 1.56e+11),
( 0.348, 1.56e+11),
( 0.351, 1.37e+11),
( 0.354, 9.86e+10),
( 0.358, 1.15e+11),
( 0.361, 1.37e+11),
( 0.364, 1.86e+11),
( 0.368, 2.01e+11),
( 0.371, 1.98e+11),
( 0.375, 2.02e+11),
( 0.378, 2.01e+11),
( 0.381, 2.18e+11),
( 0.385, 1.94e+11),
( 0.388, 2.05e+11),
( 0.391, 2.17e+11),
( 0.395, 2.03e+11),
( 0.398, 2.22e+11),
( 0.402, 2.20e+11),
( 0.405, 2.00e+11),
( 0.408, 2.18e+11),
( 0.412, 1.89e+11),
( 0.415, 1.59e+11),
( 0.419, 1.68e+11),
( 0.422, 2.16e+11),
( 0.425, 2.47e+11),
( 0.429, 2.49e+11),
( 0.432, 2.20e+11),
( 0.435, 2.23e+11),
( 0.439, 2.10e+11),
( 0.442, 1.97e+11),
( 0.446, 2.78e+11),
( 0.449, 2.44e+11),
( 0.452, 1.97e+11),
( 0.456, 1.96e+11),
( 0.459, 1.64e+11),
( 0.462, 2.02e+11),
( 0.466, 2.26e+11),
( 0.469, 2.14e+11),
( 0.473, 2.30e+11),
( 0.476, 2.40e+11),
( 0.479, 2.25e+11),
( 0.483, 2.29e+11),
( 0.486, 2.86e+11),
( 0.489, 3.28e+11),
( 0.493, 3.21e+11),
( 0.496, 3.31e+11),
( 0.499, 3.54e+11),
( 0.503, 3.51e+11),
( 0.506, 3.11e+11),
( 0.510, 3.41e+11),
( 0.513, 3.60e+11),
( 0.516, 3.53e+11),
( 0.520, 4.01e+11),
( 0.523, 4.79e+11),
( 0.526, 4.80e+11),
( 0.530, 4.29e+11),
( 0.533, 4.51e+11),
( 0.537, 4.59e+11),
( 0.540, 4.43e+11),
( 0.543, 4.08e+11),
( 0.547, 3.63e+11),
( 0.550, 4.01e+11),
( 0.554, 4.03e+11),
( 0.557, 3.72e+11),
( 0.560, 3.96e+11),
( 0.564, 3.85e+11),
( 0.567, 3.46e+11),
( 0.570, 3.97e+11),
( 0.574, 6.47e+11),
( 0.577, 7.04e+11),
( 0.581, 6.14e+11),
( 0.584, 5.58e+11),
( 0.587, 4.71e+11),
( 0.591, 4.67e+11),
( 0.594, 7.00e+11),
( 0.597, 6.40e+11),
( 0.601, 5.84e+11),
( 0.604, 7.90e+11),
( 0.607, 7.34e+11),
( 0.611, 7.47e+11),
( 0.614, 7.59e+11),
( 0.618, 7.31e+11),
( 0.621, 7.21e+11),
( 0.624, 7.39e+11),
( 0.628, 7.79e+11),
( 0.631, 7.53e+11),
( 0.634, 7.32e+11),
( 0.638, 6.85e+11),
( 0.641, 6.76e+11),
( 0.645, 7.20e+11),
( 0.648, 6.79e+11),
( 0.651, 6.45e+11),
( 0.655, 6.99e+11),
( 0.658, 7.23e+11),
( 0.661, 7.22e+11),
( 0.665, 6.78e+11),
( 0.668, 6.80e+11),
( 0.672, 7.11e+11),
( 0.675, 6.52e+11),
( 0.678, 6.20e+11),
( 0.682, 6.06e+11),
( 0.685, 7.16e+11),
( 0.689, 7.20e+11),
( 0.692, 7.82e+11),
( 0.695, 7.28e+11),
( 0.699, 7.41e+11),
( 0.702, 7.98e+11),
( 0.705, 7.93e+11),
( 0.709, 7.76e+11),
( 0.712, 7.55e+11),
( 0.716, 7.66e+11),
( 0.719, 7.76e+11),
( 0.722, 7.83e+11),
( 0.726, 7.82e+11),
( 0.729, 7.88e+11),
( 0.732, 7.82e+11),
( 0.736, 8.00e+11),
( 0.739, 7.69e+11),
( 0.743, 7.79e+11),
( 0.746, 8.14e+11),
( 0.749, 8.07e+11),
( 0.753, 8.00e+11),
( 0.756, 8.15e+11),
( 0.759, 8.28e+11),
( 0.763, 8.82e+11),
( 0.766, 9.32e+11),
( 0.769, 9.25e+11),
( 0.773, 8.56e+11),
( 0.776, 8.52e+11),
( 0.780, 9.44e+11),
( 0.783, 8.78e+11),
( 0.786, 9.13e+11),
( 0.790, 9.51e+11),
( 0.793, 9.73e+11),
( 0.796, 1.11e+12),
( 0.800, 1.20e+12),
( 0.803, 1.18e+12),
( 0.807, 1.13e+12),
( 0.810, 1.15e+12),
( 0.813, 1.22e+12),
( 0.817, 1.28e+12),
( 0.820, 1.27e+12),
( 0.824, 1.34e+12),
( 0.827, 1.36e+12),
( 0.830, 1.38e+12),
( 0.834, 1.45e+12),
( 0.837, 1.50e+12),
( 0.840, 1.54e+12),
( 0.844, 1.50e+12),
( 0.847, 1.55e+12),
( 0.851, 1.58e+12),
( 0.854, 1.72e+12),
( 0.857, 1.76e+12),
( 0.861, 1.71e+12),
( 0.864, 1.63e+12),
( 0.867, 1.82e+12),
( 0.871, 2.07e+12),
( 0.874, 2.04e+12),
( 0.878, 2.05e+12),
( 0.881, 2.09e+12),
( 0.884, 2.27e+12),
( 0.888, 2.25e+12),
( 0.891, 2.30e+12),
( 0.894, 2.50e+12),
( 0.898, 2.65e+12),
( 0.901, 2.73e+12),
( 0.904, 2.77e+12),
( 0.908, 2.81e+12),
( 0.911, 2.88e+12),
( 0.915, 2.94e+12),
( 0.918, 2.97e+12),
( 0.921, 3.00e+12),
( 0.925, 3.04e+12),
( 0.928, 3.05e+12),
( 0.931, 3.04e+12),
( 0.935, 3.04e+12),
( 0.938, 3.02e+12),
( 0.942, 3.06e+12),
( 0.945, 3.15e+12),
( 0.948, 3.27e+12),
( 0.952, 3.27e+12),
( 0.955, 3.25e+12),
( 0.959, 3.19e+12),
( 0.962, 3.19e+12),
( 0.965, 3.13e+12),
( 0.969, 3.07e+12),
( 0.972, 3.07e+12),
( 0.975, 3.10e+12),
( 0.979, 3.07e+12),
( 0.982, 3.01e+12),
( 0.986, 2.95e+12),
( 0.989, 2.87e+12),
( 0.992, 2.82e+12),
( 0.996, 2.83e+12),
( 0.999, 2.70e+12),
( 1.002, 2.58e+12),
( 1.006, 2.50e+12),
( 1.009, 2.44e+12),
( 1.013, 2.38e+12),
( 1.016, 2.30e+12),
( 1.019, 2.22e+12),
( 1.023, 2.25e+12),
( 1.026, 2.25e+12),
( 1.029, 2.16e+12),
( 1.033, 2.10e+12),
( 1.036, 2.13e+12),
( 1.039, 2.16e+12),
( 1.043, 2.16e+12),
( 1.046, 2.08e+12),
( 1.050, 1.96e+12),
( 1.053, 1.88e+12),
( 1.056, 1.82e+12),
( 1.060, 1.77e+12),
( 1.063, 1.73e+12),
( 1.066, 1.72e+12),
( 1.070, 1.72e+12),
( 1.073, 1.75e+12),
( 1.077, 1.75e+12),
( 1.080, 1.70e+12),
( 1.083, 1.69e+12),
( 1.087, 1.64e+12),
( 1.090, 1.63e+12),
( 1.094, 1.66e+12),
( 1.097, 1.65e+12),
( 1.100, 1.65e+12),
( 1.104, 1.62e+12),
( 1.107, 1.55e+12),
( 1.110, 1.55e+12),
( 1.114, 1.60e+12),
( 1.117, 1.66e+12),
( 1.121, 1.68e+12),
( 1.124, 1.67e+12),
( 1.127, 1.64e+12),
( 1.131, 1.59e+12),
( 1.134, 1.55e+12),
( 1.137, 1.50e+12),
( 1.141, 1.48e+12),
( 1.144, 1.47e+12),
( 1.147, 1.55e+12),
( 1.151, 1.65e+12),
( 1.154, 1.61e+12),
( 1.158, 1.58e+12),
( 1.161, 1.51e+12),
( 1.164, 1.45e+12),
( 1.168, 1.39e+12),
( 1.171, 1.35e+12),
( 1.174, 1.32e+12)]
